BoardTime,EEG_Ch1,EEG_Ch2,EEG_Ch3,EEG_Ch4,Label
1761185122.7773235,-3.8446171544492245,-30.670919536612928,-22.09532893821597,-14.608049226924777,nothing
1761185122.7773235,29.133820654824376,2.4384147711098194,-1.4959599822759628,7.2254867143929005,nothing
1761185122.7917912,-23.191119625233114,-44.25049627572298,-16.83328970056027,-27.00207768008113,nothing
1761185122.7917912,25.958645592443645,21.39222774654627,11.735806060954928,32.2005386184901,nothing
1761185122.7924678,39.15301263611764,25.80156979430467,26.57572908513248,40.24506342317909,nothing
1761185122.7924678,-25.01993070356548,-26.384994187392294,-15.397168117575347,-13.078430145047605,nothing
1761185122.8060398,-4.02413235232234,-6.05115812830627,-1.286525584757328,3.661362056620419,nothing
1761185122.8060398,26.055882991291583,37.37282025720924,14.166741032153368,37.223224258981645,nothing
1761185122.8217485,-10.935467470437288,-15.213913019746542,-6.567264322191477,-16.54905730392784,nothing
1761185122.8217485,-25.842708693817258,-20.348795658908784,-21.67272024322301,-6.8627164186909795,nothing
1761185122.8224473,35.77588297612965,23.609988420270383,5.778145431540906,28.55787606164813,nothing
1761185122.8224473,21.418407046236098,2.172881874255836,-1.5857175812125206,4.794551743194461,nothing
1761185122.8360236,-34.57537509035319,-23.112581726163626,-25.857668293640018,-16.362062306143343,nothing
1761185122.8360236,11.219699867069721,17.528911092318594,-2.82362446654588,14.47341282851994,nothing
1761185122.8517623,25.105948402546346,23.460392422042787,6.705640620552003,26.672966483980417,nothing
1761185122.8517623,-27.480784874409437,-20.771404353901744,-25.4200999988243,-16.8594690002501,nothing
1761185122.852484,2.0756444754078984,12.820377048105001,-5.134882639162242,14.428534029051661,nothing
1761185122.852484,33.206571706570685,26.9758983803913,5.325617536902428,25.7903500944376,nothing
1761185122.8660612,-21.859715241007507,-9.159014991484582,-16.605155803263187,-21.478245445527136,nothing
1761185122.8660612,-28.5316967619583,-20.651727555319667,-26.710365483537316,-10.86440937127918,nothing
1761185122.8818517,43.670811782591045,44.34025387465954,12.8951750472188,47.11899954173714,nothing
1761185122.8818517,8.706487096846104,12.790457848459482,-0.643262792378664,14.600569427013397,nothing
1761185122.882436,-27.263870676979423,-8.575590598396957,-19.65317426715046,-7.461100411601365,nothing
1761185122.882436,34.34350129310042,42.72835699375719,14.353736029937863,54.45668325480074,nothing
1761185122.896103,36.381746768951416,45.712797158397734,9.850896483287215,42.058914901688695,nothing
1761185122.896103,-7.206787214614451,4.472920347005129,-15.475706016644835,0.8227779902517796,nothing
1761185122.9119282,5.751966131851077,25.618314696475863,-0.4113889951258898,27.7163985716179,nothing
1761185122.9119282,44.93863786756992,50.563447400927544,26.96467868052423,56.3976913318038,nothing
1761185122.9124613,0.2169141974300146,1.653035780414939,-7.045971516519785,10.03041168116033,nothing
1761185122.9124613,-11.960200058296323,-2.905902265571058,-13.26916504278779,6.092297027818859,nothing
1761185122.9260013,34.818468587473035,42.103793701156974,11.724586361087859,49.84912650939077,nothing
1761185122.9260013,23.31827622372657,29.00292415637523,0.05983839929103851,27.218991877511144,nothing
1761185122.9417596,-26.044663291424513,-11.100023068487644,-33.632920301519334,-0.28049249667674303,nothing
1761185122.9417596,32.15939971897751,44.96855706721544,4.543978446163237,57.306487021036446,nothing
1761185122.9424987,39.95709112659097,41.80460170470178,5.063824540004134,38.18811844754964,nothing
1761185122.9424987,-19.503578268922865,-3.653882256709039,-29.466671750880778,4.745933043770492,nothing
1761185122.9560316,16.46677950490266,35.600107678212225,3.579084257595241,39.7588764289394,nothing
1761185122.9560316,49.79302801005542,67.53885329980403,20.92848015204072,59.6214850936085,nothing
1761185122.9718442,-0.28049249667674303,11.358076165430248,-8.377375900745392,11.948980358429253,nothing
1761185122.9718442,-16.291004206985235,7.610696409828961,-20.09074256196618,9.188934191130102,nothing
1761185122.9725473,43.48381678480655,57.52340121846646,4.854390142485499,52.73632927518338,nothing
1761185122.9725473,10.180007679387927,17.73460558988154,-15.225132719613612,-5.879122730344534,nothing
1761185122.986035,-22.727372030727565,-0.7778991907835007,-30.19221234228462,-8.945840694010258,nothing
1761185122.986035,24.784317006357014,41.1314197126776,1.2566063851118088,40.6489726183936,nothing
1761185123.0018494,24.15601381380111,39.38488643337041,-0.8003385905176401,18.359168882481754,nothing
1761185123.0018494,-20.244078460149467,-2.9507810650393367,-25.584655596874654,-8.87852249480784,nothing
1761185123.002454,-12.569803751073778,9.959353582002223,-27.940792568959296,7.154428615234792,nothing
1761185123.002454,40.009449725970626,57.85999221447855,15.471966116689146,38.65934584196657,nothing
1761185123.0160985,-8.541931498795748,15.32237011846155,-13.792751036584377,-2.296298572793603,nothing
1761185123.0160985,-24.638460908085108,3.1190765630453825,-17.32321659475565,0.23561369720846415,nothing
1761185123.0317483,37.41395915672183,33.7189380005002,12.584763350896537,39.33252783399075,nothing
1761185123.0317483,-0.7367602912709117,10.987826069816947,-4.914228541776538,-4.0054328525438905,nothing
1761185123.0324917,-34.407079592347145,-11.526371663436294,-20.015944562852383,-7.977206605486572,nothing
1761185123.0324917,17.28581759519875,44.56838777195662,3.418268559500575,41.92427850328386,nothing
1761185123.046086,25.427579798735678,37.34290105756372,2.01954597607255,21.72881874255836,nothing
1761185123.046086,-20.625548255629838,-17.110042297281325,-28.793489758856595,-20.53579065669328,nothing
1761185123.0617816,-7.285325113683939,9.117876091971993,-5.265779137611389,10.03041168116033,nothing
1761185123.0617816,40.880846415646374,60.70231618080288,22.14020773768425,36.905332762748,nothing
1761185123.062456,-14.009665234014392,-0.6133435927331448,-18.796737177297473,-12.266871854662895,nothing
1761185123.062456,-31.609634425491095,-10.46424007602036,-28.10908806696534,-18.53120428044349,nothing
1761185123.0761108,31.306702529080212,47.07786064222455,0.927495189011097,36.856714063324034,nothing
1761185123.0761108,13.373882241547108,19.858868764713407,-0.7292804913595319,-3.7623393554240465,nothing
1761185123.0920372,-26.646787184290588,-3.1527356626465917,-22.342162335291505,-15.752458613365889,nothing
1761185123.0920372,11.889141959138215,34.425779092125595,-11.743285860866308,11.530111563391984,nothing
1761185123.0925655,20.99205845128745,36.48646396771073,0.5983839929103851,18.55364368017763,nothing
1761185123.0925655,-30.1248941430822,-14.46219312865287,-15.797337412834167,-21.930773340165615,nothing
1761185123.1063137,5.23212003801018,21.433366646058857,-6.623362821526825,6.223193526268005,nothing
1761185123.1063137,35.4243323802948,40.76490951701999,6.066117728129029,26.280276988632977,nothing
1761185123.1218653,-16.309703706763685,-7.513459010981023,-14.817483624443412,-14.293897630646825,nothing
1761185123.1218653,-19.193166572600603,-12.719399749301374,-18.359168882481754,-9.63024238590151,nothing
1761185123.122539,42.7620160933584,45.686617858707905,14.185440531931818,40.93694491498172,nothing
1761185123.122539,1.9784070765599608,10.329603677615523,-6.088557127863169,8.149242003448308,nothing
1761185123.1360576,-35.630026877857745,-13.66185453813523,-39.35870713368058,-18.606002279557288,nothing
1761185123.1360576,12.921354346908629,32.09208151977509,-0.5273258937522769,18.16095418483019,nothing
1761185123.15184,26.063362791202962,37.197044959291816,11.122462468221784,26.96467868052423,nothing
1761185123.15184,-18.89023467618972,-10.539038075134158,-11.028964969329536,-14.002185434103012,nothing
1761185123.1524832,-10.168787979520857,-2.5169526701793075,-10.348303177393973,2.3075182726606727,nothing
1761185123.1524832,36.19101187121123,39.86359362769872,6.268072325736284,30.6447402369231,nothing
1761185123.1660788,-5.980100029148161,0.5123662939295173,-21.257591348141432,-24.051296615041792,nothing
1761185123.1660788,-17.76826468948275,3.8820161540061235,-34.87830698676407,-20.374974958598614,nothing
1761185123.181733,27.521923773922026,37.47005765605718,13.740392437204719,46.490696349181235,nothing
1761185123.181733,13.456160040572286,3.3285109605640173,13.69177373778075,31.168326230719686,nothing
1761185123.1824827,-36.75199686456472,-30.19221234228462,-27.177852977998555,0.9162754891440272,nothing
1761185123.1824827,7.0609311163425446,9.562924186699092,7.120769515633583,30.94393223337829,nothing
1761185123.196175,13.201846843585372,10.666194673627615,15.412127717398107,33.87601379863918,nothing
1761185123.196175,-36.25085027050227,-38.079661348834634,-27.181592877954245,-13.987225834280252,nothing
1761185123.211815,-9.26747209019959,-3.2013543620705605,-16.178807208314538,27.73135817144066,nothing
1761185123.211815,14.301377430558205,14.49211232829839,5.7744055315852165,26.882400881499052,nothing
1761185123.2125747,-27.40224697533995,-23.235998424701393,-29.982777944765985,-0.725540591403842,nothing
1761185123.2125747,-37.597214254550636,-30.58864173758775,-29.889280445873737,-1.6268564807251096,nothing
1761185123.2260957,24.14479411393404,16.896867999807,-0.3777298955246806,40.798568616621196,nothing
1761185123.2260957,3.388349359855056,-20.827502853237092,-25.098468602634966,-5.710827232338488,nothing
1761185123.2417543,-33.5356829026714,-40.94068481493741,-29.537729850038886,-17.536390892229974,nothing
1761185123.2417543,12.311750654131174,11.948980358429253,-0.8414774900302291,32.18183911871165,nothing
1761185123.2424603,4.760892643593252,-3.4107887595891953,-15.999292010441422,5.146102339029312,nothing
1761185123.2424603,-28.54665636178106,-46.67395144701004,-46.54305494856089,-31.80036932323128,nothing
1761185123.2561684,-4.499099646694958,-12.779238148592412,-27.70143897179514,6.211973826400936,nothing
1761185123.2561684,35.34205458126962,13.602016138844192,8.534451698884368,26.54580988548696,nothing
1761185123.2719393,-19.484878769144416,-31.991104220971465,-21.882154640741646,-21.874674840830266,nothing
1761185123.2719393,-12.345409753732383,-25.71929199527949,-35.03538278490305,2.864763366058469,nothing
1761185123.2725081,34.97180448565632,18.377868382260203,5.938961129635572,45.16303186491132,nothing
1761185123.2725081,-0.2505732970312238,-6.234413226135075,-14.51081182807684,9.64520198572427,nothing
1761185123.2860577,-37.4625778561458,-45.89979215618223,-39.54570213146508,-14.787564424797893,nothing
1761185123.2860577,10.08651018049568,16.694913402199745,-3.6912812562659383,33.46462480351329,nothing
1761185123.3018131,9.394628688693047,7.767772207967937,0.523585993796587,24.043816815130413,nothing
1761185123.3018131,-29.73594454769045,-32.70168521255255,-29.272196953184903,-17.098822597414255,nothing
1761185123.3024428,0.7891188906505704,-11.373035765253007,-22.042970338836312,9.604063086211681,nothing
1761185123.3024428,44.28415537532419,27.506964174099267,4.394382447935641,38.6855251416564,nothing
1761185123.3161733,-12.566063851118088,-30.020176944322884,-31.228164630010724,-10.531558275222778,nothing
1761185123.3161733,-24.664640207774937,-23.209819125011563,-32.17061941884458,-2.094343975186348,nothing
1761185123.331774,26.18303958978504,35.962877973914146,6.948734117671847,57.1381915230304,nothing
1761185123.331774,2.6328895688056946,2.494513270445168,-0.44130819477140903,22.60769523214549,nothing
1761185123.3324757,-33.614220801740885,-34.47065789159387,-46.82354744523764,-7.371342812664807,nothing
1761185123.3324757,28.13900726661086,37.07736816070974,-3.668841856531799,45.60434005968273,nothing
1761185123.3461304,22.08784913830459,27.880954169668257,5.041385140269995,40.095467424951494,nothing
1761185123.3461304,-18.86779527645558,-9.64520198572427,-27.290049976669252,6.481246623210609,nothing
1761185123.3619208,16.95670639909804,20.9359599519521,-24.12983451411128,25.607094996608794,nothing
1761185123.3619208,48.61121962405741,45.664178458973765,17.405494393780828,58.48829540703446,nothing
1761185123.3625107,-14.196660231798887,-4.274705649353564,-18.97625237517059,7.951027305796742,nothing
1761185123.3625107,-9.884555582888424,-0.8190380902960896,-26.482231586240232,22.368341634981334,nothing
1761185123.3761766,26.699145783670247,36.7594766644761,3.814697954803705,41.3146748105064,nothing
1761185123.3761766,19.993505163118243,19.017391274683177,-11.163601367734373,27.43590607494116,nothing
1761185123.3917565,-24.21211231313646,-14.608049226924777,-40.95190451480448,2.8273643665015697,nothing
1761185123.3917565,18.011358186602592,43.36787988618016,-8.46713349968195,46.483216549269855,nothing
1761185123.392584,24.58984220866114,29.552689449861646,7.977206605486572,23.69226621929556,nothing
1761185123.392584,-22.98916502762586,-21.059376650489867,-31.03742973227054,2.5057329703122377,nothing
1761185123.406145,16.93800689931959,38.464871044270694,-20.015944562852383,43.304301586933434,nothing
1761185123.406145,40.34230082202703,37.11476716026664,9.592843386344612,51.37500569131225,nothing
1761185123.4217396,-12.255652154795825,-4.308364748954773,-19.907487464137375,7.992166205309331,nothing
1761185123.4217396,-12.835336647927761,3.5566448578611016,-32.24915731791407,10.348303177393973,nothing
1761185123.4224875,40.9444247148931,47.14517884142697,3.059238163754344,57.4710426190868,nothing
1761185123.4224875,-6.615883021615446,4.966587141156197,-16.05913040973246,4.300884949043393,nothing
1761185123.4361591,-21.878414740785956,-14.260238531045616,-39.48960363212973,0.6208233926445246,nothing
1761185123.4361591,25.40514039900154,42.417945297434926,-3.8072181548923254,55.27572134509683,nothing
1761185123.451838,10.06781068071723,32.780223111622036,1.290265484713018,31.127187331207097,nothing
1761185123.451838,-20.778884153813124,-16.44808000512421,-28.853328158147633,-14.720246225595474,nothing
1761185123.45247,11.885402059182525,19.578376268036664,-10.198707179166377,25.73051169514656,nothing
1761185123.45247,43.293081887066364,40.413358921185136,8.717706796713173,44.26545587554574,nothing
1761185123.466089,-25.846448593772948,-17.132481697015464,-37.197044959291816,-12.251912254840136,nothing
1761185123.466089,-9.955613682046533,3.500546358525753,-29.601308149285614,23.73340511880815,nothing
1761185123.4821396,30.57368213776499,36.09377447236329,-1.3388841841369867,42.100053801201284,nothing
1761185123.4821396,-7.341423613019288,1.9260484771803021,-24.9376529045403,1.0770911872386932,nothing
1761185123.4967995,-43.84284718055278,-28.015590568073094,-44.037321978248656,-23.595028820447624,nothing
1761185123.4967995,11.739545960910618,26.295236588455737,-6.574744122102857,28.94682565703988,nothing
1761185123.4974253,13.168187743984163,19.439999969676137,-8.803724495694041,22.267364336177707,nothing
1761185123.4974253,-37.81038855202496,-30.24083104170859,-46.445817549712956,-23.40803382266313,nothing
1761185123.511744,8.83364369533956,16.89312809985131,-25.072289302945137,23.034043827094138,nothing
1761185123.511744,41.81208150461316,46.77866864576936,12.233212755061686,45.286448563449085,nothing
1761185123.5125127,-27.177852977998555,-24.1971527133137,-35.11766058392823,-2.5206925701349974,nothing
1761185123.5125127,-19.428780269809067,-2.251419773325324,-37.49249705579132,4.00917275249958,nothing
1761185123.5261128,34.06674869637936,54.85685255005956,4.192427850328386,62.75552125647664,nothing
1761185123.5261128,5.591150433756411,9.746179284527898,-14.858622523956,5.392935736104846,nothing
1761185123.5417876,-28.22128506563604,-17.28955749515444,-31.908826421946287,-8.42973450012505,nothing
1761185123.5417876,19.623255067504942,38.64064634218812,-3.938114653341472,37.81412845198065,nothing
1761185123.5426073,33.169172707013786,35.659946077503264,11.64230856206268,39.37740663345903,nothing
1761185123.5426073,-23.501531321555376,-11.425394364632666,-29.02536355610937,-9.918214682489634,nothing
1761185123.5560396,10.726033072918653,24.473905310034752,-12.794197748415172,45.92223155591637,nothing
1761185123.5560396,34.73993068840355,36.30694876983762,1.6380761805921793,22.042970338836312,nothing
1761185123.5717728,-23.40429392270744,-16.95670639909804,-21.3810080466792,-20.689126554876566,nothing
1761185123.5717728,-9.622762585990131,-7.434921111911535,-29.492851050570607,3.825917654670775,nothing
1761185123.57247,37.15216615982354,35.28595608193427,11.406694864854217,34.10414769593626,nothing
1761185123.57247,-0.6657021921128035,2.81240476667881,-12.184594055637717,5.841723730787635,nothing
1761185123.5860155,-34.354720992967486,-23.78576371818781,-35.222377782687545,-11.515151963569224,nothing
1761185123.5860155,33.41974600404501,46.64777214732021,16.94548669923097,53.1364985704422,nothing
1761185123.6017897,15.135375120677054,27.652820272371173,14.92220082320273,13.134528644382954,nothing
1761185123.6017897,-30.364247740246356,-17.69720659032464,-30.401646739803255,-19.174467072822154,nothing
1761185123.6024592,9.622762585990131,17.985178886912763,-4.091450551524758,30.54376293811947,nothing
1761185123.6024592,36.22841087076813,46.77492874581367,13.542177739553154,45.73897645808756,nothing
1761185123.6160505,-22.1963062370196,-21.844755641184747,-27.74631777126342,-21.68020004313439,nothing
1761185123.6160505,-3.736160055734217,-11.541331263259053,-33.49080410320312,4.914228541776538,nothing
1761185123.6317933,41.33711421024054,45.56694106012583,8.351196601055562,42.38428619783372,nothing
1761185123.6317933,8.624209297820926,10.711073473095894,0.9200153890997171,3.6875413563102484,nothing
1761185123.632438,-24.52252400945872,-6.952474017627537,-29.37317425198853,1.3388841841369867,nothing
1761185123.632438,30.300669440999627,35.46921117976308,13.845109635964036,38.70422464143485,nothing
1761185123.6460345,12.311750654131174,9.993012681603432,4.304624848999083,16.14140820875764,nothing
1761185123.6460345,-22.345902235247195,-23.022824127227068,-29.82570214662701,-19.129588273353875,nothing
1761185123.6617544,24.855375105515122,27.892173869535327,0.11593689862638712,29.904240045696497,nothing
1761185123.6617544,27.091835279017687,38.96975753828883,11.952720258384943,32.70542511250824,nothing
1761185123.6624837,-14.439753728918731,-22.293543635867536,-23.41177372261882,-17.551350492052734,nothing
1761185123.6624837,-21.26507114805281,-16.369542106054723,-33.31876870524138,-14.757645225152373,nothing
1761185123.6761708,32.746564012020826,33.37486720457673,8.927141194231808,26.362554787658155,nothing
1761185123.6761708,-1.731573679484427,-15.075536721386015,-18.340469382703304,-11.911581358872354,nothing
1761185123.691816,-20.229118860326707,-14.327556730248034,-20.659207355231047,-3.1265563629567623,nothing
1761185123.691816,31.590934925712645,32.009803720749915,9.106656392104924,35.9441784741357,nothing
1761185123.6924155,24.720738707110286,23.247218124568462,6.537345122545958,18.000138486735523,nothing
1761185123.6924155,-49.88652550894767,-53.98171596042812,-48.82439392153174,-70.27646006736904,nothing
1761185123.7061613,24.4926048098132,25.248064600862563,16.13392840884626,13.766571736894548,nothing
1761185123.7061613,82.32641772460192,32.9410388097167,43.39405918586999,27.054436279460788,nothing
1761185123.721877,23.060223126783967,-39.594320830889046,14.237799131311476,-51.45728349033743,nothing
1761185123.721877,52.39225847925991,-42.414205397479236,35.43555208016187,-52.19030388165265,nothing
1761185123.7224357,121.77488245721906,-2.0419853758066893,90.10914953239262,-54.31456705648452,nothing
1761185123.7224357,103.3446554755792,-80.36671014782041,92.26333190687001,-93.66579439025372,nothing
1761185123.736015,116.88309331517667,-79.1138436626643,82.14690252672881,-125.25672931596637,nothing
1761185123.736015,177.0468639023602,-67.5500729996711,139.45712944772094,-89.29385134205222,nothing
1761185123.7517383,184.85577500984073,-89.44718724023551,151.95587509963661,-132.5083953300491,nothing
1761185123.7517383,162.2219004780054,-124.43395132571459,108.33742191642523,-206.10588655807078,nothing
1761185123.7525053,211.6970369918272,-88.4149748524651,150.8488647127524,-162.34531717654318,nothing
1761185123.7525053,246.35468988120556,-98.75953812990338,189.5343898544088,-168.96867999807,nothing
1761185123.7668552,-1328.2105096634477,-1228.8469776907004,601.6975442711264,24.064386264886707,nothing
1761185123.7674775,-1315.3489937158301,-1219.130717605818,607.6552049005404,25.848318543750793,nothing
1761185123.7674775,-1274.946854494512,-1199.268108941149,646.1425153445452,67.37990755168721,nothing
1761185123.7811708,-1298.104315020144,-1232.6953347451054,632.8995296014473,-11.311327415984124,nothing
1761185123.7811708,-1320.1585050588474,-1258.6016217381693,603.2271633530036,-31.914436271879822,nothing
1761185123.7967165,-1279.0532646458596,-1217.6422374234535,638.9282483300194,24.602931858506054,nothing
1761185123.7967165,-1278.3277240544558,-1235.0477318172343,635.7231540679932,-9.44511733809486,nothing
1761185123.79752,-1324.867039103061,-1269.4061927101575,598.0100029148161,-48.06706418050453,nothing
1761185123.79752,-1295.9987513450906,-1243.746739114169,619.1890563638881,-29.827572096604854,nothing
1761185123.8110526,-1257.0364736067131,-1208.385985033121,643.3151509780437,16.34523275634274,nothing
1761185123.8110526,-1337.0291937589645,-1263.8487013760023,597.3891795221716,-60.5658098324202,nothing
1761185123.826866,-1332.6235916111618,-1248.8517025536858,594.4944969564676,-30.36237779026851,nothing
1761185123.826866,-1276.225900279358,-1195.9470777804963,628.9389755483717,24.606671758461744,nothing
1761185123.8274417,-1326.8342264797539,-1232.8898095428012,591.341761293821,-22.934936478268355,nothing
1761185123.8274417,-1349.2998055135831,-1234.2511331266724,565.2821384025738,-17.96834933711216,nothing
1761185123.8411567,-1309.8438609810546,-1183.3772740294226,587.1044546440244,45.21726041426882,nothing
1761185123.8411567,-1344.2060617739335,-1196.3098480761983,577.1338813621551,27.18346282793209,nothing
1761185123.8567734,-1403.3824987728149,-1224.015026947949,529.3080407287925,9.411458238493651,nothing
1761185123.8567734,-1370.3741417638958,-1181.3278088537045,538.0893258247524,48.88610227080062,nothing
1761185123.8575523,-1355.945607734844,-1158.4097019252367,544.776266945526,71.98746429709718,nothing
1761185123.8575523,-1414.826592637226,-1212.305400186684,512.3849934292957,37.10167751042172,nothing
1761185123.8710575,-1416.8124795136973,-1187.4313255813904,501.73375835549086,69.61636772518978,nothing
1761185123.8710575,-1373.8223295230418,-1129.6461313660257,525.9533504685387,103.92620991868898,nothing
1761185123.8868349,-1429.78245256003,-1177.752464496065,495.1141354339197,67.18917265394703,nothing
1761185123.8868349,-1452.1358345951885,-1176.0582898161374,475.0682716714218,88.49538270151243,nothing
1761185123.887492,-1415.8288858253509,-1134.9231302035041,492.65702116303146,116.2977989721112,nothing
1761185123.887492,-1418.2710404964164,-1126.6242922018282,512.9235390229151,132.8206769763492,nothing
1761185123.9010565,-1478.386192384176,-1167.355542619247,453.82937982305884,92.987002548296,nothing
1761185123.9010565,-1454.8023832635954,-1133.7338420175947,453.7358823241666,127.40530184051022,nothing
1761185123.916707,-1403.4311174722388,-1110.3370278947987,494.1230619456619,146.0861021191813,nothing
1761185123.916707,-1473.079274347052,-1165.8034841376357,443.75034944247454,108.90401675971225,nothing
1761185123.917493,-1491.6553574269637,-1148.2334341458045,437.86000701226294,119.19248153781518,nothing
1761185123.917493,-1427.901282882318,-1087.1833072691225,478.57255792990327,180.79985350789502,nothing
1761185123.9310248,-1471.2168041691184,-1147.6799289523624,442.0524348625913,119.79460543068126,nothing
1761185123.9310248,-1500.2683470249176,-1154.1462159757502,421.9055938012898,130.40844150492921,nothing
1761185123.9631803,-1442.9244610043243,-1086.9215142722242,466.5226002726704,188.1113579212688,nothing
1761185123.9631803,-1480.5403747586533,-1127.506908591371,441.89161916449666,141.44114637421444,nothing
1761185123.963874,-1492.339759118855,-1131.9648693385534,436.52860262803733,147.91865309746936,nothing
1761185123.963874,-1474.7771889269352,-1103.205038679298,429.34051491320133,182.1088184923865,nothing
1761185123.9646647,-1452.0385971963406,-1080.5262853479944,445.4744433220476,185.49716785224155,nothing
1761185123.9646647,-1495.7243685787544,-1118.8041613944806,429.658406409435,159.2056711637415,nothing
1761185123.9654148,-1514.4537875568494,-1141.46047532605,402.4207150321454,140.18827988905832,nothing
1761185123.9654148,-1455.1838530590758,-1065.708801723551,451.8472328465432,202.521192450542,nothing
1761185123.97606,-1501.5810519093648,-1125.5846000141464,428.85058801900595,158.23329717526212,nothing
1761185123.97606,-1536.8894473910332,-1150.361437220592,394.68660192377865,151.46781815541908,nothing
1761185124.0076067,-1475.4690704187378,-1078.7124338694848,445.9568904163316,219.76587114622816,nothing
1761185124.0076067,-1492.1191050214693,-1105.6509332503192,416.4229004662484,165.33910709107295,nothing
1761185124.008327,-1525.3032373283058,-1122.3533264524303,401.0070328488946,160.17430525226519,nothing
1761185124.008327,-1496.0011211754754,-1067.156143006403,423.7231851797551,220.4540127380751,nothing
1761185124.0090568,-1486.8308864841238,-1087.321683567483,425.7202917560935,192.19906857283786,nothing
1761185124.0090568,-1521.1930872770026,-1120.6591517725028,418.2704110443592,176.11375886341557,nothing
1761185124.0210967,-1532.6184816416353,-1123.3780590402894,399.9710805611685,182.29955339012668,nothing
1761185124.0210967,-1486.7635682849213,-1066.5801984132268,433.48806396406144,229.82246212707832,nothing
1761185124.0368128,-1514.0685778614134,-1093.0848693992011,417.4513729540631,194.8469177414663,nothing
1761185124.0368128,-1554.8559267781675,-1120.2028839779086,379.19967620726675,169.3632394433953,nothing
1761185124.037574,-1490.3276929426938,-1057.5745193199255,431.3151820898056,242.91959177190438,nothing
1761185124.037574,-1529.245091881603,-1092.15737421019,410.0388912418857,202.8877026461996,nothing
1761185124.051116,-1563.9102245708928,-1114.0657081506215,380.09351229667664,182.90541718294844,nothing
1761185124.051116,-1531.1187817594036,-1071.5430456544273,400.7901186514646,226.70712546398863,nothing
1761185124.0668476,-1513.3355574700981,-1066.4792211144231,417.9412998482585,221.33662912761793,nothing
1761185124.0668476,-1568.0054150223732,-1123.1798443426378,391.39548996277153,194.0764983505942,nothing
1761185124.0675678,-1548.1278467578813,-1082.4934727246873,407.99316596612334,231.88688690261915,nothing
1761185124.0675678,-1505.7547802599147,-1036.5263623693027,430.0510959047824,264.6259711147286,nothing
1761185124.0810916,-1553.3936258954927,-1093.0325107998215,389.87335068080574,204.99326632125303,nothing
1761185124.0810916,-1568.7234758138657,-1088.5446308529936,372.64737148489803,218.29983036359772,nothing
1761185124.0968163,-1514.3415905581787,-1048.8904716228135,403.83813711535186,265.2467945073731,nothing
1761185124.0968163,-1538.2507709749043,-1077.553064883221,395.83849111013114,234.28790267417207,nothing
1761185124.0974884,-1581.5176735622808,-1109.4132726057433,370.11919911485165,202.629649549257,nothing
1761185124.0974884,-1553.0121561000124,-1063.9660083441995,397.88047648593783,256.854459006805,nothing
1761185124.111133,-1536.5266770953313,-1057.0060545266606,408.98797935433686,252.2506421613507,nothing
1761185124.111133,-1571.3040067832917,-1097.307216449175,389.43204248603433,212.9704729267396,nothing
1761185124.126824,-1559.407385024242,-1059.2125955005176,383.9680486507714,249.92816428886726,nothing
1761185124.126824,-1529.787377375178,-1050.7230226011015,399.1632621707395,272.3600842230953,nothing
1761185124.1275373,-1561.3222138015553,-1082.773965221364,394.84367772191763,229.4260327317752,nothing
1761185124.1275373,-1591.4583276445046,-1107.3376281303354,365.77717526629567,217.85478226887062,nothing
1761185124.1411524,-1546.1606593811885,-1063.2591672525741,393.0073868436739,256.33835281291977,nothing
1761185124.1411524,-1549.0329025471583,-1062.185815965291,401.50817944295704,246.15834513353184,nothing
1761185124.156816,-1592.2698859348893,-1100.987278005574,368.4661633344367,216.59069608384743,nothing
1761185124.156816,-1561.3558729011565,-1063.8089325460605,382.5244472678751,244.6586452513002,nothing
1761185124.1575336,-1541.2913096388802,-1052.1703638839535,400.88361615035683,254.27018813742325,nothing
1761185124.1575336,-1580.7472541714087,-1101.215411902871,375.964662745595,209.18195427162573,nothing
1761185124.1711488,-1573.555426556617,-1086.2221529805101,382.3000532705337,229.26895693363622,nothing
1761185124.1711488,-1536.287323498167,-1054.6947963540442,407.95576696656644,250.04784108744934,nothing
1761185124.1868262,-1583.6905554365367,-1095.6093018692918,379.79432030022144,207.0763905965723,nothing
1761185124.1868262,-1596.469793585129,-1110.647439591121,360.7544896258041,193.65014975564554,nothing
1761185124.1875355,-1561.9729563938454,-1058.2813604115508,394.5145665258169,241.82754098484293,nothing
1761185124.1875355,-1575.799366530031,-1072.4368817438371,390.90930296853185,226.91655986150727,nothing
1761185124.2011824,-1620.592148299329,-1110.5202829926275,360.33936073072255,186.90711013553664,nothing
1761185124.2011824,-1577.7254150072113,-1065.058059131261,378.4741356158629,239.75563640939072,nothing
1761185124.216838,-1549.2385970447212,-1052.2713411827572,405.43133449647576,248.22650980902836,nothing
1761185124.216838,-1601.645815123804,-1107.5321029280312,362.97225029952824,195.8940897290595,nothing
1761185124.217616,-1593.0029063262045,-1085.5826300880872,361.88767931237817,227.3129892568104,nothing
1761185124.217616,-1553.909732089378,-1042.4989825985394,403.5202456191182,264.6633701142855,nothing
1761185124.2310655,-1594.8840760039166,-1098.2534111379646,377.56533992663026,217.21151947649196,nothing
1761185124.2310655,-1617.0018443418667,-1095.0819759755395,357.78500906098634,218.80845675757155,nothing
1761185124.2467282,-1561.69994369708,-1049.245762118604,381.89988397527486,261.7425082488917,nothing
1761185124.2467282,-1574.1538105495274,-1071.0344192604534,385.8118193289265,242.04071528231725,nothing
1761185124.2474732,-1616.04442995321,-1091.6487478162162,356.1618924802169,217.0133047788404,nothing
1761185124.2474732,-1588.1223368840292,-1057.3725647223182,377.08663273230195,255.68013042071834,nothing
1761185124.261135,-1561.157658203505,-1045.1318721673451,394.01341993175447,261.4059172528796,nothing
1761185124.261135,-1603.7588585987687,-1087.1384284696542,358.5105496523902,214.85164260445163,nothing
1761185124.2767637,-1586.3982430044562,-1068.8129186867736,361.1359594212845,244.62498615169898,nothing
1761185124.2767637,-1549.1862384453416,-1034.8770664888434,390.7036084709689,274.75736009469256,nothing
1761185124.277494,-1591.3536104457453,-1080.2083938517608,372.1873637903482,225.59263527719304,nothing
1761185124.277494,-1611.2984969094396,-1067.4515951029025,363.6566519914195,251.52510156994686,nothing
1761185124.2911644,-1556.8979121539742,-1015.5455236178823,397.1511959945783,296.0860095419921,nothing
1761185124.2911644,-1549.1675389455631,-1041.4630303108133,397.05769849568605,278.72539394767955,nothing
1761185124.3068545,-1602.7640452105552,-1094.412533883471,354.9539047945291,231.28850290970877,nothing
1761185124.3068545,-1568.742175313644,-1052.248901783023,377.71119602490216,271.6382835316472,nothing
1761185124.30755,-1538.2133719753474,-1012.0599368591793,410.2670251391828,292.95197337912396,nothing
1761185124.30755,-1603.635441900231,-1087.4862391655333,364.9469174761325,239.33302771439776,nothing
1761185124.3211393,-1584.4385354276747,-1068.8914565858431,369.2066635256633,266.4398225932382,nothing
1761185124.3211393,-1527.9810056965798,-1013.6045155408792,406.7477792808786,303.154420458246,nothing
1761185124.33672,-1576.3229525238276,-1064.1455235420726,374.30414716526866,246.68567102728412,nothing
1761185124.33672,-1588.5150263793766,-1088.9821991478093,362.5795608041808,245.2794686439447,nothing
1761185124.337473,-1549.3433142434806,-1042.2371896016411,389.6676561832428,273.377337011043,nothing
1761185124.337473,-1564.3477928657085,-1047.7685016361065,388.86357769276947,270.4115963461809,nothing
1761185124.3511395,-1609.0171579364687,-1086.4428070778958,357.8785065598786,231.647533305455,nothing
1761185124.3511395,-1574.2996666477993,-1056.7629610295407,367.67704444378614,262.4680488402955,nothing
1761185124.3668172,-1554.7699090791866,-1047.5590672385879,400.1805149586871,271.86641742894426,nothing
1761185124.3668172,-1606.5712633654475,-1091.6001291167922,363.78380858991295,236.15411275206134,nothing
1761185124.3674884,-1601.5036989254877,-1099.453919023741,353.29338921420276,231.96168490173295,nothing
1761185124.3674884,-1534.503391219303,-1024.9289326067083,404.02139221318066,294.8967213560827,nothing
1761185124.3811243,-1583.8850302342325,-1071.4832072551362,376.97817563358694,255.57167332200333,nothing
1761185124.3811243,-1613.7518712803721,-1102.7674703844823,345.9407459013164,228.20682534622028,nothing
1761185124.396799,-1553.0906939990819,-1045.6479783612303,389.0655322903767,284.5147590790875,nothing
1761185124.396799,-1571.939789775759,-1060.1513103893958,381.5445934794843,237.9118657312356,nothing
1761185124.397503,-1643.700990125537,-1129.4179974687286,336.10480901785195,178.7728277319111,nothing
1761185124.397503,-1555.779682067223,-1063.068432354834,403.58756381832063,281.590157313738,nothing
1761185124.4111423,-1534.3799745207652,-1050.8239998999052,414.62026868760586,284.2342665824108,nothing
1761185124.4111423,-1609.181713534519,-1126.1829840070568,361.0985604217276,202.42021515173838,nothing
1761185124.426939,-1571.0496935863048,-1097.6026685456745,386.7056554183364,249.03432819945738,nothing
1761185124.426939,-1545.27430309169,-1066.4867009143345,412.36510901432484,269.6710961549543,nothing
1761185124.4274945,-1587.8455842873082,-1113.5907408562489,391.7769597582519,221.9724121200852,nothing
1761185124.4274945,-1614.634487669915,-1124.514988626819,366.77946845442057,225.28970338078216,nothing
1761185124.4411485,-1541.0706555414945,-1066.9205293091945,411.2693183273077,274.20011500129476,nothing
1761185124.4411485,-1554.0593280876055,-1078.3945423732512,405.95866039022803,262.1501573440619,nothing
1761185124.4567254,-1601.5223984252661,-1117.6859313077293,359.4941433407366,227.44388575525954,nothing
1761185124.4567254,-1565.7352957492694,-1076.8911025910638,381.23418178316206,269.4504420575686,nothing
1761185124.4574409,-1546.1232603816316,-1070.6566893649288,401.7886719396338,268.27611347148195,nothing
1761185124.4574409,-1601.4363807262853,-1117.3942191111855,365.85197326540947,219.8631085450761,nothing
1761185124.4710271,-1591.7462999410927,-1099.8353888192214,362.33646730706096,253.50350864650682,nothing
1761185124.4710271,-1549.9117790367454,-1053.5952657670714,396.8220847984776,278.4037625514902,nothing
1761185124.4867811,-1594.1772349122912,-1112.8726800647564,375.90108444634825,233.63342018192634,nothing
1761185124.4867811,-1606.9452533610165,-1111.88908637641,371.40946459956467,239.5013232124038,nothing
1761185124.4875517,-1561.3483931012452,-1064.298859440256,386.8963903160766,282.0314655085094,nothing
1761185124.4875517,-1572.7251687664539,-1082.50843232451,385.9688951270655,255.55671372218058,nothing
1761185124.501043,-1607.5024984544143,-1113.6057004560716,364.6963441791013,223.5730893011205,nothing
1761185124.501043,-1577.1532103139907,-1074.6060237181373,391.01402016729116,278.24668675335124,nothing
1761185124.5167887,-1559.28770822566,-1062.5298867612146,414.03310439456254,277.1134970667772,nothing
1761185124.5167887,-1608.4935719426721,-1105.0712487571873,370.5567674096674,223.14674070617184,nothing
1761185124.5174475,-1582.6059844493866,-1083.533164912369,373.34299287665635,262.112758344505,nothing
1761185124.5174475,-1552.6830449039117,-1053.0978590729646,401.87468963861465,288.1125428364612,nothing
1761185124.5310318,-1588.0213595852256,-1088.7652849503793,378.52649421524256,248.55562100512907,nothing
1761185124.5310318,-1612.4466461958364,-1092.1274550105445,372.5089951865375,261.57421275088564,nothing
1761185124.5467713,-1541.908393131569,-1043.3815989880823,410.0762902414426,296.7442319341935,nothing
1761185124.5467713,-1570.541067192331,-1079.722206857521,392.2631467524916,244.99897614726797,nothing
1761185124.5474627,-1614.5933487704024,-1108.728870913852,369.2889413246885,235.23409736296162,nothing
1761185124.5474627,-1571.9098705761135,-1056.1159583372064,389.90700978040695,282.27455900562927,nothing
1761185124.5610552,-1546.082121482119,-1051.7851541885175,409.58262344729155,276.83674447005615,nothing
1761185124.5610552,-1611.8931410023943,-1116.7659159186296,371.27108830120414,216.90858758008108,nothing
1761185124.5768623,-1590.0147262616083,-1078.4955196720548,378.49283511564136,256.9890954052098,nothing
1761185124.5768623,-1542.6301938230172,-1036.4478244702332,424.04107667598873,295.4988452489488,nothing
1761185124.5774767,-1601.8702091211453,-1082.9833996188827,390.5876715723425,252.22072296170518,nothing
1761185124.5774767,-1603.5793434008956,-1100.2243384146132,378.45917601604015,254.3225467368029,nothing
1761185124.5910275,-1556.0713942637667,-1038.2728956486098,416.306963567622,305.92568632541224,nothing
1761185124.5910275,-1569.9165038997307,-1076.1206832001917,401.9382679378614,267.15788338473067,nothing
1761185124.606809,-1598.7099936585873,-1091.5739498171024,381.8849243754521,246.41639823047444,nothing
1761185124.606809,-1569.1685239085928,-1055.8242461406626,404.91148840263486,277.8465174580924,nothing
1761185124.60746,-1561.2361961025745,-1060.630017583724,417.3915345547721,272.1394301257096,nothing
1761185124.60746,-1592.9879467263818,-1096.9070471539162,393.42625563871115,256.8432393069379,nothing
1761185124.6211557,-1600.1872541410848,-1088.0547039587982,372.9091644817963,239.45644441293553,nothing
1761185124.6211557,-1552.1744185099378,-1053.7149425656535,413.0420309063047,295.65592104708776,nothing
1761185124.6368306,-1586.9255688982084,-1075.466200707946,397.61120368912816,258.0400072927587,nothing
1761185124.6368306,-1602.9622599082068,-1098.1225146395154,372.34817948844284,237.17884533992037,nothing
1761185124.6374378,-1545.9549648836255,-1027.2401907793246,420.9481794126332,319.991450058762,nothing
1761185124.6374378,-1578.933402692899,-1075.8813296030276,390.3071790756658,258.361638688948,nothing
1761185124.6511168,-1615.984591553919,-1101.3313488014974,368.82519373018295,244.48660985333845,nothing
1761185124.6511168,-1584.3899167282507,-1067.9714411967434,390.17254267726094,280.4008691278286,nothing
1761185124.6668336,-1558.034841740504,-1041.8594597061165,414.2013998925686,297.3388760271482,nothing
1761185124.6668336,-1610.2251456221566,-1091.7160660154186,384.3607381461188,254.1355517390184,nothing
1761185124.667574,-1611.6051687058061,-1106.208178343717,372.961523081176,245.57118084048852,nothing
1761185124.667574,-1541.2539106393233,-1024.510063811671,414.6015691878274,310.0844550761394,nothing
1761185124.6810615,-1595.2505861995742,-1103.2910563782789,373.48884897492826,236.7936356444843,nothing
1761185124.6810615,-1613.6658535813913,-1109.3459544065408,375.699129848741,237.2424236391671,nothing
1761185124.696828,-1556.7632757555693,-1040.3971588234417,403.8867558147758,305.4881180305965,nothing
1761185124.696828,-1576.8914173170924,-1081.9624069309793,392.05745225492865,241.46103078918532,nothing
1761185124.6974707,-1614.417573472485,-1104.65237996215,365.78465506620705,239.19091151608154,nothing
1761185124.6974707,-1576.726861719042,-1061.2508409763686,379.94017639849335,275.53151938552037,nothing
1761185124.711054,-1555.0878005754203,-1056.1870164363645,409.118875852786,277.9624543567188,nothing
1761185124.711054,-1604.757411886938,-1101.4959043995477,365.51912216935307,232.8742204909213,nothing
1761185124.726893,-1606.3880082676187,-1105.362960953731,361.9475177116692,231.95420510182157,nothing
1761185124.726893,-1543.198658616282,-1035.1575589855202,410.2707650391385,286.9344743504189,nothing
1761185124.727556,-1599.244799352251,-1095.7177589680068,379.42033030465245,235.39865296101198,nothing
1761185124.727556,-1614.9374195663258,-1114.7089709430002,356.7303572734818,229.97205812530592,nothing
1761185124.7410636,-1559.2727486258373,-1048.9353504222818,405.02742530126125,292.3386297863908,nothing
1761185124.7410636,-1585.1191972196102,-1088.6156889521517,374.5509805623442,230.00945712486282,nothing
1761185124.7569008,-1616.2239451510832,-1108.4895173166879,360.1074869334698,223.1579604060389,nothing
1761185124.7569008,-1576.2257151249796,-1077.6465623821132,378.9117039106786,258.12602499173954,nothing
1761185124.7574692,-1562.8443530835211,-1056.3964508338831,390.1501032775268,264.19214271986857,nothing
1761185124.7574692,-1602.3339567156509,-1109.9443383994512,365.5827004685998,218.25869146408513,nothing
1761185124.77175,-1586.8507708990946,-1086.1941037308425,377.9954284215346,255.69695997051895,nothing
1761185124.772571,-1557.791748243384,-1060.7702638320625,399.7541663637385,259.59019582439214,nothing
1761185124.772571,-1592.1352495364845,-1095.6373511189595,399.28667886927724,249.69068064168096,nothing
1761185124.786064,-1609.967092525214,-1107.825685074553,361.89141921233386,233.10048443824053,nothing
1761185124.786064,-1555.0578813757747,-1062.9020068068057,387.7004688065499,272.55268907081336,nothing
1761185124.8018456,-1565.7240760494024,-1072.5883476920426,390.8494645692408,245.58053059037775,nothing
1761185124.8018456,-1614.0809824764729,-1125.0030455710366,360.14488593302667,209.3932586191222,nothing
1761185124.8024497,-1568.611278815195,-1076.0888940505683,390.0715653784573,266.538929942064,nothing
1761185124.8024497,-1546.5383892767131,-1067.2926493547857,401.24638644605875,266.5725890416652,nothing
1761185124.8160741,-1601.2905246280134,-1118.1515488522127,368.0921733388677,216.09141943976283,nothing
1761185124.8160741,-1589.330324569717,-1096.1534573128447,365.5340817691758,247.57389726676047,nothing
1761185124.8317423,-1545.165845992975,-1054.1244616108015,401.6315961414948,274.52735624741763,nothing
1761185124.8317423,-1594.0538182137534,-1097.3016065992415,384.9217231394723,234.48798732180148,nothing
1761185124.8325691,-1610.6103553175926,-1118.4320413488895,367.920137940906,224.8128661364317,nothing
1761185124.8325691,-1552.6456459043548,-1061.2975897258148,405.1134430002421,274.5647552469745,nothing
1761185124.8460603,-1572.5830525681376,-1092.6828301539645,388.7065018946305,230.97996116336435,nothing
1761185124.8460603,-1613.3217827854678,-1113.7197674047202,356.15067278034985,232.65917624346912,nothing
1761185124.8618023,-1567.8184200245887,-1084.4363507516682,389.68635568302125,262.6718733878806,nothing
1761185124.8618023,-1548.6813519513234,-1065.1459467802197,409.118875852786,264.73629816342145,nothing
1761185124.8624687,-1589.6968347653747,-1095.0015681264922,382.404770469293,250.01979183778167,nothing
1761185124.8624687,-1582.2207747539505,-1090.7754811765626,377.7336354246363,250.5284182317555,nothing
1761185124.8761992,-1538.2956497743726,-1045.5226917127147,418.43870654236525,288.3537663836032,nothing
1761185124.8761992,-1559.1979506267235,-1082.5439613740891,394.0433391314,256.17940706480294,nothing
1761185124.8917933,-1595.5161190964282,-1107.5040536783636,365.2498493725434,242.47267372719944,nothing
1761185124.8917933,-1522.0831834664568,-1038.6749348938465,412.25291201565415,299.56972635071725,nothing
1761185124.8925505,-1556.0601745638996,-1075.490510057658,396.13020330667496,255.4127275738865,nothing
1761185124.8925505,-1593.021605825983,-1103.2330879289657,384.75716754142195,244.29026510566473,nothing
1761185124.9062657,-1549.3320945436135,-1054.419913707301,404.7057939050719,283.2076640445739,nothing
1761185124.9062657,-1533.3776813326403,-1048.1518413815647,415.0540970824659,283.51807574089617,nothing
1761185124.9217527,-1583.7316943360493,-1095.5251541202888,384.8057862408459,231.51102695707232,nothing
1761185124.9217527,-1576.4201899226755,-1089.7881475882605,377.01183473318815,251.26143862307072,nothing
1761185124.9224958,-1532.4726255433634,-1042.444754049182,419.78133062645793,278.73848359752446,nothing
1761185124.9224958,-1573.2076158607379,-1098.4385361857712,394.57066502515227,227.13160410895944,nothing
1761185124.9362345,-1583.1295704431832,-1098.6965892827138,378.0590067207813,226.27142711915076,nothing
1761185124.9362345,-1530.3334027687088,-1042.710286946036,411.1197223290801,282.6803381508216,nothing
1761185124.9517543,-1557.0549879521132,-1069.6861853264272,410.6110959351063,251.0819234251976,nothing
1761185124.9517543,-1608.1046223472804,-1127.4638997418806,374.1059324676171,214.11301236320287,nothing
1761185124.9525385,-1562.3058074899018,-1071.7169510023668,391.2309343647212,262.4250399908051,nothing
1761185124.9525385,-1533.4449995318428,-1038.5589979952201,429.37043411284685,294.67419730871916,nothing
1761185124.9662187,-1575.533833633177,-1087.925677410327,396.54159230180085,242.42779492773116,nothing
1761185124.9662187,-1576.8315789178014,-1089.5375742912292,384.28220024704933,254.81434358097613,nothing
1761185124.9817595,-1538.108654776588,-1054.8799214018509,411.6732275225222,268.3789607202634,nothing
1761185124.9817595,-1563.4389971764758,-1091.5122414678335,387.3414384108037,247.01291227340698,nothing
1761185124.9824667,-1594.8092780048028,-1100.0541729666293,377.1389913316816,247.91048826277256,nothing
1761185124.9824667,-1535.6478006057441,-1054.9098406014964,416.897867760621,284.74850282631814,nothing
1761185124.9961472,-1556.5314019583166,-1086.9308640221134,393.39259653910995,239.35733706410974,nothing
1761185124.9961472,-1584.6367501253262,-1091.1419913722202,378.67609021347016,237.65942248422652,nothing
1761185125.011757,-1544.0214366065338,-1055.0369971999899,402.8657631268725,283.8658864367753,nothing
1761185125.011757,-1544.2159114042297,-1054.6106486050412,412.1519347168505,266.0490030478686,nothing
1761185125.0125346,-1590.9871002500877,-1090.251895182766,388.68406249489635,239.8510038582608,nothing
1761185125.0125346,-1588.6347031779587,-1086.2389825303108,396.02174620795995,253.79335089307278,nothing
1761185125.026136,-1527.8052303986624,-1043.8285170327872,416.59119596425444,279.2770291911438,nothing
1761185125.026136,-1559.3812057245523,-1084.028701656498,405.0536046009511,245.8610230870545,nothing
1761185125.057234,-1577.7852534065023,-1094.1339113367721,380.60213869065046,246.90445517469198,nothing
1761185125.057234,-1543.5315097123384,-1061.4210064243525,405.62206939421594,262.944886084646,nothing
1761185125.0580468,-1549.1264000460505,-1071.7057313024998,404.2383064106107,253.34830279834569,nothing
1761185125.0580468,-1567.7473619254306,-1089.563753590919,395.7898724107072,246.5641242787242,nothing
1761185125.0724287,-1558.0311018405482,-1079.458543910645,402.7573060281575,251.51949172001332,nothing
1761185125.0724287,-1526.5598437134176,-1044.2847848273814,439.6102801915258,280.6533123748377,nothing
1761185125.0731568,-1567.1190587328747,-1092.3462391579524,400.84621715079993,252.2300727115944,nothing
1761185125.0731568,-1581.285799765028,-1097.0884323017672,385.8529582284391,236.61973029654473,nothing
1761185125.0739515,-1520.7368194824085,-1047.3141037914902,431.07208859268576,289.6290722684935,nothing
1761185125.0739515,-1583.2342876419425,-1114.7781590921804,388.05575930234045,212.3552593840286,nothing
1761185125.0860684,-1570.7729409895837,-1099.9419759679586,381.00978778582066,245.86476298701018,nothing
1761185125.0860684,-1524.2897244403139,-1036.5431919191033,435.3093952424824,299.910057246685,nothing
1761185125.1183488,-1560.4059383124113,-1092.675350354053,404.2383064106107,229.24464758392423,nothing
1761185125.1183488,-1579.2325946893543,-1104.5532726133242,394.3051321282983,241.4479411393404,nothing
1761185125.118853,-1559.829993719235,-1079.6006601089612,405.898821990937,249.22319314721972,nothing
1761185125.118853,-1519.899081892334,-1035.9448079261929,438.66408550273627,293.42133082356304,nothing
1761185125.1196477,-1596.0060459906235,-1115.9225684786215,389.42830258607864,204.67350487504154,nothing
1761185125.1196477,-1568.6561576146632,-1081.145238790661,390.39693667460233,255.9774524671957,nothing
1761185125.1203213,-1522.588069960475,-1056.1552272867411,417.3840547548607,281.03852207027376,nothing
1761185125.1203213,-1579.4345492869616,-1104.0109871197492,397.7794991871342,218.30544021353126,nothing
1761185125.1312063,-1572.0183276748285,-1077.5736343329772,390.87564386893064,246.92315467447042,nothing
1761185125.1312063,-1560.6939106089994,-1081.6576050845906,375.49343535117805,217.00395502895117,nothing
1761185125.1461568,-1547.0769348703325,-1068.8783669359982,420.1964595215395,284.53158862888813,nothing
1761185125.1461568,-1607.4389201551676,-1121.2519259154797,373.6272252732888,251.54193111974746,nothing
1761185125.161733,-1557.6309325452894,-1047.0298713948578,407.80617096833885,365.77343536634,nothing
1761185125.161733,-1585.3323715170845,-1062.9020068068057,395.90954920928925,344.5719425175339,nothing
1761185125.1625357,-1633.0198358520865,-1085.3526262408122,375.433596951887,362.11955310963094,nothing
1761185125.1625357,-1644.8379197120667,-1089.335619693622,348.8354284670204,397.7009612880647,nothing
1761185125.1761527,-1603.7102398993447,-1048.9970587715507,395.75995321106166,436.0685949334875,nothing
1761185125.1761527,-1649.972802351229,-1107.8743037739769,364.11291978601366,396.88940299768,nothing
1761185125.1917267,-1672.1915479879826,-1121.8166508087888,348.1959055745974,403.5576446186751,nothing
1761185125.1917267,-1612.8879543906078,-1072.2180975964293,391.3730505630374,441.12119977362454,nothing
1761185125.1925125,-1632.627146356739,-1081.7473626835272,391.20475506503135,422.66479349229485,nothing
1761185125.1925125,-1689.9298934778199,-1133.1186284748837,334.62006873544306,369.3899186234921,nothing
1761185125.206131,-1592.1614288361743,-1060.91985983029,388.24275430012494,439.6140200914815,nothing
1761185125.206131,-1610.9207670139149,-1087.791041011922,390.50165387336165,398.7556130755693,nothing
1761185125.2217455,-1661.1925022182986,-1131.8994210893288,345.99684440065175,354.0563288051635,nothing
1761185125.2217455,-1631.3892394714057,-1089.7657081885263,376.3723118407652,407.95576696656644,nothing
1761185125.2225804,-1605.7858843747526,-1080.8236073944718,391.1112575661391,404.2757054101676,nothing
1761185125.2225804,-1615.8349955556914,-1085.7228763364255,384.8544049402699,392.9363287445158,nothing
1761185125.2360835,-1662.3481313046068,-1135.0072779525071,345.6752130044624,349.71056505665183,nothing
1761185125.2360835,-1584.023406532593,-1054.1469010105357,399.784085563384,432.0295029813424,nothing
1761185125.2519202,-1617.8844607314095,-1097.9486092915758,383.60901825502515,358.49185015261173,nothing
1761185125.2519202,-1656.8504783697426,-1121.9886862067506,353.8618540074676,342.2382449451834,nothing
1761185125.2524781,-1621.3289085906,-1096.9201368037611,362.7328967023641,368.27542843669653,nothing
1761185125.2524781,-1592.490540032275,-1068.8484477363527,392.7829928463325,394.2901725284755,nothing
1761185125.266144,-1664.7865460757166,-1134.670686956495,344.5308036180213,315.6587759600952,nothing
1761185125.266144,-1625.790609237738,-1091.41126416903,369.5095954220742,379.89529759902507,nothing
1761185125.2820687,-1591.4957266440615,-1081.4519105870277,386.09605172555894,371.68247729633003,nothing
1761185125.2820687,-1622.7949493732303,-1115.3578435853124,362.8712730007246,336.17212721705437,nothing
1761185125.2825897,-1640.8212671596557,-1128.8252233257517,344.7963365148753,326.2726120343432,nothing
1761185125.2825897,-1589.5883776666597,-1072.390132994391,383.7025157539174,375.4111575521529,nothing
1761185125.2961552,-1600.8080775337294,-1081.5267085861415,387.64063040725887,357.8635469600558,nothing
1761185125.2961552,-1646.3974579935893,-1130.3137035081163,359.1799917444587,311.16341621335596,nothing
1761185125.3117728,-1593.346977122128,-1081.773541983217,380.0673329969868,367.0599609510973,nothing
1761185125.3117728,-1586.3533642049879,-1073.1605523852631,387.68924910668284,356.04221568163484,nothing
1761185125.3126311,-1644.134818520397,-1138.047816616483,355.96741768252105,301.90716382302344,nothing
1761185125.3126311,-1602.2516789166257,-1072.8800598885864,385.13489743694663,381.813866276294,nothing
1761185125.3261037,-1586.5141799030825,-1065.0561891812831,401.4820001432672,359.52780244033784,nothing
1761185125.3261037,-1592.1389894364402,-1084.2904946533963,399.24180006980896,342.5972753409296,nothing
1761185125.3418224,-1641.9806361459196,-1130.7288324031979,353.25973011460155,300.68795643746853,nothing
1761185125.3418224,-1568.0989125212654,-1058.4216066598892,398.5237392783165,371.948010193184,nothing
1761185125.3424828,-1606.129955170676,-1102.481368037872,372.4416769873351,311.23447431251407,nothing
1761185125.3424828,-1628.5843145046383,-1105.8884168975055,361.588487315923,325.43861434422433,nothing
1761185125.356118,-1599.0540644545108,-1094.0366739379242,368.66811793204397,324.53729845490307,nothing
1761185125.356118,-1569.299420407042,-1063.8556812955067,399.3465172685683,355.2456169910729,nothing
1761185125.3719049,-1628.9957034997642,-1132.6773202801123,362.4411845058203,284.46053052973,nothing
1761185125.3719049,-1609.495865130797,-1084.077320355922,379.0351206092164,336.3890414144844,nothing
1761185125.372816,-1587.2546800943092,-1070.2097713202238,381.9971213741228,329.83673669211566,nothing
1761185125.372816,-1584.977081021294,-1083.4564969632775,385.83051882870495,326.84481672756374,nothing
1761185125.3861675,-1621.8861536839977,-1117.0669778650627,350.99709064140916,291.30080754868686,nothing
1761185125.3861675,-1552.208077609539,-1045.952780207619,403.8867558147758,366.8318270538002,nothing
1761185125.4017916,-1604.7499320870265,-1111.225254134275,383.27616715896875,293.12587872706354,nothing
1761185125.4017916,-1589.7117943651974,-1084.6270856494084,383.0330736618489,339.8559286734089,nothing
1761185125.402492,-1589.7342337649316,-1089.2234226949513,364.9506573760882,311.19707531295717,nothing
1761185125.402492,-1539.0361499655992,-1035.387562832795,432.7887026723474,359.4754438409582,nothing
1761185125.4160738,-1631.5575349694118,-1144.7123183375224,353.0241164173931,252.53300460800529,nothing
1761185125.4160738,-1569.7108094021678,-1059.3304023491219,394.79879892244935,356.2404303792864,nothing
1761185125.4319005,-1559.2203900264576,-1071.3205216070637,409.24603245127946,327.5666174190119,nothing
1761185125.4319005,-1592.7635527290404,-1084.4363507516682,392.9625080442056,310.9652015157044,nothing
1761185125.4326496,-1617.1290009403601,-1117.0445384653285,359.63251963909715,279.5874408874661,nothing
1761185125.4326496,-1553.4347647950053,-1048.2640383802354,417.0886026583612,354.6547127980739,nothing
1761185125.4460368,-1598.2163268644363,-1104.0783053189516,383.4482025569305,282.88603264838457,nothing
1761185125.4460368,-1607.6558343525976,-1101.8717643450946,379.9887950979173,301.671550125815,nothing
1761185125.46179,-1583.8177120350301,-1078.325354224071,381.79516677651554,298.7319887606427,nothing
1761185125.46179,-1559.6953573208302,-1060.860021430999,411.0860632294789,320.1952746063471,nothing
1761185125.462516,-1621.6617596866563,-1142.9433456584811,367.2394761489704,246.94933397416025,nothing
1761185125.462516,-1585.930755509995,-1082.9703099690378,378.5489336149767,307.53571325633675,nothing
1761185125.4762516,-1558.5808671340346,-1065.2207447793335,396.72858729958534,308.42206954583526,nothing
1761185125.4762516,-1602.7939644102007,-1105.5854850010946,366.147425361909,270.39850669633597,nothing
1761185125.4918344,-1617.8956804312766,-1104.833765110001,358.60030725132674,278.6562057984993,nothing
1761185125.4918344,-1554.6988509800285,-1058.0289171645418,404.0400917129591,314.7051014713943,nothing
1761185125.492567,-1556.1948109623045,-1069.3121953308582,403.8156977156177,308.1378371492028,nothing
1761185125.492567,-1622.776249873452,-1131.6525876922533,363.6977908909321,245.25141939427704,nothing
1761185125.506157,-1551.8565270137042,-1056.4431995833293,399.51855266653,332.3723888620734,nothing
1761185125.506157,-1567.5154881281778,-1077.5698944330215,392.4501417502761,288.15555168595165,nothing
1761185125.5218053,-1601.9786662198603,-1105.4097097031772,372.52395478636026,271.0268098888919,nothing
1761185125.5218053,-1601.8814288210124,-1105.2002753056586,367.18711754959077,274.3067021500319,nothing
1761185125.5224671,-1543.0004439186305,-1042.3250772505999,427.85203473083675,331.51595177222043,nothing
1761185125.5224671,-1628.6104938043281,-1133.7132725678384,370.38473201170564,225.0372601337731,nothing
1761185125.536132,-1608.242998645641,-1115.2606061864644,372.7296492839232,273.6858787573874,nothing
1761185125.536132,-1565.3874850533903,-1079.8699329057708,392.36038415133953,290.8520195540041,nothing
1761185125.5681956,-1563.9177043708041,-1086.863545822911,399.25301976967603,286.1397456098348,nothing
1761185125.5681956,-1624.1899320567027,-1141.3351886775345,355.9449782827869,234.5553055210039,nothing
1761185125.5689135,-1573.7199821546674,-1078.276735524647,390.9990605674684,285.4964828174561,nothing
1761185125.5689135,-1558.2106170384213,-1070.6809987146407,410.9364672312513,293.05108072794974,nothing
1761185125.5696483,-1624.4554649535567,-1129.6592210158706,370.8036008067429,242.91024202201515,nothing
1761185125.5696483,-1599.9292010441422,-1104.8898636093363,391.0738585665822,273.5437625590712,nothing
1761185125.5703902,-1555.8432603664696,-1063.803322696127,408.53919135965407,293.49238892272115,nothing
1761185125.5703902,-1575.6983892312273,-1116.5845307707787,391.7021617591381,256.58705615997314,nothing
1761185125.5813491,-1597.1841144766659,-1108.0014603724703,367.2918347483501,262.6419541882351,nothing
1761185125.5813491,-1554.1453457865864,-1083.0563276680186,406.5233852835372,296.18885679077357,nothing
1761185125.5961063,-1564.6993434615433,-1105.8360582981259,408.50553226005286,270.15167329926044,nothing
1761185125.5961063,-1604.985545784235,-1127.639675039798,370.5081487102434,247.28966487012804,nothing
1761185125.6116345,-1569.3517790064216,-1076.9752503400669,392.71941454708576,281.4274716656655,nothing
1761185125.6116345,-1556.0377351641655,-1078.8975589172915,407.24518597498536,278.18871830403805,nothing
1761185125.626828,-1615.8985738549381,-1126.1885938569903,381.439876280725,230.13848367333412,nothing
1761185125.626828,-1591.4433680446818,-1100.0840921662748,391.2907727640122,270.3573677968234,nothing
1761185125.6275153,-1556.3294473607093,-1075.767262654379,408.901961655356,277.0293493177742,nothing
1761185125.6275153,-1584.8873234223574,-1115.2493864865974,379.0052014095709,238.08203117921948,nothing
1761185125.6418772,-1606.6797204641625,-1130.945746600628,360.56749462801963,233.9307422284037,nothing
1761185125.6418772,-1551.7667694147676,-1065.9275858709589,405.50239259563386,291.11381255090237,nothing
1761185125.6425138,-1580.249847477302,-1108.4913872666657,397.02029949612916,262.0847090948373,nothing
1761185125.6425138,-1621.822575384751,-1136.1741267386824,364.9917962756008,235.63613660819829,nothing
1761185125.6560688,-1572.1155650736764,-1080.531895197928,398.47512057889253,288.03961478732526,nothing
1761185125.6560688,-1562.676057585515,-1079.2752888128161,407.5368981715292,275.0472023412585,nothing
1761185125.6718032,-1609.7052995283157,-1135.0184976523742,369.8798455176875,227.0007076105103,nothing
1761185125.6718032,-1586.3010056056082,-1092.0545269614086,378.90048421081156,270.1703727990389,nothing
1761185125.6725004,-1554.5941337812692,-1063.5078705996275,417.3017769558355,284.4979295292869,nothing
1761185125.6725004,-1607.083629659377,-1123.2714718915522,377.12777163181454,232.1468099495396,nothing
1761185125.6861103,-1600.3592895390466,-1111.3075319333002,371.90313139371574,253.47545939683914,nothing
1761185125.6861103,-1545.5323561886325,-1056.6376743810251,420.17776002176106,297.9241703702137,nothing
1761185125.7017975,-1574.2809671480209,-1087.8321799114347,404.64969540573657,261.21331240516156,nothing
1761185125.7017975,-1613.4938181834295,-1119.052864741534,363.9969828873873,237.0722581911832,nothing
1761185125.702561,-1562.3619059892371,-1068.9793442348018,394.6417231243104,292.59855283331126,nothing
1761185125.702561,-1541.5493627358228,-1069.2598367314786,416.32940296735615,282.14927235711366,nothing
1761185125.716088,-1608.059743547812,-1114.8492171913385,377.71867582481354,235.83435130584985,nothing
1761185125.716088,-1565.402444653213,-1072.0610217982903,391.76574005838484,270.66403959318995,nothing
1761185125.7317932,-1538.7294781692326,-1051.8917413372546,411.77420482132584,282.78131544962525,nothing
1761185125.7317932,-1586.5740183023736,-1111.5244461307302,398.8977292738855,235.95402810443193,nothing
1761185125.732518,-1601.0997897302732,-1113.1961814109236,376.74630183633417,246.70250057708472,nothing
1761185125.732518,-1542.7797898212448,-1058.4066470600665,407.1965672755614,289.67769096791744,nothing
1761185125.7461042,-1564.0934796687216,-1082.2485092775896,394.0022002318874,256.721692558378,nothing
1761185125.7461042,-1601.223206428811,-1120.354349926114,381.23792168311775,238.12317007873207,nothing
1761185125.761758,-1568.3868848178536,-1064.0127570936456,407.3686026735231,287.6992838913575,nothing
1761185125.761758,-1541.8896936317906,-1070.4902638169006,411.8340432206169,274.6171138463542,nothing
1761185125.7625275,-1600.8230371335521,-1110.6119105415419,376.0768597442657,226.90347021166235,nothing
1761185125.7625275,-1573.6788432551548,-1090.251895182766,396.0404457077384,257.88480144459754,nothing
1761185125.77676,-1535.638450855855,-1049.8217067117803,420.4507727185264,292.6041626832448,nothing
1761185125.777464,-1584.18235228071,-1115.060521538835,385.20969543606043,226.40045366762206,nothing
1761185125.777464,-1602.103952868376,-1102.6103945863433,370.68392400816083,236.3897264492698,nothing
1761185125.7911716,-1543.7241145600565,-1056.4001907338388,428.7159516206011,285.3001380697824,nothing
1761185125.7911716,-1556.32009761082,-1079.6698482581414,409.4105880493298,253.02106155222282,nothing
1761185125.8068807,-1594.5680544576608,-1121.9494172572158,376.9931352334097,227.679499452468,nothing
1761185125.8068807,-1554.4239683332853,-1081.461260336917,397.0763979954645,274.0804382027127,nothing
1761185125.8075063,-1542.078558579553,-1070.6866085645743,416.5762363644317,266.3949437937699,nothing
1761185125.8075063,-1592.9037989773788,-1107.3077089306898,389.02439339086413,232.97145788976923,nothing
1761185125.821353,-1577.4243530607782,-1084.6401752992533,383.34348535817116,253.3987914477475,nothing
1761185125.821353,-1532.9158036881126,-1054.6573973544873,424.10465497523546,281.8631700105034,nothing
1761185125.8368254,-1576.2275850749575,-1107.823815124575,393.7815461345017,217.6004690718837,nothing
1761185125.8368254,-1591.018889399711,-1102.6216142862104,383.20510905981064,238.07642132928595,nothing
1761185125.8375041,-1543.0958113675006,-1067.5151734021492,413.7825310975313,273.9944205037318,nothing
1761185125.8375041,-1559.962760167662,-1092.4490864067338,397.7720193872228,239.43400501320139,nothing
1761185125.8510869,-1586.123360357713,-1111.9264853759669,383.38088435772806,233.87651367904618,nothing
1761185125.8510869,-1558.2648455877788,-1065.6040845247917,406.0820770887658,273.79620580608025,nothing
1761185125.866816,-1535.189662861172,-1060.992787879426,426.3785141482949,269.08393186191097,nothing
1761185125.866816,-1594.590493857395,-1116.8407139177434,381.7091490775347,230.4245860199444,nothing
1761185125.8675475,-1572.33808912104,-1088.5708101526834,395.816051710397,260.8935509589501,nothing
1761185125.8675475,-1528.0838529453613,-1055.083745949436,430.52606319915503,285.21412037080154,nothing
1761185125.8811111,-1577.499151059892,-1112.1097404737957,395.1054707188159,223.120561406482,nothing
1761185125.8811111,-1580.0871618292294,-1112.8315411652438,371.85825259424746,233.43520548427477,nothing
1761185125.8967588,-1532.3248994951136,-1066.5315797138028,421.1688335100189,289.58606341900304,nothing
1761185125.8967588,-1564.9854458081536,-1094.629448080901,408.91318135522306,236.78241594461724,nothing
1761185125.8974707,-1592.368993283715,-1121.223876665812,380.3366057937965,218.13153486559168,nothing
1761185125.8974707,-1548.7168810009025,-1069.7778128753416,398.6284564770758,266.6193377911113,nothing
1761185125.9110384,-1539.1502169142477,-1076.431094896514,408.7486257571727,243.6900111627765,nothing
1761185125.9110384,-1591.9202052890323,-1120.958343768958,386.2606073236093,222.03599041933194,nothing
1761185125.92683,-1565.5763500011526,-1086.947693571914,396.0367058077827,268.2499341717921,nothing
1761185125.92683,-1530.3128333189525,-1066.5427994136699,423.6895260801539,286.9269945505075,nothing
1761185125.9274993,-1574.4099936964922,-1100.299136413727,406.80013788025826,246.68567102728412,nothing
1761185125.9274993,-1584.747077174019,-1112.068601574283,390.4081563744694,257.1087722037919,nothing
1761185125.941075,-1537.953448928427,-1062.1484169657342,418.22179234493524,282.8280641990714,nothing
1761185125.941075,-1558.021752090659,-1079.0340652656741,412.43616711348295,260.7402150607668,nothing
1761185125.956838,-1603.2558420547284,-1132.3351194341667,375.08952615596354,224.85961488587782,nothing
1761185125.956838,-1529.415257329587,-1060.6599367833696,415.5253244768828,291.84496299223974,nothing
1761185125.9574475,-1540.4891010983847,-1077.9569740784355,425.424839659594,275.8232315820642,nothing
1761185125.9574475,-1601.8945184708573,-1131.2393287471496,383.6688566543162,219.31708315154538,nothing
1761185125.9710703,-1566.5075850901194,-1090.287424232345,402.36087663285434,264.7456479133107,nothing
1761185125.9710703,-1539.303552812431,-1063.1806293535046,419.68409322761,282.977660197299,nothing
1761185125.9867265,-1580.6930256220512,-1103.1227608802728,403.51276581920683,243.44317776570097,nothing
1761185125.9867265,-1574.8774811909534,-1106.2493172432296,388.7439008941874,247.1681181215681,nothing
1761185125.98746,-1517.3914789720438,-1057.567039520014,434.66987235005945,298.5767829124816,nothing
1761185125.98746,-1551.0356189734302,-1094.087162587326,410.80931063275784,251.2146898736246,nothing
1761185126.0011187,-1578.4341260488145,-1118.377812799532,382.1055784728378,231.056629112456,nothing
1761185126.0011187,-1551.6564423660748,-1085.1001829938032,412.88869500812143,266.2864866950549,nothing
1761185126.0167294,-1522.6983970091678,-1065.7761199227534,441.7981216656044,276.53381257364526,nothing
1761185126.0167294,-1601.69256387325,-1138.5994518599473,371.0018155043945,206.17881460720673,nothing
1761185126.0175245,-1565.3108171042986,-1084.92066779593,403.58756381832063,265.3627314059995,nothing
1761185126.0175245,-1527.919297347311,-1069.665615876671,432.986917369999,269.38312385836616,nothing
1761185126.0310373,-1565.800743998494,-1106.944938634988,399.6344895651564,224.6464405884035,nothing
1761185126.0310373,-1580.8538413201459,-1107.0795750333928,387.01980701461434,237.86698693176731,nothing
1761185126.0467012,-1521.9204978183843,-1052.28630078258,429.1946588149294,289.0886567248963,nothing
1761185126.0467012,-1562.5021522375755,-1100.6432072096504,414.9007611842826,228.47983804298565,nothing
1761185126.0474992,-1583.4306323896162,-1112.0050232750364,382.09061887301505,233.63716008188203,nothing
1761185126.0474992,-1549.3601437932812,-1060.2635073880665,414.92694048397243,282.98513999721035,nothing
1761185126.0611153,-1534.082652474288,-1075.3128648097627,418.99595163576305,261.04314695717767,nothing
1761185126.0611153,-1577.6524869580753,-1114.2714026481844,397.05395859573036,236.37102694949135,nothing
1761185126.076712,-1546.1924485308118,-1067.7545269993134,407.671534569934,270.9202227401547,nothing
1761185126.076712,-1513.0531950234435,-1045.4123646640219,424.0111574763432,290.7865713047795,nothing
1761185126.0774293,-1574.2641375982203,-1107.3862468297593,399.8962825620547,228.19186574639753,nothing
1761185126.0774293,-1572.2034527226351,-1101.3051695018075,381.9634622745216,246.67071142746136,nothing
1761185126.0911243,-1526.9319637590088,-1050.910017598886,429.8379216073081,289.58606341900304,nothing
1761185126.0911243,-1548.0025601093657,-1088.22673935676,417.0212844591588,253.211796449963,nothing
1761185126.1067011,-1586.508570053149,-1125.2330494183116,373.8366596708074,217.65656757121906,nothing
1761185126.1067011,-1536.0311403512023,-1065.480667826254,422.9153667893261,294.0776832657866,nothing
1761185126.1074257,-1536.0199206513353,-1068.9961737846024,437.7590297134593,271.664462831337,nothing
1761185126.1074257,-1589.6650456157513,-1129.6386515661143,386.12597092520446,222.10330861853436,nothing
1761185126.121125,-1556.8698629043065,-1077.0967970886268,402.1177831357345,270.0413462505676,nothing
1761185126.121125,-1520.5816136342473,-1053.2811141707934,432.15665957983583,292.03195799002424,nothing
1761185126.1368327,-1548.1783354072832,-1088.4361737542786,406.77395858056843,251.24086917331442,nothing
1761185126.1368327,-1583.0940413936041,-1104.988970958162,375.50091515108943,233.7605767804198,nothing
1761185126.1375177,-1517.2344031739049,-1045.5993596618064,427.32844873704016,287.7422927408479,nothing
1761185126.1375177,-1545.743660536129,-1084.572857100051,411.1159824291244,250.73972257925197,nothing
1761185126.151101,-1581.841174908448,-1120.6741113723256,380.7367750890553,218.9730123556219,nothing
1761185126.151101,-1544.9395820456557,-1080.5636843475513,398.88276967406273,255.57915312191471,nothing
1761185126.166963,-1541.0613057916053,-1073.1773819350637,408.61772925872356,243.56285456428304,nothing
1761185126.166963,-1596.1799513385631,-1126.3288401053287,383.1490105604753,218.94683305593207,nothing
1761185126.1677065,-1562.5358113371767,-1095.1231148750521,400.9210151499137,258.79172718385234,nothing
1761185126.1677065,-1516.9688702770509,-1064.2951195403002,424.93117286544293,278.6992146479897,nothing
1761185126.1811004,-1568.9572195610963,-1118.2955350005068,393.50479353778064,219.14130785362795,nothing
1761185126.1811004,-1576.859628167469,-1115.60280703241,378.328279517591,239.8341743084602,nothing
1761185126.197076,-1533.6488240794279,-1066.4717413145117,417.2269789567217,272.83505151746795,nothing
1761185126.197076,-1550.4521945803426,-1094.8164430786856,412.7465788098052,255.4033778239973,nothing
1761185126.1975033,-1586.1757189570926,-1121.1976973661222,384.8207458406687,226.76696386327967,nothing
1761185126.1975033,-1538.0357267274521,-1070.3574973684736,417.1596607575193,269.0278333625756,nothing
1761185126.2110288,-1545.7586201359518,-1078.1589286760427,418.0572367468849,258.34293918916956,nothing
1761185126.2110288,-1582.6340336990543,-1122.5403214502148,393.4786142380908,221.66574032371864,nothing
1761185126.226874,-1564.2038067174144,-1098.3244692371227,393.05974544305354,246.37899923091754,nothing
1761185126.226874,-1534.3294858713634,-1068.5212064902298,411.02248493023217,269.24474756000564,nothing
1761185126.2276683,-1580.2816366269253,-1128.374565381091,392.0387527551502,207.53265839116648,nothing
1761185126.2276683,-1582.0506093059666,-1119.6905176839791,387.4835546091199,223.43845290271565,nothing
1761185126.2411053,-1538.5480930213816,-1072.3321645450778,414.751165186055,259.6219849740155,nothing
1761185126.2411053,-1568.983398860786,-1110.3893864941783,405.1171829001978,223.57682920107618,nothing
1761185126.2568097,-1593.5582814696245,-1137.9599289675243,374.9848089572042,218.99545175535604,nothing
1761185126.2568097,-1534.4716020696796,-1069.1046308833174,407.13298897631466,266.19298919616267,nothing
1761185126.257691,-1548.529886003118,-1087.6133957640268,406.87119597941637,242.43714467762038,nothing
1761185126.257691,-1599.8861921946518,-1137.5934187718667,372.04524759203196,196.68694851966575,nothing
1761185126.2710967,-1560.8491164571606,-1090.5978359286673,396.4181756032631,251.16233127424493,nothing
1761185126.2710967,-1533.2224754844792,-1071.2887324574403,420.81354301422834,259.1133585800417,nothing
1761185126.2868304,-1576.968085266184,-1128.8757119751535,388.64292359538376,208.9650400741957,nothing
1761185126.2868304,-1576.3697012732737,-1122.5365815502591,379.3717116052285,221.9724121200852,nothing
1761185126.287516,-1523.5436143991537,-1077.8971356791444,415.390688078478,266.1107113971375,nothing
1761185126.287516,-1558.4406208856963,-1106.6083476389758,397.28209249302745,223.03828360745683,nothing
1761185126.3011856,-1583.6475465870462,-1124.81792052323,371.37954539991915,220.66718703554943,nothing
1761185126.3011856,-1547.288239217829,-1073.6897482289933,415.7609381740913,259.01612118119374,nothing
1761185126.3169136,-1541.5026139863767,-1084.6513949991204,433.5030235638842,250.79582107858732,nothing
1761185126.3169136,-1577.4617520603351,-1121.0144422682934,385.4752283329144,214.57489000773057,nothing
1761185126.3174713,-1557.756219193805,-1095.0931956754066,387.05346611421555,250.44053058279678,nothing
1761185126.3174713,-1518.3040145612322,-1051.7140960893594,433.5329427635297,285.23281987058,nothing
1761185126.3310497,-1583.7971425852738,-1133.6366046187468,386.0399532262236,204.19666763069108,nothing
1761185126.3310497,-1579.3017828385346,-1109.8284015008248,396.54159230180085,233.40154638467357,nothing
1761185126.34688,-1506.8711403966881,-1045.3824454643764,430.9075329946354,274.06173870293424,nothing
1761185126.34688,-1545.1377967433073,-1093.5299174939282,403.06771772447973,229.9421389256604,nothing
1761185126.3475506,-1573.5273773069493,-1120.632972472813,382.53940686769783,214.8254633047618,nothing
1761185126.3475506,-1526.1391049684025,-1055.1398444487713,410.7120732339099,262.6326044383459,nothing
1761185126.3610628,-1533.6974427788518,-1067.5563123016618,414.4108342900872,239.47514391271397,nothing
1761185126.3610628,-1590.9553111004643,-1124.16717793094,378.8855246109888,199.54423208581284,nothing
1761185126.376841,-1560.3292703633197,-1087.1833072691225,386.78793321736157,233.63716008188203,nothing
1761185126.376841,-1521.2473158263601,-1051.4672626922838,419.70279272738844,247.46357021806762,nothing
1761185126.3775074,-1582.8883468960412,-1125.794034411665,385.6285642310977,198.90470919338986,nothing
1761185126.3775074,-1574.9709786898457,-1106.8925800356083,392.487540749833,238.34569412609562,nothing
1761185126.3911169,-1531.909770600032,-1062.1110179661773,411.0935430293903,258.9488029819913,nothing
1761185126.3911169,-1566.0700167953037,-1106.907539635431,399.24180006980896,221.20947252912447,nothing
1761185126.406804,-1595.951817441266,-1131.583399543073,361.539868616499,192.87973036477342,nothing
1761185126.406804,-1538.1404439262114,-1065.3011526283808,410.88410863187164,279.76508613536134,nothing
1761185126.4074218,-1537.542059933301,-1077.4820067840628,418.3040701439604,250.5041088820435,nothing
1761185126.4074218,-1599.5009824992158,-1134.055473413784,371.89939149376005,200.5988838733174,nothing
1761185126.421155,-1550.5157728795893,-1078.805931368377,397.72340068779886,255.8820850183256,nothing
1761185126.421155,-1532.1827832967974,-1071.4944269550033,423.1584602864459,254.4347437354736,nothing
1761185126.4368184,-1558.3396435868926,-1099.513757423032,403.17617482319474,218.11283536581323,nothing
1761185126.4368184,-1589.1938182213344,-1118.0561814033426,375.1418847553432,218.10535556590185,nothing
1761185126.4374907,-1521.27349512605,-1063.8837305451743,430.4550050999969,265.923716399353,nothing
1761185126.4374907,-1549.8949494869448,-1098.3057697373442,418.0160978473723,225.39816047949716,nothing
1761185126.451167,-1585.4539182656445,-1126.0670471084304,381.4735353803262,208.40405508084223,nothing
1761185126.451167,-1539.569085709285,-1081.7679321332835,412.39876811392605,253.94855674123392,nothing
1761185126.466757,-1530.993495110888,-1071.9058159501292,428.19236562680453,257.01901460485533,nothing
1761185126.466757,-1592.4699705825187,-1125.3676858167164,380.24310829490423,207.8168907877989,nothing
1761185126.4675288,-1556.8736028042622,-1091.7534650149755,407.77251186873764,255.4407768235542,nothing
1761185126.4675288,-1518.1880776626058,-1060.2859467878006,428.9515653178096,271.3652708348818,nothing
1761185126.481121,-1574.9634988899343,-1125.2966277175583,399.1146434713155,209.4175679688342,nothing
1761185126.481121,-1573.7555112042464,-1096.873388054315,395.17652881797403,238.48033052450046,nothing
1761185126.4968324,-1518.0871003638022,-1055.0687863496132,428.5102571230382,277.2556132650934,nothing
1761185126.4968324,-1539.3072927123867,-1094.715465779882,417.4214537544176,231.3483413089998,nothing
1761185126.4974768,-1578.6360806464218,-1109.5105100045912,388.31007249932736,229.6055479296483,nothing
1761185126.4974768,-1533.4805285814218,-1067.866723997984,420.9406996127218,261.1516040558927,nothing
1761185126.5110867,-1538.1479237261228,-1078.1103099766187,430.5036237994209,249.44197729462758,nothing
1761185126.5110867,-1579.54861623561,-1123.2322029420175,387.2853399114683,210.54327785549685,nothing
1761185126.5267992,-1550.0445454851724,-1082.6094096233137,402.14022253546864,249.77856829063967,nothing
1761185126.5267992,-1508.0716482824646,-1071.3336112569086,428.77579001989216,265.27671370701864,nothing
1761185126.527568,-1568.4485931671225,-1113.5795211563818,401.68395474087447,217.0881027779542,nothing
1761185126.527568,-1573.1309479116462,-1101.6529801976867,393.6394299361855,236.71509774541482,nothing
1761185126.5411525,-1519.5269618467428,-1054.2011295598932,432.69894507341087,274.6750822956674,nothing
1761185126.5411525,-1557.610363095533,-1088.4174742545001,415.5365441767499,226.72582496376708,nothing
1761185126.5568345,-1582.577935199719,-1119.5259620859288,383.09291206113994,223.5693494011648,nothing
1761185126.5568345,-1531.5170811046846,-1071.2139344583265,418.2741509443149,265.72550170170143,nothing
1761185126.55749,-1524.3701322893612,-1068.7568201874383,425.10694816336036,255.8858249182813,nothing
1761185126.55749,-1581.9159729075618,-1115.9580975282006,377.1090721320361,207.09509009635076,nothing
1761185126.5711555,-1557.9207747918554,-1092.086316111032,395.87215020973235,255.6165521214716,nothing
1761185126.5711555,-1511.5497552412562,-1049.5786132146604,439.86459338851273,276.57121157320216,nothing
1761185126.586759,-1562.6741876355372,-1114.480837045703,389.95188857987523,217.3835548744537,nothing
1761185126.586759,-1567.610855577048,-1105.6696327500977,387.8164057051763,220.3455556393601,nothing
1761185126.5875676,-1514.0218291119672,-1062.2755735642277,426.064362552017,279.54069213801995,nothing
1761185126.5875676,-1550.9683007742278,-1084.5915565998293,413.84984929673374,232.40299309650436,nothing
1761185126.6011276,-1594.3660998600535,-1127.1777973952703,378.6274715140462,217.80242366949096,nothing
1761185126.6011276,-1516.8192742788233,-1043.6546116848476,418.58456264063716,288.13498223619536,nothing
1761185126.6168091,-1534.7707940661348,-1081.977366530802,428.40553992427886,242.3885259781964,nothing
1761185126.6168091,-1580.0348032298498,-1101.9820913937874,395.39344301540405,232.41421279637143,nothing
1761185126.61753,-1559.4429140738212,-1090.5679167290218,394.35749072767794,253.31277374876663,nothing
1761185126.61753,-1519.1567117511295,-1054.178690160159,429.8005226077512,275.2622465887107,nothing
1761185126.6311517,-1575.2739105862565,-1115.4008524348028,395.008233319968,212.6002228311263,nothing
1761185126.6311517,-1569.3873080560006,-1107.3712872299366,389.27122678793967,230.308649121318,nothing
1761185126.6467943,-1514.1676852102391,-1047.0467009446584,429.99873730540276,273.6017310083844,nothing
1761185126.6467943,-1550.048285385128,-1086.0575973824598,405.4051551967859,238.37935322569683,nothing
1761185126.6474931,-1581.1118944170885,-1109.1066008093767,378.8182064117864,195.41538253473118,nothing
1761185126.6474931,-1526.688870261889,-1050.2031765072607,423.04252338781953,277.7754593589343,nothing
1761185126.6610672,-1535.9002438527532,-1068.1509563946165,423.0911420872435,241.7228237860836,nothing
1761185126.6610672,-1580.5097705242224,-1118.8939189934172,386.4887412209064,195.9614079282619,nothing
1761185126.6767375,-1542.8115789708681,-1074.6546424175613,410.10994934104383,248.30130780814216,nothing
1761185126.6767375,-1515.7234835918061,-1057.3800445222296,426.43835254758596,262.172596743796,nothing
1761185126.6774876,-1586.5347493528388,-1128.3670855811797,387.1843626126647,194.7010616431944,nothing
1761185126.6774876,-1567.2667847811244,-1100.998497705441,393.0485257431865,215.4126275978051,nothing
1761185126.6911123,-1512.1294397343881,-1045.9396905577742,435.0139431459829,272.09829122619703,nothing
1761185126.6911123,-1548.627123401966,-1089.4609063421376,420.2413383210078,228.07592884777114,nothing
1761185126.7067316,-1581.4110864135437,-1120.9508639690466,374.8127735592425,198.13802970247343,nothing
1761185126.7067316,-1524.7553419847973,-1057.4997213208117,416.35932216700166,262.94675603462383,nothing
1761185126.7074711,-1520.2375428383239,-1066.7073550117202,423.5623694816604,260.15305076772347,nothing
1761185126.7074711,-1579.6907324339263,-1118.8041613944806,389.0655322903767,208.58731017867103,nothing
1761185126.7212236,-1536.0087009514682,-1078.5964969708584,402.98543992545456,250.30963408434764,nothing
1761185126.7212236,-1513.890932613518,-1059.8184592933394,419.54571692924947,256.9928353051655,nothing
1761185126.7367406,-1557.2999513992108,-1106.8551810360514,398.06373158376664,209.76163876475766,nothing
1761185126.7367406,-1563.6839606235735,-1097.3520952486433,385.72580162994564,227.0137972603552,nothing
1761185126.7375033,-1511.0635682470165,-1058.8535651047714,431.9472251823172,276.1972215776332,nothing
1761185126.7375033,-1530.2043762202375,-1075.0697713126428,409.91547454334795,250.82200037827715,nothing
1761185126.7510524,-1571.2834373335354,-1086.427847478073,396.75850649923086,233.6521196817048,nothing
1761185126.7510524,-1516.8491934784688,-1053.576566267293,433.9181524589658,294.24971866374835,nothing
1761185126.7667205,-1506.2989357034676,-1051.560760191176,447.6099261967465,294.99769865488634,nothing
1761185126.7667205,-1565.2921176045202,-1113.1494326614775,396.3732968037948,240.0249092062004,nothing
1761185126.7675,-1530.2417752197944,-1069.882530074101,422.7134121917188,287.1476486478932,nothing
1761185126.7675,-1498.467585196253,-1042.311987600755,432.938298670575,294.0402842662297,nothing
1761185126.78176,-1541.4315558872186,-1080.2607524511404,413.5151282506995,253.55399729590863,nothing
1761185126.7824683,-1540.2534874011762,-1078.1140498765744,413.7058631484397,270.15167329926044,nothing
1761185126.7824683,-1504.7655767216347,-1031.4363585296087,427.9922809791751,302.8084797123447,nothing
1761185126.796169,-1520.8284470313229,-1052.6079321787693,433.21318131731823,275.89615963120013,nothing
1761185126.796169,-1558.4294011858292,-1102.359821289312,397.1605457444675,226.59679841529578,nothing
1761185126.811809,-1484.1250688661821,-1039.3724262355827,444.4478407842107,304.783146888949,nothing
1761185126.811809,-1521.7858614199795,-1073.2783592338674,422.01592084998265,250.25166563503444,nothing
1761185126.812477,-1561.9037682446651,-1109.9892171989195,395.78800246072933,230.84158486500382,nothing
1761185126.812477,-1524.721682885196,-1067.9938805964775,410.82988008251414,284.0603612344712,nothing
1761185126.8261073,-1514.2088241097517,-1047.413211140316,421.698029353749,284.509149229154,nothing
1761185126.8261073,-1548.7879391000606,-1100.213118714746,409.517175198067,231.5933047560975,nothing
1761185126.8418005,-1563.33988982765,-1088.8961814488284,392.70258499728516,256.20932626444846,nothing
1761185126.8418005,-1509.1749187693931,-1046.59417305002,436.3659169799648,280.93380487151444,nothing
1761185126.842505,-1531.1692704088055,-1088.1369817578234,421.3352590580471,247.12510927207768,nothing
1761185126.842505,-1561.7392126466148,-1112.2443768722005,392.9755976940505,231.82143865339458,nothing
1761185126.8561242,-1525.4360037767328,-1063.117051054258,423.1079716370441,265.8657479500398,nothing
1761185126.8561242,-1516.4565039831214,-1068.9138959855773,432.27446642844006,259.676213523373,nothing
1761185126.871714,-1570.419520443771,-1118.508709297981,394.32944147801027,218.72804890852422,nothing
1761185126.871714,-1535.167223461438,-1075.9823069018312,418.4854552918114,267.3878872320056,nothing
1761185126.8725338,-1505.147046517115,-1050.1470780079253,429.16286966530606,274.37028044927865,nothing
1761185126.8725338,-1550.074464684818,-1102.8460082835518,405.1078331503086,231.60078455600888,nothing
1761185126.8860965,-1557.0605978020467,-1093.5860159932636,397.6841317382641,242.15852213092148,nothing
1761185126.8860965,-1508.441898378078,-1055.771887541283,430.3035391517915,273.32684836164117,nothing
1761185126.9021783,-1546.648716325406,-1094.4574126829393,419.4765287800692,232.46096154581755,nothing
1761185126.9021783,-1575.027077189181,-1107.6629994264804,384.2653706972487,225.57580572739244,nothing
1761185126.9026487,-1523.4875158998184,-1059.5117874969728,423.09301203722134,284.92427812423557,nothing
1761185126.9026487,-1532.3248994951136,-1074.2881322219037,414.0200147447176,254.06262368988246,nothing
1761185126.9163375,-1563.1304554301314,-1114.2863622480072,390.7615769202821,219.41245060041547,nothing
1761185126.9163375,-1526.1391049684025,-1058.146724013146,413.8143202471547,274.99858364183456,nothing
1761185126.9318223,-1517.77668866748,-1061.2882399759255,429.28254646388814,270.5368829946965,nothing
1761185126.9318223,-1574.1855996991508,-1116.0665546269156,397.99828333454207,210.4703498063609,nothing
1761185126.9325957,-1560.4078082623892,-1092.3294096081518,396.382646553684,240.42694845143706,nothing
1761185126.9325957,-1521.0939799281769,-1048.1686709313653,423.5567596317269,274.3553208494559,nothing
1761185126.9460857,-1545.4743877393194,-1090.156527733896,418.01796779735014,237.50982648599893,nothing
1761185126.9460857,-1560.108616265934,-1115.9132187287323,384.2840701970272,225.16067683231086,nothing
1761185126.9618895,-1517.6981507684104,-1065.4021299271844,421.64941065432504,267.36544783227146,nothing
1761185126.9618895,-1503.965238131117,-1067.7732264990918,439.87020323844627,265.7086721519008,nothing
1761185126.96258,-1562.677927535493,-1112.6782052670605,408.129672314506,221.71248907316476,nothing
1761185126.96258,-1538.8510249177925,-1066.022953319829,412.737229059916,263.5769291771576,nothing
1761185126.976072,-1503.677265834529,-1058.8423454049043,434.0696184071712,280.6233931751922,nothing
1761185126.976072,-1557.4869463969953,-1104.7570971609093,404.00456266338006,231.09215816203505,nothing
1761185126.9919188,-1563.3698090272956,-1101.7202983968891,393.40942608891055,251.62794881872833,nothing
1761185126.9919188,-1511.022429347504,-1055.0164277502336,428.13439717749134,276.3973062252626,nothing
1761185126.9926696,-1556.357496610377,-1111.7619297779165,407.7669020188041,223.2907268544659,nothing
1761185126.9926696,-1562.3301168396138,-1108.414719317574,388.5662556462921,232.12437054980546,nothing
1761185127.006066,-1513.8871927135624,-1054.1487709605135,425.46036870917305,285.73957631457597,nothing
1761185127.006066,-1529.583552827593,-1094.9174203774892,424.34961842233315,234.90311621688306,nothing
1761185127.0218086,-1569.8921945500188,-1124.8029609234072,387.9454322536476,207.60558644030243,nothing
1761185127.0218086,-1554.7231603297405,-1100.8227224075235,392.3622541013174,235.08263141475618,nothing
1761185127.0225675,-1529.0263077341951,-1077.8485169797204,422.9583756388165,249.20449364744127,nothing
1761185127.0225675,-1589.463091018144,-1134.672556906473,388.1324272514321,193.52112320717424,nothing
1761185127.0360577,-1569.8996743499301,-1114.6902714432217,389.6807458330877,221.69004967343062,nothing
1761185127.0360577,-1527.231155755464,-1079.4304946609773,417.670157101471,253.50537859648466,nothing
1761185127.0518093,-1565.6773272999562,-1125.771595011931,401.0201224987395,208.60787962842733,nothing
1761185127.0518093,-1583.7634834856726,-1128.9804291739129,368.55031108343974,216.40931093599647,nothing
1761185127.0525403,-1534.890470864717,-1079.8119644564576,403.7203302667476,254.7507652817294,nothing
1761185127.0525403,-1546.588877926115,-1099.5661160224117,414.1060324436985,219.04968030471355,nothing
1761185127.0660532,-1569.7837374513038,-1136.9725953792222,383.11348151089624,193.04615591280162,nothing
1761185127.0660532,-1542.583445073571,-1093.2980436966754,396.21809095563367,239.1516425665468,nothing
1761185127.0818257,-1509.055241970811,-1065.8845770214684,419.4092105808668,251.66534781828523,nothing
1761185127.0818257,-1581.212871715892,-1140.4020836385898,387.36948766047135,190.95555183757097,nothing
1761185127.082535,-1566.2607516930439,-1122.6973972483538,385.3798608840443,227.87584420014173,nothing
1761185127.082535,-1493.3364424570464,-1050.5285478034057,430.23996085254475,276.33372792601585,nothing
1761185127.0961716,-1551.9967732620426,-1112.1022606738843,420.74809476500377,221.2936202781275,nothing
1761185127.0961716,-1577.0503630652092,-1122.5926800495945,383.58470890531316,220.09311239235103,nothing
1761185127.1122415,-1527.3470926540904,-1073.2746193339117,406.3681794353761,270.84729469101876,nothing
1761185127.1122415,-1525.6529179741628,-1069.0111333844252,431.75836023455486,260.24841821659356,nothing
1761185127.1126363,-1569.2190125579946,-1123.8754657343961,385.8024695790373,202.3959058020264,nothing
1761185127.1126363,-1548.324191505555,-1090.433280330617,415.1831236309372,250.10580953676254,nothing
1761185127.1261828,-1496.0516098248772,-1041.0927802152,435.5693182894029,289.11670597456396,nothing
1761185127.1261828,-1553.1224831487052,-1095.1866931742989,410.52320828614756,230.19084227271378,nothing
1761185127.1418903,-1563.4633065261878,-1099.7456312202848,387.2834699614905,239.66400886047632,nothing
1761185127.1418903,-1499.5820753830485,-1050.8576589995064,430.8084256458096,273.14359326381236,nothing
1761185127.1425798,-1537.542059933301,-1092.314450008329,412.9990220568143,231.0360596626997,nothing
1761185127.1425798,-1567.693133376073,-1114.0993672502227,384.0110575002618,231.5895648561418,nothing
1761185127.1562896,-1525.9371503707953,-1073.644869429525,415.6281717256643,268.63327391725034,nothing
1761185127.1562896,-1525.2190895793028,-1076.2403599987738,433.4487950145267,252.58162330742925,nothing
1761185127.1718771,-1578.9165731430985,-1125.2218297184445,373.17656732862815,205.15595196932554,nothing
1761185127.1718771,-1538.2825601245277,-1085.3507562908344,404.7936815540306,252.9331739032641,nothing
1761185127.1727865,-1521.176257727202,-1072.5453388425522,424.7684872173704,255.5623235721141,nothing
1761185127.1727865,-1577.9628986543976,-1131.089732748922,400.2833622074686,182.6828931355849,nothing
1761185127.186101,-1560.2694319640286,-1102.819828983862,389.9387989300303,228.4742281930521,nothing
1761185127.186101,-1507.8285547853447,-1058.4907948090695,440.25167303392664,277.3883797135204,nothing
1761185127.2018275,-1551.5629448671825,-1107.9771510227583,420.50126136792824,226.256467519328,nothing
1761185127.2018275,-1593.3002283726819,-1127.3947115927003,380.8209228380583,222.2136356672272,nothing
1761185127.2024584,-1530.7466617138125,-1076.1356428000145,409.6892105960287,263.6367675764486,nothing
1761185127.2024584,-1525.9857690702192,-1077.407208784949,431.5900647365488,244.7839318998158,nothing
1761185127.216091,-1581.4297859133221,-1139.7214218466543,368.17632108787075,194.82634829171002,nothing
1761185127.216091,-1536.9698552400805,-1078.0542114772834,425.30703281098977,266.1911192461848,nothing
1761185127.2318692,-1512.335134231951,-1064.6167509364896,434.86621709773317,259.6799534233287,nothing
1761185127.2318692,-1569.7949571511708,-1116.0478551271372,406.86184622952715,208.75373572669923,nothing
1761185127.2325037,-1576.4220598726533,-1115.5093095335178,400.3207612070255,236.53371259756386,nothing
1761185127.2325037,-1505.5958345117979,-1062.716881758999,430.83460494549945,272.63122696988285,nothing
1761185127.2460904,-1549.1133103962056,-1114.9932033396326,410.08190009137616,215.2910808492452,nothing
1761185127.2460904,-1582.2974427030422,-1115.711264131125,380.4656323422678,218.46625591162592,nothing
1761185127.261767,-1539.5017675100826,-1078.7124338694848,421.01362766185775,261.9725120961666,nothing
1761185127.261767,-1540.436742499005,-1080.0101791541092,422.446009344887,243.01869912073016,nothing
1761185127.2625391,-1593.5844607693143,-1137.5373202725314,375.80945689743385,197.0889877649024,nothing
1761185127.2625391,-1547.5500322147273,-1093.3354426962323,397.30640184273943,252.6339819068089,nothing
1761185127.2762556,-1524.564607087057,-1076.9285015906207,418.7397684887983,249.87767563946545,nothing
1761185127.2762556,-1582.0730487057008,-1137.6644768710248,383.47251190664247,191.81572882737964,nothing
1761185127.2918153,-1572.9364731139503,-1111.0176896867342,378.80885666189715,229.24090768396854,nothing
1761185127.2918153,-1529.6471311268397,-1077.1454157880507,432.12487043021247,258.22139244060963,nothing
1761185127.2925632,-1573.2581045101397,-1126.2690017060377,400.6573522030376,202.76989579759538,nothing
1761185127.2925632,-1593.3301475723274,-1129.447916668374,386.0193837764673,196.70751796942204,nothing
1761185127.306078,-1548.275572806131,-1086.4428070778958,405.5416615451686,249.49994574394077,nothing
1761185127.306078,-1539.8308787061833,-1097.030463852454,416.52948761498556,237.35649058781564,nothing
1761185127.3218212,-1567.5323176779784,-1112.1994980727322,396.67435875022784,215.33595964871347,nothing
1761185127.3218212,-1525.0769733809866,-1072.4406216437928,415.0223079328425,267.2046321341768,nothing
1761185127.3225026,-1509.141259669792,-1046.4931957512163,438.87912975018844,280.99738317076117,nothing
1761185127.3225026,-1572.2932103215717,-1119.8662929818965,391.66289280960336,208.7238165270537,nothing
1761185127.3363273,-1553.8330641402863,-1088.4698328538798,402.5721809803508,246.77355867624283,nothing
1761185127.3363273,-1512.312694832217,-1047.136458543595,440.86875652661547,277.212604415603,nothing
1761185127.351742,-1550.8860229752026,-1105.3816604535095,414.2556284419261,219.9921350935474,nothing
1761185127.351742,-1576.6501937699504,-1115.6850848314352,380.933119836729,220.53068068716675,nothing
1761185127.352506,-1523.865245795343,-1069.8264315747656,417.621538402047,266.0153439482674,nothing
1761185127.352506,-1538.1479237261228,-1079.082683965098,424.35709822224453,243.46748711541295,nothing
1761185127.36612,-1567.8576889741234,-1109.0392826101743,401.1659785970114,224.86896463576704,nothing
1761185127.36612,-1525.63795837434,-1066.408163015265,410.4035314875655,273.9177525546402,nothing
1761185127.3817835,-1512.3276544320397,-1066.8457313100807,442.1141432118602,261.9425928965211,nothing
1761185127.3817835,-1570.8608286385424,-1119.5783206853084,401.04630179842934,210.216036609374,nothing
1761185127.3825324,-1560.9912326554768,-1109.3646539063193,395.4364518648945,248.6322889542207,nothing
1761185127.3825324,-1509.9341184603982,-1069.0036535845138,434.16311590606347,279.0975139932707,nothing
1761185127.396114,-1561.0884700543247,-1102.0681090927683,418.7696876884438,225.60946482699364,nothing
1761185127.396114,-1577.4580121603794,-1116.6686785197817,399.5353822163306,215.14896465092897,nothing
1761185127.4117043,-1537.4036836349405,-1068.5885246894322,414.26684814179316,265.69371255207807,nothing
1761185127.4117043,-1533.0354804866947,-1086.4091479782946,420.75557456491515,239.50693306233734,nothing
1761185127.4125848,-1584.9976504710503,-1136.082499189768,388.51763694686815,192.6085876179859,nothing
1761185127.4125848,-1540.2871465007775,-1082.7702253214084,414.4650628394447,252.36844900995493,nothing
1761185127.4261365,-1524.3289933898486,-1068.1509563946165,429.0469327666797,256.6768137589097,nothing
1761185127.4261365,-1573.5385970068164,-1118.957497292664,395.04750226950273,201.0944206174463,nothing
1761185127.4419188,-1561.2642453522421,-1098.1000752397813,394.2808227785863,242.80178492330015,nothing
1761185127.4419188,-1524.4636297882535,-1061.318159175571,424.0691259256564,259.80337012186646,nothing
1761185127.4426365,-1559.6635681712069,-1104.1661929679103,411.67135757254437,221.6601304737851,nothing
1761185127.4426365,-1587.0919944462366,-1130.6259851544164,387.59388165781274,204.5089492769912,nothing
1761185127.4560828,-1531.681636702735,-1069.7030148762278,412.26226176554337,249.11099614854902,nothing
1761185127.4560828,-1529.5012750285678,-1082.5121722244658,429.64905665954575,247.49535936769098,nothing
1761185127.471805,-1585.109847469721,-1134.575319507625,380.1178216463886,193.13591351173818,nothing
1761185127.471805,-1544.2551803537644,-1078.6638151700608,414.5211613387801,253.34456289839,nothing
1761185127.4725702,-1515.9441376891918,-1072.7360737402923,432.45772152626887,248.23585955891758,nothing
1761185127.4725702,-1570.7000129404478,-1121.403391863685,388.3456015489064,200.48481692466885,nothing
1761185127.4861495,-1566.3018905925564,-1109.8807601002045,393.3458477896638,218.60089231003076,nothing
1761185127.4861495,-1524.2429756908678,-1071.812318451237,428.7066018707119,262.24926469288766,nothing
1761185127.5018003,-1555.501059520524,-1109.7274242020212,419.068879684899,222.13509776815772,nothing
1761185127.5018003,-1584.6311402753927,-1129.4778358680196,384.6431005927734,212.68437058012933,nothing
1761185127.5024877,-1534.5725793684833,-1078.2412064750679,417.2138893068768,260.4204536145553,nothing
1761185127.5024877,-1531.969608999323,-1083.9782130070962,425.5501263081096,242.10990343149751,nothing
1761185127.5160604,-1577.7946031563915,-1130.8428993518464,378.6031621643342,197.6911116577685,nothing
1761185127.5160604,-1534.2434681723826,-1082.0110256304033,411.9817692688666,253.79335089307278,nothing
1761185127.531761,-1526.5018752641045,-1069.639436576981,435.16540909418836,253.85318929236382,nothing
1761185127.531761,-1578.1349340523593,-1131.7217758414336,401.11735989758745,194.24666379857808,nothing
1761185127.5324707,-1566.6646608882584,-1099.008870929014,405.5154822454788,234.68246211949736,nothing
1761185127.5324707,-1537.4560422343202,-1082.6131495232694,426.5598992961459,254.83678298071027,nothing
1761185127.546132,-1536.6183046442457,-1085.5040921890177,411.0991528793238,229.89539017621428,nothing
1761185127.546132,-1552.3595435577445,-1099.2818836257793,388.03144995262846,219.0309808049351,nothing
1761185127.5618382,-1518.4536105594598,-1046.8260468472727,431.4741278379224,275.44737163651735,nothing
1761185127.5618382,-1518.016042264644,-1060.4953811853193,443.36700969701633,265.25614425726235,nothing
1761185127.5625544,-1586.605807451997,-1123.3930186401121,382.1672868221067,189.14918015897274,nothing
1761185127.5625544,-1534.684776367154,-1077.1678551877849,405.11905285017565,247.79455136414617,nothing
1761185127.5761497,-1515.6973042921163,-1061.4303561742418,429.8210920575075,259.91930702049285,nothing
1761185127.5761497,-1560.9014750565402,-1098.163653539028,407.68088431982324,221.697529473342,nothing
1761185127.5917208,-1554.4538875329308,-1091.7198059153743,396.8389143482782,233.7736664302647,nothing
1761185127.5917208,-1505.3116021151654,-1053.4045308693312,436.51177307823673,267.7095186281949,nothing
1761185127.5925322,-1561.3914019507356,-1090.0368509353139,411.2225695778616,227.4794148048386,nothing
1761185127.5925322,-1588.0681083346717,-1110.5352425924502,393.22991089103743,218.96366260573268,nothing
1761185127.6061544,-1511.0897475467063,-1035.1612988854758,440.0871174358763,279.0563750937581,nothing
1761185127.6061544,-1532.321159595158,-1076.4984130957164,430.6363902478479,235.16864911373705,nothing
1761185127.6217406,-1582.9818443949334,-1108.7924492130987,391.3861402128823,211.93265068903565,nothing
1761185127.6217406,-1535.8815443529747,-1073.5027532312088,414.1060324436985,256.4112808620557,nothing
1761185127.6224957,-1521.4604901238345,-1072.9492480377667,428.1568365772255,254.900361279957,nothing
1761185127.6224957,-1559.469093373511,-1114.1180667500012,406.0652475389652,219.09081920422614,nothing
1761185127.6361425,-1556.4472542093135,-1106.9823376345448,383.28925680881366,227.72998810186982,nothing
1761185127.6361425,-1512.1817983337678,-1048.6735574253835,441.0856707240455,274.7255709450692,nothing
1761185127.6517885,-1539.640143808443,-1091.349555819761,428.2877330756746,238.88236976973712,nothing
1761185127.6517885,-1568.0858228714205,-1111.937705075834,401.96631718752906,220.35864528920501,nothing
1761185127.6524887,-1511.3515405436046,-1041.5789672094397,436.23128058156,283.37595954257995,nothing
1761185127.6524887,-1535.2794204601087,-1084.5204985006712,427.53227328462526,237.87633668165654,nothing
1761185127.666131,-1586.5609286525287,-1114.73515024269,394.41171927703544,216.81322013121098,nothing
1761185127.666131,-1533.779720577877,-1066.0192134198733,410.8822386818938,267.9039934258908,nothing
1761185127.6818223,-1513.614180016797,-1059.0069010029547,429.57425866043195,271.10908768791705,nothing
1761185127.6818223,-1556.9820599029772,-1108.0108101223595,410.49702898645774,212.75168877933174,nothing
1761185127.6825025,-1557.1615751008503,-1095.2652310733683,395.11482046870515,234.84701771754771,nothing
1761185127.6825025,-1512.51838932978,-1059.848378492985,440.03101893654093,256.3028237633407,nothing
1761185127.6960623,-1548.43264860427,-1099.2295250263996,405.608979744371,228.73228128999472,nothing
1761185127.6960623,-1573.8602284030057,-1115.9917566278018,389.03000324079767,214.78993425518274,nothing
1761185127.7121656,-1514.074187711347,-1063.8351118457504,426.847871592734,271.9393454780802,nothing
1761185127.7121656,-1531.9509094995447,-1085.3021375914104,419.49896817980334,233.23138093668967,nothing
1761185127.712517,-1584.9714711713605,-1107.5208832281642,401.4689104934223,216.1437780391425,nothing
1761185127.712517,-1544.8236451470293,-1070.3126185690053,413.7320424481295,257.3425159510225,nothing
1761185127.7260635,-1513.4197052191012,-1054.5190210561268,443.5315652950667,261.11233510635793,nothing
1761185127.7260635,-1575.4646454839967,-1119.8625530819409,385.5818154816516,197.03288926556706,nothing
1761185127.7418337,-1558.601436583791,-1109.0617220099084,392.1715192035772,223.1822697557509,nothing
1761185127.7418337,-1505.981044207234,-1066.5091403140686,424.86946451617405,256.10460906568915,nothing
1761185127.7426984,-1554.9288548273034,-1105.3180821542628,414.85775233479217,223.1822697557509,nothing
1761185127.7426984,-1575.7339182808064,-1111.732010578271,393.3570674895309,212.5048553822562,nothing
1761185127.7560315,-1500.9695782666095,-1041.418151511345,436.0442855837755,280.92258517164737,nothing
1761185127.7560315,-1537.9272696287371,-1073.0801445362158,425.8605380044319,245.0083258971572,nothing
1761185127.7718363,-1581.9832911067642,-1121.223876665812,397.41859884141013,206.139545657672,nothing
1761185127.7718363,-1527.941736747045,-1062.043699766975,418.0778061966412,265.28980335686356,nothing
1761185127.7726448,-1498.7817367925309,-1061.7445077705197,424.68246951838955,271.4157594842836,nothing
1761185127.7726448,-1579.2830833387561,-1121.0406215679832,390.2828697259538,198.89535944350064,nothing
1761185127.786869,-1566.4776658904739,-1105.4153195531107,396.63695975067094,237.83145788218826,nothing
1761185127.787506,-1511.9648841363378,-1057.8138729170896,435.13548989454284,274.62459364626557,nothing
1761185127.787506,-1559.854303068947,-1099.0051310290582,417.2849474060349,222.83819895982742,nothing
1761185127.801047,-1578.2920098504983,-1109.0093634105287,389.0524426405318,219.15813740342855,nothing
1761185127.801047,-1523.7044300972484,-1056.6956428303383,416.9633160098456,268.03488992433995,nothing
1761185127.816842,-1525.9932488701306,-1078.2262468752451,433.5161132137291,237.23681378923357,nothing
1761185127.816842,-1569.7837374513038,-1125.853872810956,386.2662171735428,196.81597506813705,nothing
1761185127.8175588,-1531.7751342016272,-1076.5769509947859,402.74421637831256,256.9647860554978,nothing
1761185127.8175588,-1516.7182969800197,-1068.5960044893436,426.0699724019505,250.05345093738288,nothing
1761185127.8312087,-1591.5275157936849,-1135.009147902485,381.37442803150043,187.6793994763866,nothing
1761185127.8312087,-1563.496965625789,-1102.8647077833302,397.3587604421191,228.41064989380538,nothing
1761185127.8468025,-1516.0451149879955,-1070.4734342671,426.1559901009314,260.1997995171696,nothing
1761185127.8468025,-1552.026692461688,-1110.6436996911652,407.42283122288063,212.71428977977484,nothing
1761185127.8475597,-1575.4945646836422,-1125.1769509189762,369.3805688736029,197.07776806503534,nothing
1761185127.8475597,-1517.9188048657961,-1070.8324646628462,424.3047396228649,271.47933778353035,nothing
1761185127.861172,-1550.3661768813618,-1104.749617360998,419.7046626773663,229.4017233820632,nothing
1761185127.861172,-1574.0696628005244,-1127.8771586869843,388.2745434497483,197.2797226626426,nothing
1761185127.8768027,-1530.1557575208135,-1074.6995212170295,408.79163460666314,237.3003920884803,nothing
1761185127.8768027,-1503.325715238694,-1052.877204975579,431.4816076378338,261.17217350564897,nothing
1761185127.8775678,-1565.5501707014628,-1122.659998248797,388.66723294509575,198.81308164447546,nothing
1761185127.8775678,-1560.3591895629652,-1098.3730879365467,389.40773313632235,236.84038439393044,nothing
1761185127.891107,-1522.0364347170107,-1060.716035282705,425.3743510101922,265.89192724972963,nothing
1761185127.891107,-1556.8810826041736,-1102.1129878922366,414.52864113869146,223.91155024711043,nothing
1761185127.9233165,-1575.1018751882948,-1122.3009678530507,383.58470890531316,205.52994196489453,nothing
1761185127.9233165,-1513.2439299211837,-1062.2082553650253,420.1534506720491,254.6797071825713,nothing
1761185127.9239745,-1532.3884777943604,-1085.934180683922,423.20146913593635,229.02399348653853,nothing
1761185127.9239745,-1576.642713970039,-1133.5468470198102,379.99440494785085,196.18767187558115,nothing
1761185127.9246082,-1531.8312327009626,-1083.787478109356,394.29204247845337,247.77211196441203,nothing
1761185127.9246082,-1509.5638683647849,-1064.10438464256,431.9303956325166,252.70504000596702,nothing
1761185127.9254467,-1575.1430140878074,-1120.030848579947,391.5731352106668,197.4667176604271,nothing
1761185127.9254467,-1560.097396566067,-1106.1072010449134,382.7469713152386,224.65579033829272,nothing
1761185127.9360871,-1514.1976044098847,-1064.5569125371985,429.2264479645528,256.91616735607386,nothing
1761185127.9360871,-1563.3698090272956,-1119.847593482118,401.96257728757337,209.56529401708394,nothing
1761185127.951072,-1580.8987201196142,-1128.677497277502,387.1226542633958,197.37322016153485,nothing
1761185127.951072,-1520.9892627294175,-1067.6236305008642,418.61261189030483,259.8706883210689,nothing
1761185127.9668412,-1541.2782199890353,-1094.558389981743,411.97054956899956,222.19493616744876,nothing
1761185127.9668412,-1587.2303707445972,-1132.3388593341224,381.99899132410064,197.59761415887624,nothing
1761185127.967476,-1546.2036682306789,-1083.6266624112613,400.03652881039307,249.06611734908074,nothing
1761185127.967476,-1507.2039914927445,-1056.2131957360543,432.42406242666766,263.42733317893,nothing
1761185127.9810753,-1572.55500331847,-1121.3098943647929,396.70053804991767,199.68073843419552,nothing
1761185127.9810753,-1569.6453611529432,-1097.019244152587,397.9496646351181,226.57809891551733,nothing
1761185127.9968164,-1520.7873081318103,-1056.4562892331742,429.0693721664138,259.44433972612023,nothing
1761185127.9968164,-1551.5779044670053,-1103.4443922764622,407.5125888218172,225.20929553173482,nothing
1761185127.997438,-1570.1016289475374,-1106.944938634988,394.0489489813335,223.83301234804094,nothing
1761185127.997438,-1518.752802555915,-1063.8725108453073,423.4483025330119,263.1917194817215,nothing
1761185128.011148,-1534.7408748664893,-1089.9321337365545,410.9532967810519,229.30448598321527,nothing
1761185128.011148,-1590.8281545019709,-1138.2815603637137,391.63297360995784,192.3916734205559,nothing
1761185128.0268126,-1557.1241761012934,-1095.7738574673422,398.82106132479385,232.1430700495839,nothing
1761185128.0268126,-1517.5036759707145,-1081.1134496410377,416.34997241711244,246.3023312818259,nothing
1761185128.0274403,-1579.33170203818,-1129.3469393695705,384.1344741987996,194.14568649977446,nothing
1761185128.0274403,-1567.3752418798395,-1116.6200598203577,383.9437393010594,209.3969985190779,nothing
1761185128.0410812,-1506.2054382045753,-1062.9450156562962,427.7753667817451,256.4860788611695,nothing
1761185128.0410812,-1554.7381199295633,-1112.648286067415,407.7257631192915,204.49398967716843,nothing
1761185128.056815,-1578.0563961532898,-1119.2379897893406,367.95566699048504,200.67555182240903,nothing
1761185128.056815,-1530.0360807222314,-1066.3707640157081,419.4353898805566,256.84136935696006,nothing
1761185128.0575595,-1523.7193896970712,-1081.4874396366067,423.6652167304419,235.4080027109012,nothing
1761185128.0575595,-1588.5767347286455,-1125.999728909228,380.8658016375266,190.2786299455911,nothing
1761185128.0711403,-1534.2172888726927,-1071.1092172595672,418.71358918910846,259.2984836278483,nothing
1761185128.0711403,-1513.1653920221142,-1056.0037613385357,435.24020709330216,264.62410116475075,nothing
1761185128.0867305,-1572.229632022325,-1121.1228993670084,385.59677508147433,208.52934172935784,nothing
1761185128.0867305,-1555.512279220391,-1096.7013526563533,397.19420484406874,243.84895691089332,nothing
1761185128.0874653,-1509.7882623621263,-1050.9249771987088,434.75775999901816,271.26242358610034,nothing
1761185128.0874653,-1556.8810826041736,-1097.0117643526755,412.78584775933996,224.53237363975495,nothing
1761185128.1011443,-1587.5744415405206,-1127.110479196068,378.52088436530903,200.89620591979474,nothing
1761185128.1011443,-1518.5059691588394,-1060.7422145823948,419.42417018068954,266.6773062404245,nothing
1761185128.1167295,-1526.53179446375,-1079.1612218641676,420.8528119637631,244.94848749786615,nothing
1761185128.1167295,-1572.09499562392,-1125.6556581133045,369.9639932666905,198.58868764713407,nothing
1761185128.1175334,-1544.670309248846,-1084.4419606016017,389.725624632556,243.1196764195338,nothing
1761185128.1175334,-1520.0281084408052,-1063.7341345469467,430.4082563505508,261.06371640693396,nothing
1761185128.1310525,-1572.3193896212615,-1118.9874164923094,398.0207227342762,207.8412001375109,nothing
1761185128.1310525,-1572.6971195167862,-1114.7762891422026,390.5297031230293,225.15319703239948,nothing
1761185128.14685,-1512.0658614351414,-1052.04320728546,426.24574769986793,266.81568253878504,nothing
1761185128.14685,-1562.5657305368222,-1102.4981975876726,406.68233103165403,219.15065760351717,nothing
1761185128.1475897,-1571.2086393344216,-1122.0279551562853,379.44089975440875,209.3222005199641,nothing
1761185128.1475897,-1525.4659229763784,-1074.5686247185804,414.3603456406854,254.96019967924803,nothing
1761185128.1610954,-1551.0954573727213,-1082.9273011195473,409.70791009580716,234.00554022751749,nothing
1761185128.1610954,-1603.525114851538,-1133.464569220785,396.9810305465944,197.90054605528712,nothing
1761185128.1768413,-1544.116804055404,-1082.908601619769,415.9198839222081,257.17422045301646,nothing
1761185128.1768413,-1518.1095397635363,-1061.486454673577,422.8573983400129,259.02547093108296,nothing
1761185128.177513,-1577.5178505596705,-1127.387231792789,393.9778908821754,211.60727939289063,nothing
1761185128.177513,-1573.6582738053985,-1120.356219876092,383.88390090176836,219.60318549815565,nothing
1761185128.1911464,-1500.6591665702872,-1043.2357428898104,429.1479100654833,275.19305843953043,nothing
1761185128.1911464,-1549.5807978906669,-1100.3402753132395,400.34320060675964,210.71718320343643,nothing
1761185128.2068803,-1576.1565269757994,-1109.731164101977,380.4880717420019,213.6193455690518,nothing
1761185128.2068803,-1521.3894320246764,-1059.6576435952447,437.06527827167884,278.1662789043039,nothing
1761185128.207634,-1536.7080622431822,-1080.9601137428544,415.0372675326653,237.89877608139068,nothing
1761185128.207634,-1581.6093011111952,-1129.821906663943,381.3856477313675,200.8737665200606,nothing
1761185128.2212045,-1547.0526255206205,-1082.1269625290297,408.23438951326534,246.18265448324382,nothing
1761185128.2212045,-1509.103860670235,-1061.800606269855,444.80313128000125,270.3835470965132,nothing
1761185128.2368808,-1575.40106718475,-1116.7808755184524,400.44791780551895,213.30893387272954,nothing
1761185128.2368808,-1571.552710130345,-1106.6943653379567,391.7563903084956,235.0714117148891,nothing
1761185128.2374897,-1502.9853843427263,-1043.299321189057,436.38835637969896,284.5727275284007,nothing
1761185128.2374897,-1553.2421599472873,-1105.0488093574531,413.2084564543329,215.20132325030863,nothing
1761185128.2510715,-1565.0303246076219,-1118.3852925994433,385.62295438116416,211.4315040949732,nothing
1761185128.2510715,-1509.8256613616832,-1048.269648230169,422.71902204165235,274.2019849512726,nothing
1761185128.266895,-1536.83147894172,-1079.6698482581414,412.00794856855646,241.3768830401823,nothing
1761185128.266895,-1588.4159190305509,-1125.25174891809,387.8407150548883,201.56938791181892,nothing
1761185128.2675416,-1552.3819829574786,-1089.202853245195,386.9057400659658,238.68041517212987,nothing
1761185128.2675416,-1534.576319268439,-1073.065184936393,412.5427542622201,249.07359714899212,nothing
1761185128.2811074,-1579.8478082320653,-1117.6560121080838,402.1645318851806,196.6439396701753,nothing
1761185128.2811074,-1565.329516604077,-1111.7881090776064,395.5785680632107,218.7018696088344,nothing
1761185128.29685,-1515.6786047923379,-1064.9234227328561,418.1787834954448,260.02402421925217,nothing
1761185128.29685,-1567.8689086739905,-1111.8329878770746,400.77702900161967,203.26356259174645,nothing
1761185128.297479,-1584.7059382745065,-1130.558666955214,378.5769828646444,202.85591349657625,nothing
1761185128.297479,-1523.25190220261,-1054.1525108604692,414.0723733440973,269.5794686060399,nothing
1761185128.3110635,-1533.4206901821308,-1070.6641691648401,410.8448396823369,235.49402040988207,nothing
1761185128.3110635,-1584.2085315803997,-1123.6809909367003,390.55962232267484,200.20058452803642,nothing
1761185128.3269107,-1538.615411220584,-1068.326731692534,415.45613632770255,265.40574025548995,nothing
1761185128.3269107,-1507.596680988092,-1054.107632061001,440.6630620290525,264.2388914693147,nothing
1761185128.3275037,-1562.846223033499,-1115.3784130350687,400.44791780551895,215.33595964871347,nothing
1761185128.3275037,-1554.6745416303165,-1109.1813988084905,383.6894261040725,231.99347405135632,nothing
1761185128.3410647,-1513.831094214227,-1053.516727868002,436.9381216731854,271.65885298140347,nothing
1761185128.3410647,-1557.6028832956217,-1097.1800598506816,408.552281009499,227.50185420457274,nothing
1761185128.3568969,-1571.5265308306552,-1113.9796904516406,386.59532836964354,205.0998534699902,nothing
1761185128.3568969,-1506.4223524020053,-1056.2730341353454,418.35081889340654,264.69889916386455,nothing
1761185128.357542,-1532.526854092721,-1079.7147270576097,418.5116345915012,249.81409734021872,nothing
1761185128.357542,-1591.3143414962105,-1122.7871548472904,385.9483256773092,195.465871184133,nothing
1761185128.3711157,-1530.7354420139454,-1068.2145346938632,422.68910284200683,254.3842550860718,nothing
1761185128.3711157,-1511.022429347504,-1052.3274396820925,444.06637098873034,275.29403573833406,nothing
1761185128.3868797,-1565.1574812061153,-1114.7014911430888,402.45250418176875,203.45055758953094,nothing
1761185128.3868797,-1544.6291703493334,-1100.3066162136383,390.8775138189085,231.54094615671784,nothing
1761185128.3875508,-1507.5331026888452,-1058.5992519077845,423.8185526286252,263.2814770806581,nothing
1761185128.3875508,-1563.437127226498,-1114.4995365454815,407.1460786261596,212.56095388159156,nothing
1761185128.4030244,-1585.1360267694108,-1119.5334418858401,393.5814614868723,205.06993427034467,nothing
1761185128.4030244,-1529.4339568293653,-1071.920775549952,412.1725041666068,264.85223506204784,nothing
1761185128.4168568,-1534.4529025699012,-1076.008486201521,428.6355437715538,241.6386760370806,nothing
1761185128.4168568,-1586.7105246507563,-1126.844946299214,379.9794453480281,200.62693312298506,nothing
1761185128.4174907,-1534.7034758669324,-1075.1670087114908,407.78560151858255,257.3537356508896,nothing
1761185128.4174907,-1505.6893320106901,-1053.37087176973,427.87260418059304,263.8574216738343,nothing
1761185128.4311585,-1578.2620906508528,-1119.982229880523,394.9427850707434,200.3202613266185,nothing
1761185128.4311585,-1545.6389433373697,-1086.1697943811305,404.3261940595694,246.4893262796104,nothing
1761185128.446889,-1504.907692919951,-1047.9293173342012,421.7354283533059,275.88493993133307,nothing
1761185128.446889,-1569.3012903570198,-1111.369240282569,399.0903341216035,216.89923783019185,nothing
1761185128.4475524,-1573.3478621090762,-1119.4249847871251,394.89042647136375,219.06090000458062,nothing
1761185128.4475524,-1509.5189895653166,-1053.733642065432,426.9264094918035,274.751750244759,nothing
1761185128.461152,-1529.4676159289666,-1074.246993322391,426.75437409384176,249.17083454784006,nothing
1761185128.461152,-1576.4444992723875,-1114.1367662497796,390.17815252719447,220.9944282816723,nothing
1761185128.476804,-1540.6947955959477,-1080.7880783448927,404.3897723588161,251.0108653260395,nothing
1761185128.476804,-1515.2111172978766,-1055.046346949879,428.3737507746555,260.3905344149098,nothing
1761185128.4775376,-1566.874095285777,-1097.4942114469595,402.44502438185737,220.53442058712244,nothing
1761185128.4775376,-1573.5161576070823,-1099.3192826253362,384.792696591001,239.8921427577734,nothing
1761185128.4912014,-1522.5114020113833,-1061.3443384752609,425.90915670385584,266.92039973754436,nothing
1761185128.4912014,-1539.9505555047654,-1084.6588747990318,420.5424002674408,240.20255445409566,nothing
1761185128.5067992,-1569.7912172512151,-1114.3649001470767,384.63188089290634,225.45612892881036,nothing
1761185128.5067992,-1531.7115559023805,-1072.2498867460527,413.11869885539636,257.51081144902855,nothing
1761185128.5075705,-1521.6026063221507,-1067.3206986044534,432.91024942090735,248.50513235572726,nothing
1761185128.5075705,-1579.8964269314893,-1112.8203214653768,383.10226181102917,205.3541666669771,nothing
1761185128.5211656,-1538.7687471187674,-1075.7990518040024,417.59909900231287,255.0798764778301,nothing
1761185128.5211656,-1517.4662769711576,-1065.5816451250575,436.0480254837312,264.4670253666118,nothing
1761185128.5368412,-1568.3139567687176,-1118.0973203028552,397.82250803662464,199.66203893441707,nothing
1761185128.5368412,-1567.285484280903,-1109.547909004148,395.85906055988744,232.76763334218413,nothing
1761185128.537469,-1503.2359576397575,-1045.4048848641105,423.410903533455,278.8805997958407,nothing
1761185128.537469,-1544.4795743511058,-1103.5827685748227,406.22980313701555,225.48978802841157,nothing
1761185128.5511436,-1567.8202899745665,-1113.5458620567806,397.11940684495494,223.08877225685865,nothing
1761185128.5511436,-1521.176257727202,-1059.73992139427,420.407763869036,275.8998995311558,nothing
1761185128.5668828,-1531.2889472073875,-1066.4306024149992,418.3994375928305,255.70069987047464,nothing
1761185128.5668828,-1580.8014827207662,-1119.4100251873024,400.4366981056519,223.87041134759784,nothing
1761185128.5675063,-1527.6500245505013,-1075.828971003648,410.7027234840207,262.787810286507,nothing
1761185128.5675063,-1503.7071850341745,-1066.1164508187212,427.8539046808146,256.8675486566499,nothing
1761185128.5811465,-1558.5453380844556,-1113.7029378549196,402.6207996797748,216.26719473768026,nothing
1761185128.5811465,-1528.9365501352586,-1103.10780128045,397.78136913711205,241.0028930446133,nothing
1761185128.5968716,-1498.1010750005953,-1059.9381360919215,433.9349820087664,274.7667098445818,nothing
1761185128.5968716,-1553.6759883421473,-1110.9167123879306,406.6598916319199,217.15729092713445,nothing
1761185128.597466,-1566.500105290208,-1123.6622914369218,378.4909651656635,212.34029978420585,nothing
1761185128.597466,-1508.8832065728493,-1065.383430427406,425.1761363125406,279.8006151849404,nothing
1761185128.6111004,-1522.6422985098325,-1086.9065546724014,426.8067326932214,243.01869912073016,nothing
1761185128.6111004,-1583.4680313891731,-1140.2599674402736,389.243177538272,211.45020359475166,nothing
1761185128.6268153,-1541.3492780881934,-1087.9574665599503,403.45105746993795,249.95247363857925,nothing
1761185128.6268153,-1518.2778352615424,-1059.3360121990554,430.0828850544058,260.7233855109662,nothing
1761185128.6274583,-1579.0287701417692,-1128.8009139760397,389.03748304070905,204.56504777632654,nothing
1761185128.6274583,-1550.5494319791906,-1102.1541267917491,387.3171290610917,238.47098077461123,nothing
1761185128.6410892,-1514.0891473111697,-1059.6127647957765,427.2630004878156,276.2103112274781,nothing
1761185128.6410892,-1562.6367886359803,-1115.688824731391,410.2240162896924,211.97378958854824,nothing
1761185128.6568131,-1573.6807132051326,-1116.7546962187625,392.3510344014503,227.2961597070098,nothing
1761185128.6568131,-1530.0211211224087,-1076.0832842006348,411.8396530705504,259.3770215269178,nothing
1761185128.6574965,-1539.5279468097724,-1093.0773895992897,406.730949731078,222.79706006031483,nothing
1761185128.6574965,-1593.4947031703778,-1147.7547269514762,372.9446935313754,192.63102701772004,nothing
1761185128.6711595,-1558.8632295806892,-1099.1322876275517,400.5788143039681,229.368064282462,nothing
1761185128.6711595,-1511.5572350411676,-1058.0158275146969,433.9723810083233,259.57897612452507,nothing
1761185128.6868992,-1583.9242991837673,-1130.558666955214,378.5358439651318,180.35293546319008,nothing
1761185128.6868992,-1560.3891087626107,-1098.103815139737,391.14304671576247,226.20784881990403,nothing
1761185128.687816,-1508.8719868729822,-1052.5593134793453,425.49776770872995,268.99978411290795,nothing
1761185128.687816,-1559.6523484713398,-1105.2283245553263,407.18721752567217,210.9901959002018,nothing
1761185128.7011447,-1586.3253149553202,-1131.643237942364,376.748171786312,206.9137049484998,nothing
1761185128.7011447,-1523.3790588011034,-1057.3089864230715,424.0766057255678,260.3082566158846,nothing
1761185128.7167945,-1537.7290549310856,-1092.2246924093924,424.6301109190099,238.6280565727502,nothing
1761185128.7167945,-1596.43426453555,-1133.659044018481,374.227479216177,208.79487462621182,nothing
1761185128.7175157,-1535.552433156874,-1067.589971401263,407.41535142296925,270.82111539132893,nothing
1761185128.7175157,-1518.3713327604346,-1054.0851926612668,438.69587465235963,271.0193300889805,nothing
1761185128.7310538,-1561.9598667440005,-1108.3361814185046,398.6191067271866,211.7306960914284,nothing
1761185128.7310538,-1549.5471387910657,-1086.9813526715152,410.93085738131776,251.07444362528622,nothing
1761185128.7467933,-1498.0412366013043,-1040.3261007242836,433.8601840096526,292.9239241294563,nothing
1761185128.7467933,-1565.437973702792,-1114.2227839487605,400.55637490423396,215.49303544685245,nothing
1761185128.7475667,-1579.5747955353,-1110.12759349728,392.9045395948924,226.2153286198154,nothing
1761185128.7475667,-1515.315834496636,-1059.014380802866,432.3679639273323,271.81966867949814,nothing
1761185128.7611861,-1524.4673696882091,-1064.7775666345842,423.13415093673393,253.87936859205365,nothing
1761185128.7611861,-1583.770963285584,-1128.9467700743116,379.29130375618115,202.5791608998552,nothing
1761185128.7768238,-1526.2625216669403,-1070.424815567676,411.71623637201265,269.55328930635005,nothing
1761185128.7768238,-1518.5209287586622,-1055.023907550145,437.23731366964057,270.940792189911,nothing
1761185128.7775352,-1584.5264230766334,-1123.6435919371434,389.834081731271,202.74745639786124,nothing
1761185128.7775352,-1547.7033681129105,-1097.512910946738,400.3918193061836,236.7805459946394,nothing
1761185128.7917287,-1510.130463208072,-1050.8838382991962,427.9043933302164,266.67543629044667,nothing
1761185128.7924511,-1562.1150725921616,-1118.366593099665,390.6774291712791,206.32093080552295,nothing
1761185128.7924511,-1583.5110402386636,-1123.1200059433468,372.538914386183,203.36266994057223,nothing
1761185128.8061528,-1529.3946878798306,-1078.1776281758212,420.43955301865935,247.63186571607366,nothing
1761185128.8061528,-1554.9681237768382,-1092.4752657064237,397.72340068779886,214.642208206933,nothing
1761185128.8217394,-1569.8678852003068,-1118.7069239956327,386.6719963187352,199.54423208581284,nothing
1761185128.8217394,-1538.4452457726002,-1087.1346885696985,404.94514750223607,231.7971293036826,nothing
1761185128.8225448,-1520.8190972814336,-1079.0565046654083,416.91656726039946,236.423385548871,nothing
1761185128.8225448,-1588.2981121819466,-1134.5080013084225,378.30584011785686,183.85535177169368,nothing
1761185128.8361294,-1568.5402207160369,-1113.1868316610344,382.35241186991334,223.90968029713258,nothing
1761185128.8361294,-1522.5843300605193,-1070.4023761679418,416.4116807663813,260.0595532688312,nothing
1761185128.8517392,-1569.142344608903,-1118.0075627039187,395.65523601230234,204.10691003175452,nothing
1761185128.8517392,-1583.9112095339224,-1128.1800905833952,388.7439008941874,204.38740252843127,nothing
1761185128.8525424,-1512.7072542775422,-1050.4948887038045,429.99499740544707,273.27261981228366,nothing
1761185128.8525424,-1532.947592837736,-1081.678174534347,415.981592271477,244.7671023500152,nothing
1761185128.866047,-1571.4274234818295,-1130.5287477555685,389.82847188133746,205.47945331549272,nothing
1761185128.866047,-1538.2096320753917,-1080.8778359438293,400.0047396607697,247.37381261913106,nothing
1761185128.8818443,-1499.6924024317414,-1059.1303177014925,424.9723117649555,256.9928353051655,nothing
1761185128.8818443,-1565.63057855051,-1123.2359428419732,400.2964518573135,198.76259299507365,nothing
1761185128.882522,-1562.2235296908766,-1109.574088303838,399.8888027621433,217.14420127728954,nothing
1761185128.882522,-1498.6788895437494,-1048.2546886303462,430.07727520447224,269.0278333625756,nothing
1761185128.8961377,-1546.3177351793274,-1101.1331341038458,414.65766768716276,224.78481688676402,nothing
1761185128.8961377,-1573.1066385619342,-1119.3875857875682,394.7389605231583,213.20608662394807,nothing
1761185128.911964,-1507.318058441393,-1058.6590903070755,436.8090951247141,272.01227352721617,nothing
1761185128.911964,-1522.9284008564427,-1089.7488786387257,427.6837392328307,230.69385881675407,nothing
1761185128.9125,-1565.7315558493137,-1136.022660790477,393.3252783399075,197.88371650548652,nothing
1761185128.9125,-1522.4272542623803,-1088.1743807573803,415.1700339810923,239.5424621119164,nothing
1761185128.9261458,-1514.180774860084,-1086.7008601748385,437.7552898135036,237.45933783659711,nothing
1761185128.9261458,-1583.784052935429,-1157.6243229345419,402.0841240361333,154.82624831562862,nothing
1761185128.9418821,-1528.9720791848376,-1109.8321414007805,419.33254263177514,184.24430136708543,nothing
1761185128.9418821,-1463.7706633573398,-1058.7563277059235,464.585332095623,220.55499003687873,nothing
1761185128.9425263,-1516.5967502314597,-1134.8109332048334,439.55418169219047,154.6878720172681,nothing
1761185128.9425263,-1512.4529410805553,-1132.114465336781,428.45041872374713,139.72827219450846,nothing
1761185128.956044,-1437.1089165732265,-1066.5876782131381,482.06936438847333,182.4416695884429,nothing
1761185128.956044,-1441.1330489255488,-1102.6964122853242,484.68729435745627,137.62644841941074,nothing
1761185128.972574,-1473.0830142470077,-1154.5052463714965,461.12966453656554,84.21693715220317,nothing
1761185128.972574,-1414.7368350382894,-1111.3056619833224,496.62131511606276,121.87024990608916,nothing
1761185128.9729335,-1383.3104557106271,-1094.5658697816543,531.3762054042891,114.80931878974661,nothing
1761185128.9729335,-1416.9284164123237,-1163.024738470558,496.06780992262065,35.64685642765835,nothing
1761185128.9860911,-1382.382960521616,-1140.0841921423562,514.4718576045707,79.97215070249513,nothing
1761185128.9860911,-1327.567246871069,-1101.0545962047763,548.6545431995764,70.76825691154227,nothing
1761185129.001992,-1374.4094938160852,-1167.4340805183165,529.0312881320715,5.989449779037386,nothing
1761185129.001992,-1384.7166580939665,-1179.3980204765685,507.2762900898233,-3.9250250034965575,nothing
1761185129.0026507,-1315.3190745161846,-1123.0601675440557,539.2412150111049,44.17008842667565,nothing
1761185129.0026507,-1329.7289090454578,-1156.9324414427392,538.7924270164222,2.1859715241007507,nothing
1761185129.0161233,-1378.8562348634005,-1211.5761196953245,507.41092648822814,-37.804778702091426,nothing
1761185129.0161233,-1327.327893273905,-1156.8052848442458,536.4362900443375,16.27043475722894,nothing
1761185129.0319743,-1307.1436532130465,-1145.0694787832908,550.8760437732562,17.796313939150423,nothing
1761185129.0319743,-1358.997366098687,-1181.14081385592,528.3543662400916,-19.9168372140266,nothing
1761185129.0326655,-1346.49114064686,-1167.1909870211966,527.5577675495297,-0.8508272399194539,nothing
1761185129.0326655,-1308.187085300684,-1136.3143729870208,539.4394297087565,24.37479796120897,nothing
1761185129.0460625,-1335.7838070737198,-1170.0669700871222,530.7965209111571,-22.841438979376107,nothing
1761185129.0460625,-1354.329970953986,-1195.2327568889596,506.81628239527345,-32.247287367936224,nothing
1761185129.0618544,-1298.6241611139849,-1123.70717023639,556.0184062123299,50.97670634603128,nothing
1761185129.0618544,-1326.6621910817921,-1153.5740112825297,538.7288487171754,6.479376673232764,nothing
1761185129.0626163,-1370.7556115593761,-1185.9615448988043,503.5999684333801,-28.997314306441694,nothing
1761185129.0626163,-1334.8787512844428,-1149.9014295260422,522.3667864110321,21.005148101132363,nothing
1761185129.07608,-1323.733849416487,-1137.492441473063,529.6558514246717,32.66989606292918,nothing
1761185129.07608,-1376.1036684960127,-1181.7130185491405,500.65666716825217,-10.469849925953895,nothing
1761185129.091896,-1375.4566658036783,-1174.207039338071,479.926401713863,1.325794534292072,nothing
1761185129.091896,-1335.2602210799232,-1126.2203830066137,522.7108572069556,62.61527500813827,nothing
1761185129.0925136,-1377.0610828846693,-1164.2663852558471,504.00013772863895,31.24125427985564,nothing
1761185129.0925136,-1392.7836222983897,-1163.0658773700707,477.94425473734736,29.864971096161753,nothing
1761185129.106125,-1349.0043534170836,-1116.122653126251,506.07204230409116,76.80819533998147,nothing
1761185129.106125,-1381.7135184295475,-1143.0798520068638,502.66873334441334,55.29255089489743,nothing
1761185129.1218936,-1431.1587357437238,-1176.0582898161374,482.80986457969993,33.784386249724776,nothing
1761185129.1218936,-1390.4835838256404,-1118.8453002939932,491.65846787486225,92.04080785950646,nothing
1761185129.122576,-1368.3957346873358,-1104.1624530679546,507.4558052876964,99.68142346898094,nothing
1761185129.122576,-1433.6121101146564,-1164.6254156515934,457.90961067471653,53.175767519976944,nothing
1761185129.1362653,-1430.9418215462938,-1144.224261393305,473.38531669136137,107.37439767783508,nothing
1761185129.1362653,-1391.1231067180634,-1103.3471548776142,497.0177445113659,142.36490166326985,nothing
1761185129.1518953,-1429.864730359055,-1136.0376203902997,478.9353282256052,100.56403985852376,nothing
1761185129.1518953,-1466.5868080239743,-1149.710694628302,442.60220015607774,89.35181979136541,nothing
1761185129.1525595,-1416.8797977128997,-1106.4924107403494,479.06622472405434,137.09912252565846,nothing
1761185129.1525595,-1454.4994513671845,-1144.4785745902918,461.87016472779214,101.3643784490414,nothing
1761185129.1661675,-1494.4827217934653,-1175.4187669237144,438.26765610743314,84.75548274582252,nothing
1761185129.1661675,-1439.177081248723,-1114.8735265410505,459.0764594608918,138.01539801480249,nothing
1761185129.1818728,-1432.8192513240501,-1111.6272933795117,475.58437786530703,138.28467081161216,nothing
1761185129.1818728,-1505.0105401687324,-1163.9821528592147,444.9209381286055,84.8751595444046,nothing
1761185129.1824827,-1477.8962654899806,-1132.1406446364708,441.2184371724725,134.94120025122538,nothing
1761185129.1824827,-1424.0865849275142,-1082.616889423225,465.19493578840047,166.78270847396925,nothing
1761185129.1961117,-1490.084599445574,-1146.7524337633513,434.18742525577545,100.5453403587453,nothing
1761185129.1961117,-1510.8373042996973,-1159.4007754134946,409.7770982449874,105.04070010548458,nothing
1761185129.2118392,-1439.2630989477038,-1081.2480860394426,463.05571301374584,179.09445912810043,nothing
1761185129.2118392,-1467.3310481151566,-1109.91067929985,451.8023540470749,144.24981124093756,nothing
1761185129.2124736,-1510.0968041084707,-1141.02664693119,417.5598300527781,128.50483242748305,nothing
1761185129.2124736,-1470.0013366835192,-1092.7520183031447,441.03892197459936,188.75088081369177,nothing
1761185129.2261693,-1466.4110327260569,-1086.03141808277,450.37745216395706,185.13813745649531,nothing
1761185129.2261693,-1523.8035374460742,-1132.645531130489,424.0597761757672,139.42908019805327,nothing
1761185129.2418883,-1501.685769108124,-1096.3124030609615,419.3437623316422,170.3580528316088,nothing
1761185129.2418883,-1453.3737414805219,-1044.1707178787328,457.16911048348993,225.4991377783008,nothing
1761185129.2425718,-1515.5346186440438,-1107.0085169342346,420.3460555197671,161.41969193750992,nothing
1761185129.2425718,-1531.548870254308,-1120.8947654697113,404.3692029090598,162.10409362940118,nothing
1761185129.2561114,-1474.3732797317207,-1051.4186439928599,443.26416244823486,222.77275071060285,nothing
1761185129.2561114,-1495.066146186553,-1081.1171895409934,430.309149001725,198.91966879321262,nothing
1761185129.2718916,-1544.4552650013939,-1114.2938420479186,398.42276197951287,167.84857996134087,nothing
1761185129.2718916,-1497.115611362271,-1064.9870010321029,421.8756746016443,212.95925322687253,nothing
1761185129.2724872,-1487.4928487762809,-1051.235388895031,436.33786773029715,235.15929936384782,nothing
1761185129.2724872,-1557.5187355466187,-1118.400252199266,397.7383602876216,171.01627522381023,nothing
1761185129.2861254,-1538.243291174993,-1090.8708486254327,403.1574753234163,200.000499880407,nothing
1761185129.2861254,-1485.4583432003856,-1043.336720188614,430.731757696718,229.9458788256161,nothing
1761185129.3018615,-1542.6825524223968,-1101.312649301719,397.61868348903954,176.24465536186472,nothing
1761185129.3018615,-1567.1340183326975,-1117.2895019124262,388.627963995561,164.74072309816256,nothing
1761185129.3024611,-1515.9160884395242,-1055.5325339441188,405.0162056013942,227.70941865211353,nothing
1761185129.3024611,-1524.480459338054,-1076.3525569974445,419.5307573294267,204.43228132789955,nothing
1761185129.3161683,-1585.941975209862,-1126.4372972040437,384.3644780460745,164.7631624978967,nothing
1761185129.3161683,-1545.4575581895187,-1080.1635150522925,397.31201169267297,211.50817204406485,nothing
1761185129.3318431,-1498.5405132453889,-1037.6483323560096,435.04760224558413,240.55223509995267,nothing
1761185129.3318431,-1573.1963961608708,-1110.5950809917413,383.68007635418326,170.67220442788675,nothing
1761185129.332507,-1560.2488625142723,-1091.9965585120954,378.6274715140462,203.7104806364514,nothing
1761185129.332507,-1508.7990588238463,-1051.7814142885618,431.5283563872799,240.3203613026999,nothing
1761185129.3461075,-1555.3421137724072,-1082.7178667220287,411.2730582272634,199.79106548288837,nothing
1761185129.3461075,-1581.540112962015,-1088.1519413576461,389.23756768833846,212.01679843803868,nothing
1761185129.3618891,-1512.2098475834355,-1026.970917982515,421.1950128097087,262.68496303772554,nothing
1761185129.3618891,-1531.5226909546182,-1074.0450387247838,409.6349820466712,211.80736404052004,nothing
1761185129.3624995,-1599.7048070468009,-1136.8155195810832,379.45772930420935,175.8033471670933,nothing
1761185129.3624995,-1516.6079699313268,-1049.8665855112486,412.338929714635,252.05616736365482,nothing
1761185129.3761644,-1509.11695032008,-1050.6407448020764,423.14724058657885,220.99629823165014,nothing
1761185129.3761644,-1584.2365808300674,-1127.7761813881807,395.01945301983505,155.51438990747556,nothing
1761185129.3917603,-1545.973664383404,-1097.0454234522767,393.4150359388441,196.06238522706553,nothing
1761185129.3917603,-1511.8395974878222,-1060.2485477882437,425.74273115582764,220.4988915375434,nothing
1761185129.3924897,-1564.2430756669492,-1118.1048001027666,402.77226562798023,178.30160033749416,nothing
1761185129.3924897,-1579.8347185822204,-1129.5414141672663,371.67499749641865,171.19953032163903,nothing
1761185129.4061975,-1524.8095705341548,-1060.7309948825277,409.0552975535393,224.833435586188,nothing
1761185129.4061975,-1553.101913698949,-1086.7120798747055,403.80447801575065,199.39837598754093,nothing
1761185129.4218204,-1595.0673311017454,-1121.4632302629761,375.3587989527732,172.03352801175788,nothing
1761185129.4218204,-1551.9462846126407,-1071.2401137580164,399.1109035713598,228.0123505485244,nothing
1761185129.422459,-1525.8305632220581,-1057.30150662316,419.22408553306013,235.5781681588851,nothing
1761185129.422459,-1591.525645843707,-1108.9158659116365,377.2511883303523,184.2181220673956,nothing
1761185129.436169,-1576.7493011187762,-1093.642114492599,378.4479563161731,215.58840289572254,nothing
1761185129.436169,-1516.6266694311053,-1040.6514720204286,428.81318901944906,264.90272371144965,nothing
1761185129.4518049,-1569.164784008637,-1101.4173665004782,401.8859093384817,205.73376651247963,nothing
1761185129.4518049,-1575.6834296314046,-1105.2507639550604,386.27556692343205,205.041885020677,nothing
1761185129.452505,-1532.524984142743,-1045.9845693572424,420.32361612003297,262.12397804437205,nothing
1761185129.452505,-1554.3697397839278,-1067.1860622060485,407.27884507458657,223.8648014976643,nothing
1761185129.4660516,-1595.6731948945671,-1109.6414065030403,384.76464734133333,198.31006510043517,nothing
1761185129.4660516,-1537.4840914839879,-1053.2175358715467,408.5616307593882,257.6585374972783,nothing
1761185129.4817238,-1539.8776274556294,-1054.2534881592728,403.79699821583927,242.26136937970296,nothing
1761185129.4817238,-1589.7080544652417,-1108.17536572041,379.22959540691227,193.2163213607855,nothing
1761185129.4824462,-1570.829039488919,-1076.6854080935009,388.98325449135154,234.7553901686333,nothing
1761185129.4824462,-1519.3754958985373,-1034.6152734919451,425.0882486635819,273.04822581494227,nothing
1761185129.512571,-1576.4725485220551,-1100.5534496107139,385.68466273043305,202.1135433553718,nothing
1761185129.512571,-1598.8408901570365,-1106.5260698399507,368.45494363456964,208.02258528536186,nothing
1761185129.5132902,-1531.500251554884,-1046.3136805533431,411.0561440298334,266.080792197492,nothing
1761185129.5132902,-1548.5878544524312,-1066.4418221148662,409.17123445216566,238.44293152494356,nothing
1761185129.5140004,-1608.8226831387728,-1117.0464084153064,363.36119989492,190.75172728998587,nothing
1761185129.5140004,-1548.071748258546,-1053.3147732703947,396.9193221973255,256.22989571420476,nothing
1761185129.5261457,-1529.9033142738044,-1041.4966894104145,411.8602225203067,262.0790992449038,nothing
1761185129.5261457,-1606.1785738701,-1102.6964122853242,374.5098416628316,203.23177344212309,nothing
1761185129.5420225,-1587.1013441961259,-1086.1062160818838,372.7408689837903,238.3943128255196,nothing
1761185129.5420225,-1529.0206978842616,-1030.3667471422814,421.48298510629684,272.16560942539945,nothing
1761185129.5426173,-1577.994687804021,-1082.497212624643,396.94924139697105,224.52302388986573,nothing
1761185129.5426173,-1600.2508324403316,-1085.8481629849412,372.41549768764526,223.33373570395634,nothing
1761185129.5560503,-1514.4425678569824,-1024.3230688138865,414.8334429850802,286.897075350862,nothing
1761185129.5560503,-1541.848554732278,-1061.860444669146,399.76538606360555,249.19514389755204,nothing
1761185129.5718713,-1605.0902629829943,-1104.8730340595357,364.7262633787468,206.03669840889052,nothing
1761185129.5718713,-1537.2821368863806,-1039.3051080363803,405.50239259563386,273.377337011043,nothing
1761185129.5727353,-1521.297804475762,-1040.165285026189,416.32192316744477,261.8547052475624,nothing
1761185129.5727353,-1595.130909400992,-1104.424246064853,379.60358540248126,206.62760260188952,nothing
1761185129.586174,-1579.7524407831952,-1069.2691864813678,371.22994940169156,233.82789497962222,nothing
1761185129.586174,-1536.2087855990976,-1030.8230149368756,401.122969747521,276.42535547493026,nothing
1761185129.6019187,-1594.9962730025873,-1097.9916181410663,383.75487435329705,200.68116167234257,nothing
1761185129.6019187,-1594.3156112106517,-1097.2174588502385,370.08554001525044,221.32166952779517,nothing
1761185129.6026847,-1528.3437759922817,-1044.8588594705798,410.99256573058665,272.83505151746795,nothing
1761185129.6026847,-1566.1953034438193,-1064.7252080352046,407.3723425734788,243.88074606051669,nothing
1761185129.616042,-1597.1990740764886,-1104.1774126677774,367.9163980409503,215.8651554924436,nothing
1761185129.616042,-1549.9491780363023,-1054.2011295598932,397.4541278909892,267.01576718641445,nothing
1761185129.6318922,-1546.6655458752066,-1051.4934419919737,401.3772829445079,256.5103882108815,nothing
1761185129.6318922,-1599.2522791521624,-1103.2985361781903,381.7689874768257,213.51275842031464,nothing
1761185129.6324828,-1562.990209181793,-1068.266893293243,377.26988783013076,253.31651364872232,nothing
1761185129.6324828,-1529.233872181736,-1034.278682495933,409.0178985539824,271.87389722885564,nothing
1761185129.6462276,-1590.4747339561582,-1089.1953734452836,391.7470405586064,220.973858831916,nothing
1761185129.6462276,-1605.4492933787405,-1094.6144884810783,365.2124503729865,215.44254679745063,nothing
1761185129.6618435,-1541.799936032854,-1029.4355120533146,398.1497492827475,278.1793685541488,nothing
1761185129.6618435,-1557.731909844093,-1070.2490402697586,402.0729043362662,236.6851785457693,nothing
1761185129.662549,-1614.1969193750992,-1102.1391671919264,355.3615538896993,206.77345870016143,nothing
1761185129.662549,-1557.877765942365,-1054.6199983549304,380.3927042931318,257.2097495025955,nothing
1761185129.6762547,-1541.2913096388802,-1058.2028225124814,398.83415097463876,241.53208888834342,nothing
1761185129.6762547,-1611.3134565092623,-1119.8326338822953,367.89021874126047,189.95138869946823,nothing
1761185129.691906,-1574.2248686486855,-1062.5897251605056,390.91304286848754,250.4330507828854,nothing
1761185129.691906,-1539.6981122577563,-1031.795388925355,417.88894124887884,282.83180409902707,nothing
1761185129.6925192,-1608.964799337089,-1104.7271779612638,376.1890567429364,204.35374342883006,nothing
1761185129.6925192,-1599.3607362508774,-1101.963391894009,360.4777370290831,222.0546899191104,nothing
1761185129.70612,-1538.8491549678147,-1042.9215912935324,396.7024079998955,276.50389337399974,nothing
1761185129.70612,-1571.397504282184,-1079.4155350611545,389.6377369835973,228.48357794294134,nothing
1761185129.721902,-1609.1779736345634,-1102.2251848909073,365.399445370771,220.00522474339232,nothing
1761185129.721902,-1563.4464769763872,-1052.465815980453,399.0323656722903,270.4003766463138,nothing
1761185129.722695,-1552.967277300544,-1051.2316489950754,409.02537835389376,253.15943785058334,nothing
1761185129.722695,-1599.0503245545551,-1097.426893247757,379.31187320593745,235.15929936384782,nothing
1761185129.7361364,-1576.1808363255113,-1069.1607293826528,397.2334737936035,259.59954557428136,nothing
1761185129.7361364,-1535.7001592051238,-1030.6621992387809,419.36994163133204,277.3341511641629,nothing
1761185129.751897,-1591.0057997498661,-1092.205992909614,376.11799864377826,218.83837595721707,nothing
1761185129.751897,-1606.1449147704989,-1103.5939882746898,359.37820644211024,223.494551402051,nothing
1761185129.75259,-1533.2056459346786,-1028.6688325623982,408.045524565503,288.7857248284854,nothing
1761185129.75259,-1558.2068771384656,-1052.9632226745598,405.76044569257647,258.16716389125213,nothing
1761185129.7661076,-1606.8218366624787,-1108.9121260116808,366.00156926363707,220.83548253355548,nothing
1761185129.7661076,-1556.7408363558352,-1049.728209212888,395.64775621239096,280.21387413004413,nothing
1761185129.7818134,-1541.8784739319235,-1038.089640550781,414.2799377916381,277.8913962575607,nothing
1761185129.7818134,-1608.0223445482552,-1108.137966720853,368.89251192938536,216.27654448756948,nothing
1761185129.7824862,-1579.116657790728,-1071.5879244538955,388.1829159008339,269.91044975211844,nothing
1761185129.7824862,-1526.832856410183,-1031.3989595300518,414.8708419846371,291.09698300110176,nothing
1761185129.7968864,-1586.8302014493383,-1090.4033611309715,387.0048474147916,235.2752362624742,nothing
1761185129.7974625,-1596.3557266364805,-1101.9596519940533,364.0904803862795,227.58974185353145,nothing
1761185129.7974625,-1545.0742184440605,-1036.6161199682392,414.25001859199256,284.376382780727,nothing
1761185129.8111196,-1555.875049516093,-1063.225508152973,410.2296261396259,254.64417813299224,nothing
1761185129.8111196,-1603.6485315500759,-1099.1734265270643,377.3746050288901,224.3472485919483,nothing
1761185129.8269808,-1542.0598590797745,-1053.5429071676917,406.1531351879239,280.94315462140366,nothing
1761185129.8269808,-1542.2244146778248,-1040.8197675184347,415.44304667785764,270.09370484994724,nothing
1761185129.8275056,-1596.9877697289921,-1104.229771267157,383.98674815054983,223.92463989695534,nothing
1761185129.8275056,-1586.6806054511108,-1081.472480036784,372.04524759203196,241.247856491711,nothing
1761185129.8411684,-1522.7507556085475,-1027.356127677951,417.24941835645586,290.3078641104512,nothing
1761185129.8411684,-1579.2681237389334,-1093.8141498905607,386.3279255228117,220.80930323386565,nothing
1761185129.8567932,-1604.9799359343015,-1083.9370741075836,385.0040009384975,240.0959673053585,nothing
1761185129.8567932,-1533.7647609780543,-1029.334534754511,419.85238872561604,297.10326232993975,nothing
1761185129.8575,-1551.099197272677,-1059.4556889976375,414.81474348530173,261.7088491492905,nothing
1761185129.8575,-1588.4420983302407,-1098.6535804332234,374.9922887571156,223.8311423980631,nothing
1761185129.871104,-1545.0667386441492,-1051.8711718874983,398.3404841804877,285.17298147128895,nothing
1761185129.871104,-1542.632063772995,-1047.7685016361065,411.05988392978907,263.9303497229703,nothing
1761185129.8868008,-1604.706923237536,-1112.8390209651552,379.22959540691227,218.9056941564195,nothing
1761185129.8868008,-1575.5319636831991,-1076.0421453011222,386.20076892431825,253.6531046447344,nothing
1761185129.887561,-1519.4970426470973,-1022.4979976355098,419.21660573314875,296.03739084256813,nothing
1761185129.887561,-1577.7833834565245,-1085.2572587919421,390.12392397783697,234.21310467505828,nothing
1761185129.9010968,-1586.3589740549214,-1086.2445923802443,372.31452038884163,238.65984572237357,nothing
1761185129.9010968,-1531.416103805881,-1036.9639306641184,409.5639239475131,280.5579449259676,nothing
1761185129.9167323,-1555.826430816669,-1072.8707101386972,402.3384372331202,248.48456290597096,nothing
1761185129.9167323,-1592.7130640796386,-1101.5445230989717,378.05526682082564,227.6047014533542,nothing
1761185129.9174564,-1538.6565501200967,-1041.889378905762,405.2667788984254,288.6810076297261,nothing
1761185129.9174564,-1528.5401207399555,-1039.6379591324367,413.95830639544874,278.17188875423744,nothing
1761185129.9310892,-1589.1227601221763,-1109.211318008136,371.1701110024005,221.42638672655448,nothing
1761185129.9310892,-1562.217919840943,-1071.0493788602762,380.61335839051753,264.30433971853927,nothing
1761185129.946829,-1516.400405483786,-1031.5672550280578,433.40578616503626,295.35672905063257,nothing
1761185129.946829,-1579.4999975361861,-1103.627647374291,390.2697800761089,233.62594038201496,nothing
1761185129.9475677,-1596.3332872367464,-1104.8618143596686,375.7253091484308,223.00462450785562,nothing
1761185129.9475677,-1547.0451457207091,-1050.779121100437,411.0524041298777,288.10132313659415,nothing
1761185129.9611557,-1575.0457766889594,-1084.5429379004054,398.64715597685426,238.6523659224622,nothing
1761185129.9611557,-1606.408577717375,-1127.3685322930105,367.7705419426784,218.14275456545874,nothing
1761185129.97686,-1546.3196051293053,-1056.6058852314018,398.8902494739741,274.8994762930088,nothing
1761185129.97686,-1545.9755343333818,-1056.7779206293635,411.6021694233641,265.49362790444866,nothing
1761185129.9775877,-1600.1779043911956,-1116.193711225409,375.83376624714583,209.6419619661756,nothing
1761185129.9775877,-1566.2196127935313,-1076.1356428000145,387.446155609563,246.23314313264564,nothing
1761185129.9910238,-1522.8479930073954,-1037.3940191590227,409.1562748523429,283.94255438586697,nothing
1761185129.9910238,-1588.6178736281581,-1098.8592749307863,386.2194684240967,221.57598272478208,nothing
1761185130.0068657,-1594.3586200601421,-1108.8074088129215,377.2923272298649,231.81208890350536,nothing
1761185130.0068657,-1528.5737798395567,-1042.6523184967227,412.21177311614156,286.9681334500201,nothing
1761185130.0075457,-1545.7960191355087,-1069.4449617792852,406.32517058588564,259.6893031732179,nothing
1761185130.0075457,-1598.2481160140596,-1126.3400598051958,367.56110754515976,213.13876842474565,nothing
1761185130.0211368,-1553.3954958454706,-1057.5520799201913,407.9707265663892,279.87354323407635,nothing
1761185130.0211368,-1529.074926433619,-1048.486562427599,427.8034160314128,277.453827962745,nothing
1761185130.0368044,-1588.2438836325891,-1112.9287785640918,378.6686104135588,217.43217357387766,nothing
1761185130.0368044,-1567.2780044809915,-1078.805931368377,388.4372290978208,256.30095381336287,nothing
1761185130.037543,-1522.5114020113833,-1045.3525262647308,419.0183910354972,281.3021850171499,nothing
1761185130.037543,-1579.1895858398639,-1113.9460313520394,386.01003402657807,222.2379450169392,nothing
1761185130.0512273,-1591.0263691996224,-1110.6848385906778,368.04355463944376,222.7914502103813,nothing
1761185130.0512273,-1522.8105940078385,-1028.62395376293,419.5606765290722,303.69296605186537,nothing
1761185130.0668237,-1557.1092165014707,-1067.5563123016618,416.99136525951326,261.1142050563358,nothing
1761185130.0668237,-1606.371178717818,-1116.9342114166357,371.5366211980581,220.18473994126543,nothing
1761185130.0675137,-1540.739674395416,-1043.6957505843602,405.4201147966087,298.7824774100445,nothing
1761185130.0675137,-1533.4468694818206,-1051.5570202912204,416.3855014666915,288.72588642919436,nothing
1761185130.081144,-1596.1275927391835,-1099.8017297196202,379.4764288039878,228.74163103988394,nothing
1761185130.081144,-1568.6281083649956,-1080.4327878491022,386.6944357184693,276.9302419689484,nothing
1761185130.096778,-1535.7394281546585,-1039.996989528183,414.88580158445984,294.4142742617987,nothing
1761185130.096778,-1581.081975217443,-1098.4852849352174,385.8492183284834,237.0965675408952,nothing
1761185130.097469,-1607.2687547071837,-1097.41567354789,378.15998401958495,240.15580570464954,nothing
1761185130.097469,-1534.961528963875,-1041.5976667092182,416.0489104706794,293.09782947739586,nothing
1761185130.111119,-1561.1296089538373,-1074.333011021372,394.0470790313557,246.34534013131633,nothing
1761185130.111119,-1598.9138182061724,-1107.015996734146,363.71275049075484,222.5707961129956,nothing
1761185130.1268969,-1552.3146647582762,-1058.5543731083162,390.3034391757101,275.06403189105913,nothing
1761185130.1268969,-1542.0822984795086,-1041.8445001062937,407.72389316931367,276.27575947670266,nothing
1761185130.1275897,-1613.2862537358887,-1114.398559246678,370.5567674096674,213.39308162173256,nothing
1761185130.1275897,-1573.433879808057,-1080.1747347521596,389.3422848870978,273.3698572111316,nothing
1761185130.141146,-1544.187862154562,-1050.5809064027853,405.6370289940387,279.4546744390391,nothing
1761185130.141146,-1583.7148647862487,-1105.0675088572316,392.46884125005454,230.73125781631097,nothing
1761185130.1568756,-1580.7229448216967,-1092.0227378117852,387.8912037042901,246.42013813043013,nothing
1761185130.1568756,-1531.7003362025134,-1038.1681784498505,413.28138450346887,298.95825270796195,nothing
1761185130.1575797,-1572.0426370245405,-1085.3993749902584,403.4192683203146,248.49952250579372,nothing
1761185130.1575797,-1599.4897627993487,-1110.6399597912095,374.86887205857784,232.65730629349127,nothing
1761185130.187497,-1545.4257690398954,-1062.7580206585117,401.21646724641323,279.7725659352727,nothing
1761185130.187497,-1537.6729564317502,-1065.7237613233738,407.5219385717064,268.24619427183643,nothing
1761185130.1882071,-1593.599420369137,-1118.4413910987787,372.59875278547406,218.20633286470547,nothing
1761185130.1882071,-1572.8579352148809,-1081.6669548344798,383.79227335285395,242.59048057580367,nothing
1761185130.1889625,-1540.605037997011,-1060.6935958829708,407.4097415730357,267.4346359814517,nothing
1761185130.1889625,-1591.067508099135,-1122.3047077530064,390.2136815767735,220.81678303377703,nothing
1761185130.2011063,-1582.5255766003393,-1113.2653695601039,382.8909574635327,246.14712543366477,nothing
1761185130.2011063,-1518.2853150614537,-1049.4177975165658,412.88121520821005,292.25261208740994,nothing
1761185130.2168148,-1563.5044454257004,-1093.4289401951246,397.60746378917247,244.3220542552881,nothing
1761185130.2168148,-1608.06161349779,-1117.255842812825,370.8335200063884,224.17895309394225,nothing
1761185130.2175176,-1524.7852611844428,-1034.7424300904386,418.7528581386432,297.9671792197041,nothing
1761185130.2175176,-1540.376904099714,-1074.9800137137063,411.7592452215031,262.5204074396752,nothing
1761185130.23116,-1595.2599359494634,-1125.5023222151212,374.33780626486987,205.99181960942224,nothing
1761185130.23116,-1570.1016289475374,-1093.5299174939282,380.691896289587,250.07028048718348,nothing
1761185130.2468684,-1527.4892088524066,-1060.521560485009,416.87916826084256,273.6391300079413,nothing
1761185130.2468684,-1582.1216674051248,-1112.962437663693,386.76549381762743,223.29633670439944,nothing
1761185130.247533,-1593.7041375678964,-1113.8562737531029,373.3168135769665,233.47260448383167,nothing
1761185130.247533,-1534.2098090727814,-1060.3682245868258,409.0365980537608,283.2319733942859,nothing
1761185130.2611144,-1557.9319944917224,-1102.0381898931228,408.202600363642,237.69495153380558,nothing
1761185130.2611144,-1590.0390356113203,-1117.401698911097,379.56992630288005,226.871681062039,nothing
1761185130.2768056,-1538.9594820165075,-1062.8328186576255,406.7178600812331,268.53042666846886,nothing
1761185130.2768056,-1539.7224216074683,-1084.258705503773,405.9399608904496,244.23229665635154,nothing
1761185130.277494,-1604.2543953428976,-1136.082499189768,386.915089815855,212.53290463192388,nothing
1761185130.277494,-1577.3645146614872,-1106.8327416363172,394.42854882683605,242.26510927965865,nothing
1761185130.2911885,-1525.4771426762454,-1063.0946116545238,419.6541740279645,283.09733699588105,nothing
1761185130.2911885,-1587.0919944462366,-1127.2002367950045,385.4864480327815,210.84620975190774,nothing
1761185130.3068385,-1579.2531641391106,-1115.266216036398,385.3256323346868,235.71654445724562,nothing
1761185130.3068385,-1520.753649032209,-1056.1944962362759,421.3408689079806,284.54467827873304,nothing
1761185130.307497,-1561.5746570485644,-1100.6282476098277,400.9696338493377,225.9441858730279,nothing
1761185130.307497,-1601.595326474402,-1132.6904099299572,360.48895672895014,199.6676487843506,nothing
1761185130.3211603,-1540.7284546955489,-1081.3004446388222,410.13238874077797,262.2511346428655,nothing
1761185130.3211603,-1526.6065924628638,-1066.1762892180122,418.9061940368265,263.31700613023713,nothing
1761185130.3368368,-1588.752510026563,-1105.8566277478822,389.2861863877624,231.26606350997463,nothing
1761185130.3368368,-1566.597342689056,-1092.8155966023915,395.1428697183728,249.61027279263362,nothing
1761185130.3376,-1518.4723100592382,-1052.7388286772184,435.0962209450081,276.20096147758886,nothing
1761185130.3376,-1585.3828601664864,-1100.7591441082768,398.16844878252596,217.67152717104182,nothing
1761185130.3511684,-1580.8912403197028,-1112.0162429749034,386.0287335263565,226.7931431629695,nothing
1761185130.3511684,-1521.6661846213974,-1051.6392980902456,431.3488411894068,286.1528352596797,nothing
1761185130.3668275,-1552.4904400561936,-1093.0362506997772,412.32023021485656,241.23289689188823,nothing
1761185130.3668275,-1584.7807362736203,-1133.707662717905,386.02125372644514,217.28631747560576,nothing
1761185130.367586,-1531.6367579032667,-1068.6072241892107,411.59094972349703,272.64805651968345,nothing
1761185130.367586,-1532.4707555933855,-1060.7908332818188,427.74731753207743,273.7438472067006,nothing
1761185130.3811111,-1581.3250687145628,-1114.6304330439307,402.92186162620783,224.39586729137227,nothing
1761185130.3811111,-1554.8091780287214,-1082.0446847300045,400.53580545447767,241.19549789233133,nothing
1761185130.3968313,-1517.8253073669039,-1048.3743654289283,425.62679425720125,286.1528352596797,nothing
1761185130.3968313,-1575.569362682756,-1104.3718874654733,403.62496281787753,230.7985760155134,nothing
1761185130.3974445,-1581.803775908891,-1105.0114103578962,384.0017077503726,241.5059095886536,nothing
1761185130.3974445,-1526.96562285861,-1059.762360794004,427.5790220340714,278.4860403505154,nothing
1761185130.4111087,-1545.7511403360404,-1089.2701714443974,419.9870251240209,250.85191957792267,nothing
1761185130.4111087,-1598.1695781149901,-1114.6566123436205,385.01148073840886,205.415875016246,nothing
1761185130.4268851,-1544.0270464564674,-1078.301044874359,409.54522444773465,254.42352403560653,nothing
1761185130.4268851,-1541.5549725857563,-1078.9443076667376,413.6404148992151,244.4342512539588,nothing
1761185130.427451,-1608.2710478953086,-1136.4377896855585,374.56220026221126,193.41453605843708,nothing
1761185130.427451,-1564.2748648165725,-1106.4475319408812,390.991580767557,229.4559519314207,nothing
1761185130.4411235,-1523.6520714978687,-1055.2595212473534,422.25714439712465,257.9839087934233,nothing
1761185130.4411235,-1574.7802437921055,-1101.9484322941862,392.1584295537323,202.9699804452248,nothing
1761185130.4568005,-1584.844314572867,-1110.078974797856,377.5092414272949,211.15662144823,nothing
1761185130.4568005,-1516.894072277937,-1048.7595751243643,407.611696170643,269.2597071598284,nothing
1761185130.457477,-1552.931748250965,-1075.959867502097,417.88146144896746,224.04431669553742,nothing
1761185130.457477,-1590.8094550021924,-1120.004669280257,383.98674815054983,193.71372805489227,nothing
1761185130.4711692,-1545.466907939408,-1067.8293249984272,419.0557900350541,239.3554671141319,nothing
1761185130.4711692,-1532.9943415871821,-1058.3112796111964,426.3785141482949,247.04844132298604,nothing
1761185130.4867623,-1595.5329486462288,-1120.4796365746297,384.5926119433716,194.99277383973822,nothing
1761185130.4867623,-1563.616642424371,-1078.8358505680226,394.57814482506365,237.06290844129398,nothing
1761185130.4876819,-1528.3344262423925,-1056.2094558360986,428.3419616250321,258.7992069837637,nothing
1761185130.4876819,-1581.8710941080935,-1118.6022067968734,395.0044934200123,198.10063070291653,nothing
1761185130.5011451,-1578.9502322426997,-1096.4096404598095,384.17748304829,222.97096540825441,nothing
1761185130.5011451,-1520.211363538634,-1043.2918413891457,421.0416769115254,271.61584413191304,nothing
1761185130.5168254,-1557.6178428954445,-1082.9647001191042,400.000999760814,228.10958794737235,nothing
1761185130.5168254,-1599.665538097266,-1119.9971894803457,381.26784088276327,207.21476689493284,nothing
1761185130.5175278,-1539.4082700111903,-1048.0115951332264,402.3122579334304,255.59037282178178,nothing
1761185130.5175278,-1527.4892088524066,-1045.5657005622052,420.1590605219826,265.86387800006196,nothing
1761185130.531245,-1575.6740798815154,-1103.9754580701701,388.38861039839685,221.43386652646586,nothing
1761185130.531245,-1550.4858536799438,-1068.0088401963003,401.46330064348876,256.6562443091534,nothing
1761185130.5468233,-1521.4567502238788,-1043.6097328853793,425.47345835901797,271.1371369375847,nothing
1761185130.5468233,-1572.1024754238315,-1095.328809372615,403.38934912066907,216.59443598380312,nothing
1761185130.547537,-1572.023937524762,-1090.63897482818,395.61409711278975,236.4682643483393,nothing
1761185130.547537,-1521.984076117631,-1044.2829148774035,429.2021386148408,269.90296995220706,nothing
1761185130.5610917,-1544.4608748513274,-1079.9204215551727,418.019837747328,242.97195037128404,nothing
1761185130.5610917,-1583.0005438947119,-1118.2356966012157,385.04887973796576,214.02512471424416,nothing
1761185130.5768187,-1540.2908864007331,-1064.732687835116,412.1257554171607,259.0310807810165,nothing
1761185130.5768187,-1530.0959191215225,-1064.4484554384835,424.0971751753241,252.72186955576763,nothing
1761185130.5775604,-1600.2078235908411,-1132.559513431508,385.34807173442096,188.6648631147109,nothing
1761185130.5775604,-1553.391755945515,-1086.8915950725786,391.3992298627272,243.37211966654286,nothing
1761185130.5911903,-1518.2628756617196,-1054.7658544532023,423.121061286889,255.50061522284523,nothing
1761185130.5911903,-1582.1029679053463,-1113.0297558628954,402.4880332313478,208.64340867800638,nothing
1761185130.6232,-1585.2033449686132,-1117.353080211673,389.2226080885157,219.9753055437468,nothing
1761185130.6232,-1524.7291626851074,-1050.6145655023865,433.18887196760625,272.06089222664014,nothing
1761185130.623853,-1556.1443223129027,-1095.4410063712858,412.712919710204,231.41565950820222,nothing
1761185130.623853,-1589.246176820714,-1132.0284476378001,379.2969136061147,206.59020360233262,nothing
1761185130.6246774,-1536.337812147569,-1063.4125031507574,406.0745972888544,258.7992069837637,nothing
1761185130.6246774,-1525.783814472612,-1054.6573973544873,419.51205782964826,258.578552886378,nothing
1761185130.6253521,-1574.6680467934348,-1111.791848977562,398.1871482823044,213.13502852478996,nothing
1761185130.6253521,-1552.557758255396,-1071.5355658545159,404.66091510560364,243.6189530636184,nothing
1761185130.6361196,-1514.216303909663,-1053.9355966630392,430.0174368051812,266.0433931979351,nothing
1761185130.6361196,-1586.7516635502689,-1116.1189132262953,392.57355844881386,210.87612895155326,nothing
1761185130.667467,-1565.2958575044759,-1103.54162967531,385.299453034997,230.47320471936837,nothing
1761185130.667467,-1518.5545878582634,-1046.0444077565335,425.6155745573342,271.8551977290772,nothing
1761185130.668147,-1548.8215981996618,-1086.8953349725343,413.96204629540443,225.9741050726734,nothing
1761185130.668147,-1588.9619444240816,-1120.0794672793709,369.67415102012455,195.34806433552876,nothing
1761185130.668934,-1534.6174581679516,-1060.065292690415,420.1628004219383,256.0989992157556,nothing
1761185130.668934,-1535.0886855623685,-1078.5553580713458,417.62340835202485,234.10838747629896,nothing
1761185130.6811593,-1582.903306495864,-1129.1898635714315,377.2811075299978,195.17228903761134,nothing
1761185130.6811593,-1551.8658767635934,-1088.2155196568929,389.4731813855469,235.2041781633161,nothing
1761185130.6968875,-1526.2700014668517,-1054.9715489507653,424.4898646706715,254.59555943356827,nothing
1761185130.6968875,-1572.9252534140833,-1113.082114462275,398.819191374816,202.02378575643525,nothing
1761185130.6975713,-1578.7482776450925,-1110.078974797856,382.52818716783077,217.70518627064303,nothing
1761185130.6975713,-1525.1181122804992,-1059.556666296441,409.7060401458293,253.15943785058334,nothing
1761185130.7111683,-1548.058658608701,-1095.691579668317,405.31539759784937,227.6869792523794,nothing
1761185130.7111683,-1593.2104707737453,-1123.4865161390044,380.61335839051753,204.86236982280388,nothing
1761185130.7268877,-1532.7998667894863,-1071.2849925574847,412.2716115154326,265.1084182090126,nothing
1761185130.7268877,-1526.845946060028,-1068.9475550851785,425.8736276542768,246.07606733450666,nothing
1761185130.7274387,-1590.140012910124,-1119.5820605852641,384.56643264368176,210.92474765097722,nothing
1761185130.7274387,-1548.7168810009025,-1081.3715027379803,394.83993782196194,253.55212734593078,nothing
1761185130.7411697,-1516.7220368799753,-1057.9821684150957,429.67336600925773,265.923716399353,nothing
1761185130.7411697,-1572.3829679205082,-1115.4793903338723,388.76634029392153,205.90954181039706,nothing
1761185130.7568305,-1571.3470156327821,-1101.9559120940976,381.23418178316206,231.69615200487897,nothing
1761185130.7568305,-1531.7265155022033,-1059.2986131994985,418.80521673802286,267.4869945808314,nothing
1761185130.7574537,-1564.5777967129834,-1094.5022914824076,410.4540201369673,216.17556718876585,nothing
1761185130.7574537,-1592.791601978708,-1117.727070207242,381.42117678094655,214.0475641139783,nothing
1761185130.7711666,-1542.4301091753878,-1074.0338190249167,399.4512344673276,253.56334704579785,nothing
1761185130.7711666,-1515.7683623912744,-1049.5187748153694,442.1347126616165,264.8466252121143,nothing
1761185130.7868345,-1580.2928563267924,-1113.3065084596165,389.90700978040695,214.78058450529352,nothing
1761185130.7868345,-1535.6795897553675,-1066.9093096093275,410.80931063275784,267.2925197831355,nothing
1761185130.7874796,-1511.1196667463519,-1046.8260468472727,433.4244856648147,277.4126890632324,nothing
1761185130.7874796,-1576.3996204729192,-1109.031802810263,388.42226949799806,222.40998041490093,nothing
1761185130.801771,-1583.4063230399042,-1107.8219451745972,381.2080024834722,229.0483028362505,nothing
1761185130.802722,-1515.4299014452845,-1045.1038229176775,424.59458186943084,285.58063056645915,nothing
1761185130.802722,-1549.9267386365682,-1099.152857077308,406.20549378730357,212.0467176376842,nothing
1761185130.8160725,-1589.9885469619185,-1127.1385284457356,382.8460786640644,198.04453220358118,nothing
1761185130.8160725,-1529.8621753742918,-1063.6649463977665,413.28138450346887,262.90935703506693,nothing
1761185130.8317683,-1518.9641069034114,-1062.1839460153133,428.70099202077836,271.2119349366985,nothing
1761185130.8317683,-1596.4436142854393,-1121.259405715391,374.8539124587551,199.21138098975644,nothing
1761185130.8325715,-1557.032548552379,-1085.8313334351406,382.4309497689828,248.3200073079206,nothing
1761185130.8325715,-1518.2049072124064,-1064.6747193858027,422.4964979942888,267.61041127936915,nothing
1761185130.8460472,-1560.046907916665,-1110.6306100413203,384.5477331439033,208.90520167490467,nothing
1761185130.8460472,-1569.8080468010157,-1119.7073472337797,372.27712138928473,218.87577495677397,nothing
1761185130.8618176,-1510.683968401514,-1046.2370126042515,444.86109972931445,308.943785589654,nothing
1761185130.8618176,-1550.5587817290798,-1098.0009678909555,426.7599839437753,250.64996498031542,nothing
1761185130.8624625,-1587.4154957924038,-1129.7527185147628,374.2143895663321,227.8627545502968,nothing
1761185130.8624625,-1519.1324024014175,-1059.1172280516475,433.6152205625549,285.54697146685794,nothing
1761185130.8762124,-1533.0859691360965,-1079.3949656113982,419.3026234321296,271.1745359371416,nothing
1761185130.8762124,-1588.7244607768953,-1142.2028454672545,389.20390858873725,228.92114623775706,nothing
1761185130.8918896,-1547.069455070421,-1088.251048706472,409.8556361440569,267.1878025843762,nothing
1761185130.8918896,-1522.7189664589241,-1067.1243538567796,428.93286581803113,283.7480795881711,nothing
1761185130.8925047,-1587.4940336914733,-1138.578882410191,385.49766773264855,218.17267376510426,nothing
1761185130.8925047,-1574.568939444609,-1117.5382052594796,378.26470121834427,251.70087686786428,nothing
1761185130.9060626,-1523.0480776550248,-1059.9998444411904,416.0077715711668,294.2347590639256,nothing
1761185130.9060626,-1570.5859459917992,-1106.0230532959104,417.92634024843574,244.89799884846434,nothing
1761185130.921831,-1602.535911313258,-1137.5017912229523,376.45084973983467,232.20851829880849,nothing
1761185130.921831,-1533.8563885269687,-1075.7971818540245,417.2344587566331,279.54069213801995,nothing
1761185130.92257,-1537.6823061816394,-1085.513441938907,414.69506668671966,256.16631741495803,nothing
1761185130.92257,-1602.1170425182208,-1136.420960135758,369.101946326904,224.3061096924357,nothing
1761185130.9362,-1553.5282622938976,-1089.070086796768,392.7081948472187,265.9985143984668,nothing
1761185130.9362,-1521.6082161720842,-1065.890186871402,432.3922732770443,282.76074599986896,nothing
1761185130.951814,-1570.5111479926854,-1123.8361967848614,396.5677716014907,227.29428975703195,nothing
1761185130.951814,-1580.4742414746433,-1113.7534265043214,390.28099977597594,243.6189530636184,nothing
1761185130.952577,-1517.6813212186098,-1053.0997290229425,435.29817554261535,294.7433854578994,nothing
1761185130.952577,-1569.3891780059785,-1110.4697943432257,410.7083333339542,232.18233899911866,nothing
1761185130.966215,-1596.1780813885853,-1129.244092120789,379.15853730775416,227.03997656004503,nothing
1761185130.966215,-1530.0454304721206,-1079.1107332147658,421.3820078074932,275.5838779849,nothing
1761185130.9818785,-1528.8150033866987,-1083.9464238574728,423.41277348343283,252.46007655886933,nothing
1761185130.9818785,-1587.0564653966576,-1134.3714949600399,386.23442802391946,215.01993810245767,nothing
1761185130.9825277,-1543.247277315706,-1086.5905331261456,398.7780524753034,274.98175409203395,nothing
1761185130.9825277,-1523.010678655468,-1067.3524877540767,422.7246318915859,287.18130774749443,nothing
1761185130.996091,-1569.3517790064216,-1114.3031917978078,402.0093260370195,228.21804504608735,nothing
1761185130.996091,-1571.8500321768224,-1106.4045230913907,400.38994935620576,249.94312388869002,nothing
1761185131.0118885,-1514.34907035809,-1057.6025685695931,429.06750221643597,278.86751014599577,nothing
1761185131.0118885,-1546.8375812731683,-1098.030887090601,416.7071328628808,245.46272374177352,nothing
1761185131.0125167,-1576.5510864211246,-1125.2349193682894,386.8814307162538,237.06290844129398,nothing
1761185131.0125167,-1518.0852304138243,-1063.0291634052992,430.3054091017693,293.47555937292054,nothing
1761185131.026142,-1520.9088548803702,-1060.4822915354744,437.6917115142569,284.65313537744805,nothing
1761185131.026142,-1578.899743593298,-1124.1578281810507,382.0420001735911,218.03429746674374,nothing
1761185131.0418792,-1530.6176351653412,-1074.9183053644374,411.28801782708615,273.2127814129926,nothing
1761185131.0418792,-1509.2702862182632,-1053.7355120154098,427.82211553119123,295.3866482502781,nothing
1761185131.0425117,-1574.8494319412857,-1114.2470932984725,406.24663268681616,240.41759870154783,nothing
1761185131.0425117,-1571.4349032817408,-1099.9195365682244,390.1426234776154,267.24390108371153,nothing
1761185131.0561173,-1514.2256536595523,-1050.874488549307,422.31324289646,291.39991489751264,nothing
1761185131.0561173,-1555.297234972939,-1097.5334803964943,411.28801782708615,247.23917622072622,nothing
1761185131.0718334,-1586.0242530088872,-1122.8413833966479,383.4033237574622,222.77649061055854,nothing
1761185131.0718334,-1541.6129410350695,-1070.471564317122,417.95999934803694,273.69148860732093,nothing
1761185131.0725443,-1532.5923023419455,-1075.6812449553981,419.6915730275214,253.67928394442424,nothing
1761185131.0725443,-1585.2201745184138,-1126.6336419517174,388.8560978928581,218.95805275579914,nothing
1761185131.0860937,-1541.6241607349366,-1080.3336805002764,403.4117885204032,258.3204997894354,nothing
1761185131.0860937,-1509.3263847175986,-1059.1546270512044,441.63356606755406,285.05704457266256,nothing
1761185131.1019478,-1585.7437605122104,-1142.3487015655264,393.49731373786926,202.42769495164976,nothing
1761185131.1019478,-1577.7740337066352,-1119.4717335365713,373.41405097581446,217.8996610683389,nothing
1761185131.1025388,-1509.8574505113065,-1039.9053619792685,435.941438334994,289.5935432189144,nothing
1761185131.1025388,-1562.81069398392,-1115.7019143812358,403.46788701973855,216.06711009005085,nothing
1761185131.1161509,-1597.6216827714816,-1127.5723568405956,390.7110882708803,207.21850679488853,nothing
1761185131.1161509,-1540.1805593520403,-1067.2477705553174,412.9373137075454,268.86327776452526,nothing
1761185131.1317904,-1543.2098783161491,-1081.9343576813117,409.7434391453862,246.56599422870204,nothing
1761185131.1317904,-1586.9143491983414,-1126.7570586502552,390.24734067637473,212.10281613701954,nothing
1761185131.1325943,-1542.0467694299296,-1090.891418075189,400.10571695957333,257.2172293025069,nothing
1761185131.1325943,-1521.5221984731033,-1067.9321722472087,434.6923117497936,267.38601728202775,nothing
1761185131.146054,-1579.7599205831066,-1126.5962429521605,401.46330064348876,202.82412434695289,nothing
1761185131.146054,-1578.3050995003432,-1116.966000566259,380.4114037929103,216.3027237872593,nothing
1761185131.1783514,-1528.762644787319,-1075.6999444551766,427.95675192959607,261.31241975398734,nothing
1761185131.1783514,-1556.4865231588483,-1111.9994134251028,410.5587373357266,224.76237748702988,nothing
1761185131.1788988,-1588.825438075699,-1146.586008215323,374.71553616039455,194.46918784594163,nothing
1761185131.1788988,-1529.4582661790773,-1071.00263011083,413.84236949682236,273.79994570603594,nothing
1761185131.179739,-1535.262590910308,-1083.860406158492,424.13831407483667,249.6888106917031,nothing
1761185131.179739,-1592.8196512283757,-1134.34531566035,389.6564364833757,211.84850294003263,nothing
1761185131.1803768,-1552.9223985010758,-1088.3856851048768,401.4782602433115,253.45862984703854,nothing
1761185131.1803768,-1528.111902195029,-1061.2639306262136,425.81004935503006,280.4120888276957,nothing
1761185131.1910896,-1569.2956805070862,-1120.2533726273105,393.19812174141407,223.1617003059946,nothing
1761185131.1910896,-1574.9354496402666,-1118.5554580474272,373.83291977085173,228.8351285387762,nothing
1761185131.206169,-1502.8264385946095,-1038.7011141935363,429.3966134125367,299.28736390406266,nothing
1761185131.206169,-1549.0403823470697,-1092.4696558564901,413.80497049726546,246.82778722560033,nothing
1761185131.2218168,-1595.5235988963395,-1129.4909255178645,385.49766773264855,208.57609047880396,nothing
1761185131.2218168,-1529.6340414769948,-1059.4650387475267,434.4379985528067,282.7831853996031,nothing
1761185131.222495,-1534.8138029156253,-1070.8305947128683,416.72957226261497,263.294566730503,nothing
1761185131.222495,-1587.8044453877956,-1118.2525261510164,391.54134606104344,210.60685615474358,nothing
1761185131.2360685,-1542.5740953236818,-1077.0799675388262,409.50408554822206,272.23292762460187,nothing
1761185131.2360685,-1507.7743262359872,-1049.1915335692465,434.55393545143306,287.7909114402719,nothing
1761185131.251826,-1571.879951376468,-1102.8740575332195,406.7889181803912,236.64403964625672,nothing
1761185131.251826,-1551.145946022123,-1096.486308408901,398.57609787769616,243.34220046689734,nothing
1761185131.25257,-1499.3296321360394,-1044.3708025263622,434.6436930503696,299.8969675968401,nothing
1761185131.25257,-1545.805368885398,-1093.3335727462545,415.84695587307215,246.4276179303415,nothing
1761185131.2661376,-1575.5188740333542,-1117.8747962554917,396.5191529020667,228.6406537410803,nothing
1761185131.2661376,-1525.3555959276855,-1055.7774973912165,429.40783311240375,287.8245705398731,nothing
1761185131.2819655,-1535.7188587049022,-1084.2755350535735,416.17980696912855,252.6246321569197,nothing
1761185131.2819655,-1583.5110402386636,-1123.286431491375,386.13345072511584,219.81448984565213,nothing
1761185131.2824702,-1537.1101014884189,-1062.079228816554,412.99715210683644,278.6618156484328,nothing
1761185131.2824702,-1505.7099014604464,-1039.1798213878646,441.5026695691049,291.5682103955187,nothing
1761185131.2961876,-1580.34708487615,-1121.5286785122007,405.42759459652007,215.57344329589978,nothing
1761185131.2961876,-1572.6241914676502,-1106.2586669931188,390.7073483709246,240.73549019778147,nothing
1761185131.31185,-1516.7052073301747,-1044.456820225343,421.70363920368254,301.8267559739761,nothing
1761185131.31185,-1563.5736335748807,-1095.872964816168,402.7199070286006,231.67371260514483,nothing
1761185131.3124497,-1597.1130563775077,-1127.8004907378927,373.2532352777198,212.57404353143647,nothing
1761185131.3124497,-1535.3186894096434,-1072.0498020984232,404.0400917129591,267.9170830757357,nothing
1761185131.3261547,-1535.262590910308,-1082.8543730704114,422.1262478986755,252.029988063965,nothing
1761185131.3261547,-1587.5613518906757,-1119.1164430407807,398.6808150764555,222.42867991467938,nothing
1761185131.342023,-1560.6826909091324,-1077.0500483391806,400.0757977599278,255.88956481823698,nothing
1761185131.342023,-1529.8621753742918,-1053.2680245209485,426.2775368494913,272.7303343187086,nothing
1761185131.3424776,-1579.068039091304,-1117.3100713621825,390.93922216817737,219.6087953480892,nothing
1761185131.3424776,-1564.388931765221,-1098.2066623885185,400.0720578599721,251.14737167442217,nothing
1761185131.3561668,-1500.7769734188914,-1035.5895174304023,440.78460877761245,294.9715193551965,nothing
1761185131.3561668,-1559.0034758290276,-1086.9084246223792,403.46788701973855,232.0551824006252,nothing
1761185131.3718176,-1571.9846685752273,-1101.9951810436323,394.1106573306024,238.9478180189617,nothing
1761185131.3718176,-1531.3618752565235,-1059.7081322446465,431.48347758781165,281.7734124115668,nothing
1761185131.372674,-1531.717165752314,-1066.3015758665279,420.58540911693126,253.0995994512923,nothing
1761185131.372674,-1583.4474619394168,-1121.3005446149036,373.67584397271276,217.84356256900355,nothing
1761185131.3861823,-1541.4334258371964,-1065.0412295814604,407.68649416975677,272.5582989207469,nothing
1761185131.3861823,-1516.2863385351375,-1058.5038844589144,438.0918808095157,276.65722927218303,nothing
1761185131.4017868,-1569.7893473012373,-1101.1050848541781,408.9991990542039,237.6874717338942,nothing
1761185131.4017868,-1557.817927543074,-1091.8712718635798,393.1083641424775,243.30106156738475,nothing
1761185131.4025695,-1509.9808672098443,-1047.8152503855526,444.52076883334666,291.2690183990635,nothing
1761185131.4025695,-1547.5219829650596,-1094.3695250339806,429.15351991541684,248.45464370632544,nothing
1761185131.416144,-1581.925322657451,-1114.3705099970102,382.87225796375424,235.06580186495557,nothing
1761185131.416144,-1529.5966424774379,-1056.9181668777019,419.9122271249071,277.4164289631881,nothing
1761185131.4319267,-1509.6854151133448,-1056.2711641853675,435.04012244567275,265.9162365994416,nothing
1761185131.4319267,-1571.78271397762,-1113.8731033029035,389.13285048957914,214.25699851149693,nothing
1761185131.4325387,-1538.1797128757462,-1059.7230918444693,418.59578234050423,276.01396647980437,nothing
1761185131.4325387,-1515.2503862474114,-1050.668794051744,431.55453568696976,293.819630168844,nothing
1761185131.4461863,-1579.3672310877591,-1120.4366277251393,383.08169236127287,212.5665637315251,nothing
1761185131.4461863,-1581.7719867592677,-1115.2755657862872,375.2615615539253,225.4953978783451,nothing
1761185131.4617624,-1523.8371965456754,-1061.2863700259477,423.66334678046405,262.4680488402955,nothing
1761185131.4617624,-1547.551902164705,-1109.3665238562971,407.8660093676299,228.82016893895343,nothing
1761185131.4624956,-1574.6512172436342,-1129.1767739215866,386.5448397202417,212.80965722864494,nothing
1761185131.4624956,-1535.853495103307,-1080.7749886950478,409.65742144640535,260.4784220638685,nothing
1761185131.4761145,-1540.6854458460584,-1093.1615373482928,414.6763671869412,237.8744667316787,nothing
1761185131.4761145,-1592.176388435997,-1144.910533035174,370.11919911485165,192.54313936876133,nothing
1761185131.491895,-1554.560474681668,-1093.5018682442605,392.5997377485037,244.83068064926192,nothing
1761185131.491895,-1528.5532103898004,-1073.6616989793256,412.2379524158314,254.5506806341,nothing
1761185131.492637,-1575.9938413277268,-1131.4693325944245,381.23418178316206,200.34831057628617,nothing
1761185131.492637,-1569.4228371055797,-1108.3604907682166,382.5468866676092,229.5344898304902,nothing
1761185131.5060656,-1507.1086240438744,-1055.287570497021,426.872180942446,271.9711346277036,nothing
1761185131.5060656,-1549.5116097414866,-1102.8516181334853,411.4600532250479,227.39152715587988,nothing
1761185131.521952,-1580.0778120793402,-1128.1483014337718,381.3613383816555,211.27255834685639,nothing
1761185131.521952,-1514.3565501580015,-1054.6891865041107,418.95855263620615,270.374197346624,nothing
1761185131.5226643,-1526.470086114481,-1076.2160506490618,412.91487430781126,246.9100650246255,nothing
1761185131.5226643,-1580.646276872605,-1128.6681475276127,383.0667327614501,203.1906345426105,nothing
1761185131.5362058,-1537.495311183855,-1076.4292249465361,408.07170386519283,253.2155363499187,nothing
1761185131.5362058,-1519.8055843934417,-1065.2581437788904,423.73440487962216,265.97233509877697,nothing
1761185131.5519931,-1576.1471772259101,-1129.1805138215423,392.97746764402837,202.13598275510594,nothing
1761185131.5519931,-1567.077919833362,-1115.036212189123,388.7700801938772,221.6059019244276,nothing
1761185131.5525942,-1519.547531296499,-1061.619221122004,418.50976464152336,273.8448245055042,nothing
1761185131.5525942,-1561.5690471986309,-1112.829671215266,401.1080101476982,216.29898388730362,nothing
1761185131.5662332,-1592.8009517285973,-1131.1477011982352,368.4699032343924,209.03609817335382,nothing
1761185131.5662332,-1525.2321792291477,-1063.1937190033495,413.06447030603886,266.9521888871677,nothing
1761185131.58185,-1536.0068310014904,-1086.863545822911,425.6529735568911,245.78809503791854,nothing
1761185131.58185,-1588.3990894807503,-1135.9721721410751,395.8197916103527,208.28811818221584,nothing
1761185131.582657,-1552.787762102671,-1093.9693557387218,403.5277254190296,243.71619046246633,nothing
1761185131.582657,-1516.4583739330992,-1072.1432995973155,423.91765997745097,262.60642513865605,nothing
1761185131.596131,-1581.2932795649394,-1127.4414603421465,388.53446649666876,204.3761828285642,nothing
1761185131.596131,-1566.7188894376159,-1101.0078474553302,388.97577469144017,235.86614045547321,nothing
1761185131.6119206,-1514.0461384616792,-1049.7076397631317,428.73465112037957,284.8924889746122,nothing
1761185131.6119206,-1559.444784023799,-1107.2759197810665,408.73366615734994,215.4163674977608,nothing
1761185131.612604,-1588.776819376275,-1129.5657235169783,378.82194631174207,204.1106499317102,nothing
1761185131.612604,-1524.2373658409342,-1066.600767862983,418.1544741457328,265.46370870480314,nothing
1761185131.626142,-1542.61897412315,-1089.6909101894125,431.274043190293,239.17969181621447,nothing
1761185131.626142,-1586.170109107159,-1130.5754965050146,380.4001840930432,206.39946870459244,nothing
1761185131.6418712,-1533.272964133881,-1073.669178779237,402.17388163506985,259.8426390714012,nothing
1761185131.6418712,-1512.202367783524,-1048.6492480756715,432.9794375700876,269.2148283603601,nothing
1761185131.6425676,-1572.265161071904,-1126.4391671540216,394.82871812209487,203.31779114110395,nothing
1761185131.6425676,-1570.0660998979583,-1103.6369971241802,380.41888359282166,229.92343942588195,nothing
1761185131.6561518,-1507.8566040350124,-1051.611248840578,430.0959747042507,275.3407844877802,nothing
1761185131.6561518,-1559.2615289259702,-1105.8659774977714,411.7143664220348,229.84864142676815,nothing
1761185131.671871,-1589.1844684714451,-1133.152287574485,375.37749845255166,195.6696957317181,nothing
1761185131.671871,-1528.3063769927248,-1057.4454927714542,418.13577464595437,273.6241704081185,nothing
1761185131.6725247,-1541.534403136,-1082.8468932705,410.20718673989177,233.88025357900187,nothing
1761185131.6725247,-1590.9048224510625,-1147.176912408322,368.4325042348355,177.75557494396344,nothing
1761185131.686126,-1546.2242376804352,-1086.4072780283168,397.5177061902359,250.30589418439195,nothing
1761185131.686126,-1530.546577066183,-1071.6159737035632,419.7102725272998,250.41061138315126,nothing
1761185131.7019002,-1582.9911941448227,-1129.7901175143197,383.5192606560886,181.83580579562113,nothing
1761185131.7019002,-1564.908777859062,-1114.9427146902308,382.1841163719073,212.2262328355573,nothing
1761185131.7025552,-1522.0457844669,-1061.0993750281632,415.2635314799845,253.7279026438482,nothing
1761185131.7025552,-1568.6898167142645,-1114.119936699979,401.49695974309,202.36037675244734,nothing
1761185131.7161417,-1595.0448917020112,-1135.7776973433793,368.74291593115777,190.86392428865656,nothing
1761185131.7161417,-1519.5101322969422,-1056.5628763819113,422.07014939934015,266.4772215927951,nothing
1761185131.7319136,-1535.105515112169,-1088.3183669056743,415.6786603750661,240.03238900611177,nothing
1761185131.7319136,-1591.4246685449034,-1141.3501482773572,376.30125374160707,196.42515552276745,nothing
1761185131.7325728,-1553.741436591372,-1102.3429917395115,396.2162210056558,238.9515579189174,nothing
1761185131.7325728,-1533.2355651343241,-1074.3984592705965,411.92380081955343,250.90801807725802,nothing
1761185131.746205,-1587.2098012948409,-1136.4620990352705,383.11909136082977,200.14261607872322,nothing
1761185131.746205,-1572.7887470657006,-1092.7202291535214,395.7150744115934,242.29502847930416,nothing
1761185131.76184,-1513.9825601624325,-1060.2915566377342,431.70787158515304,271.64576333155856,nothing
1761185131.76184,-1566.2738413428888,-1117.6840613577515,407.9669866664335,212.712419829797,nothing
1761185131.7626164,-1583.6606362368912,-1130.7587516028434,382.82363926433027,200.94295466924086,nothing
1761185131.7626164,-1524.529078037478,-1062.849648207426,423.40903358347714,264.7830469128676,nothing
1761185131.7761955,-1539.0810287650675,-1088.7110564010218,421.5316038057208,233.33048828551546,nothing
1761185131.7761955,-1597.520705472678,-1144.3271086420864,373.9825157690793,183.90023057116196,nothing
1761185131.791912,-1549.3919329429045,-1079.9709102045745,398.09739068336785,254.5432008341886,nothing
1761185131.791912,-1518.6873543066904,-1065.624653974548,434.0527888573706,263.1823697318323,nothing
1761185131.7925067,-1593.7546262172982,-1138.9865315053612,387.98844110313803,178.26046143798158,nothing
1761185131.7925067,-1588.4103091806173,-1120.511425724253,381.20052268356085,218.36340866284445,nothing
1761185131.8068829,-1509.8312712116167,-1062.5149271613918,431.7190912850201,275.4455016865395,nothing
1761185131.8076007,-1578.5407131975517,-1123.5837535378523,390.4904341734946,199.94814128102735,nothing
1761185131.8076007,-1597.9470540676266,-1133.6029455191456,370.2912345128134,200.09773727925494,nothing
1761185131.8211665,-1532.5997821418568,-1071.1653157589026,405.7080870931968,260.48964176373556,nothing
1761185131.8211665,-1546.1456997813657,-1093.1933264979161,412.3725888142362,229.9047399261035,nothing
1761185131.836815,-1591.1927947476506,-1133.947016315069,379.71578240115196,204.55195812648162,nothing
1761185131.836815,-1545.9400052838027,-1073.2783592338674,397.71966078784317,253.15195805067196,nothing
1761185131.8375237,-1519.379235798493,-1058.9395828037523,427.8632544307038,262.46430894033983,nothing
1761185131.8375237,-1579.7225215835497,-1123.2322029420175,398.20958768203855,222.51843751361594,nothing
1761185131.8510897,-1568.2298090197146,-1106.8514411360957,400.049618460238,240.59337399946526,nothing
1761185131.8510897,-1502.9311557933688,-1045.169271166902,441.1772982729599,285.1505420715548,nothing
1761185131.8669035,-1543.2510172156617,-1089.4833457418717,417.36161535512656,247.5832470166497,nothing
1761185131.8669035,-1580.3919636756182,-1115.9506177282892,388.76260039396584,222.58575571281835,nothing
1761185131.8674932,-1522.7114866590127,-1058.591772107873,415.76467807404697,270.02264675078914,nothing
1761185131.8674932,-1533.332802533172,-1077.672741681803,424.7479177676141,255.515574822668,nothing
1761185131.8812883,-1586.2748263059184,-1118.25813600095,384.6374907428399,208.29185808217153,nothing
1761185131.8812883,-1544.0625755060464,-1071.943214949686,418.62944144010544,273.41847591055557,nothing
1761185131.8968754,-1515.0409518498927,-1045.6479783612303,435.36923364177346,273.8934432049282,nothing
1761185131.8968754,-1585.8185585113242,-1113.7515565543436,400.6629620529711,215.33782959869131,nothing
1761185131.897601,-1563.4053380768746,-1101.8624145952053,393.79650573432446,231.4979373072274,nothing
1761185131.897601,-1503.5781584857032,-1035.037882186938,427.44064573571086,282.8617232986726,nothing
1761185131.9110959,-1543.0827217176557,-1098.6049617337994,410.31938373856246,231.96168490173295,nothing
1761185131.9110959,-1586.7797127999365,-1118.5161890978925,388.5531659964472,214.8254633047618,nothing
1761185131.9268847,-1516.3237375346944,-1044.0772203798406,428.55139602255076,287.7909114402719,nothing
1761185131.9268847,-1541.9532719310373,-1079.7184669575654,429.66962610930204,254.31506693689153,nothing
1761185131.9275713,-1594.2071541119367,-1143.0461929072626,388.86731759272516,200.0042397803627,nothing
1761185131.9275713,-1531.5638298541307,-1085.3395365909673,411.314197126776,262.6213847384788,nothing
1761185131.9412768,-1516.679028030485,-1066.636296912562,421.7859170027077,265.0635394095443,nothing
1761185131.9412768,-1583.9336489336565,-1133.0045615262352,396.1526427064091,201.88166955811903,nothing
1761185131.957003,-1559.7327563203871,-1107.655519626569,392.1060709543526,228.40130014391616,nothing
1761185131.957003,-1513.4851534683257,-1048.2359891305678,441.6485256673768,285.35997646907344,nothing
1761185131.9576821,-1575.9826216278598,-1121.549247961957,403.68480121716857,218.47560566151515,nothing
1761185131.9576821,-1584.8237451231107,-1130.6147654545493,387.90242340415716,216.68793348269537,nothing
1761185131.9711685,-1528.6728871883824,-1067.952741696965,416.59493586421013,264.693289313931,nothing
1761185131.9711685,-1542.4170195255429,-1091.495411918033,413.8311497969553,238.06520162941888,nothing
1761185131.9868884,-1583.047292644158,-1135.9815218909644,384.71228874195367,209.80277766427025,nothing
1761185131.9868884,-1549.9005593368784,-1089.154234545771,419.2427850328386,266.6941357902251,nothing
1761185131.987612,-1521.5932565722615,-1070.7763661635108,440.2498030839488,259.64442437374964,nothing
1761185131.987612,-1574.471702045761,-1129.5862929667346,405.87264269124717,213.46787962084636,nothing
1761185132.0011823,-1580.2423676773906,-1102.0494095929898,394.13683663029224,237.07412814116105,nothing
1761185132.0011823,-1528.7102861879393,-1064.9234227328561,421.1688335100189,257.49398189922795,nothing
1761185132.016894,-1562.8293934836984,-1113.276589259971,406.92355457879603,210.99954565009102,nothing
1761185132.016894,-1590.609370354563,-1125.8127339114435,372.20232339017093,218.95057295588776,nothing
1761185132.0175216,-1523.6427217479795,-1061.2732803761028,422.687232892029,276.814305070322,nothing
1761185132.0175216,-1546.213017980568,-1082.8749425201677,421.66624020412564,229.14180033514276,nothing
1761185132.0311716,-1595.4413210973144,-1135.1475242008455,391.84053805749863,206.27231210609898,nothing
1761185132.0311716,-1552.9223985010758,-1084.1053696055897,405.54727139510214,250.45175028266385,nothing
1761185132.0468707,-1527.6144955009222,-1069.6543961768039,423.1360208867118,251.12867217464373,nothing
1761185132.0468707,-1586.7647532001138,-1145.465908178594,378.3731583170593,188.7770601133816,nothing
1761185132.0475123,-1561.8831987949088,-1104.229771267157,409.6312421467155,243.77976876171306,nothing
1761185132.0475123,-1528.340036092326,-1071.6290633534081,424.72547836788,269.4728814573027,nothing
1761185132.06115,-1574.5278005450964,-1122.6562583488412,399.54473196621984,205.90580191044137,nothing
1761185132.06115,-1590.788885552436,-1138.4797750613652,376.6976831369102,211.1192224486731,nothing
1761185132.0769174,-1534.1443608235568,-1073.5401522307657,405.3378369975835,261.30867985403165,nothing
1761185132.0769174,-1543.1575197167695,-1087.093549670186,422.9340662891045,243.5441550645046,nothing
1761185132.0775092,-1596.9971194788814,-1138.012287566904,388.3699108986184,196.780446018558,nothing
1761185132.0775092,-1554.3248609844595,-1099.659613521304,397.0090797962621,236.45330474851653,nothing
1761185132.091134,-1525.748285423033,-1071.1578359589912,428.910426418297,262.0379603453912,nothing
1761185132.091134,-1580.3545646760613,-1117.3381206118502,387.1432237131521,215.28921089926735,nothing
1761185132.1069343,-1579.707561983727,-1106.7916027368046,388.20535530056804,227.56356255384162,nothing
1761185132.1069343,-1534.8960807146505,-1073.2147809346206,420.3385757198557,251.0613539754413,nothing
1761185132.1076095,-1572.1903630727902,-1109.6301868031733,407.6677946699783,210.38620205735788,nothing
1761185132.1076095,-1574.4642222458497,-1125.7192364125513,379.3305727057159,208.05998428491876,nothing
1761185132.1211472,-1533.067269636318,-1072.8894096384756,415.2373521802947,268.6987221664749,nothing
1761185132.1211472,-1550.9028525250033,-1103.4556119763292,423.65960688050836,220.62978803599253,nothing
1761185132.1367412,-1611.1900398107246,-1159.0529647176154,375.11570545565337,177.08987275185063,nothing
1761185132.1367412,-1553.0308555997908,-1087.7106331628747,409.07025715336204,252.26934166112915,nothing
1761185132.1375103,-1538.5499629713595,-1073.5064931311645,423.2108188858256,257.94276989391074,nothing
1761185132.1375103,-1576.4089702228084,-1129.3918181690387,396.2610998051241,208.94634057441726,nothing
1761185132.1511912,-1560.5031757112592,-1087.2543653682806,398.4863402787596,249.92816428886726,nothing
1761185132.1511912,-1513.855403563939,-1050.5322877033614,438.4733506049961,280.4494878272526,nothing
1761185132.166868,-1557.7842684434727,-1104.2335111671127,415.02791778277606,230.6788992169313,nothing
1761185132.166868,-1591.8846762394533,-1127.3722721929662,383.05551306158304,213.9353671153076,nothing
1761185132.1675637,-1524.7759114345536,-1054.4292634571902,420.5367904175073,266.64551709080115,nothing
1761185132.1675637,-1550.338127631694,-1082.75152582163,422.7582909911871,234.2430238747038,nothing
1761185132.181148,-1587.8268847875297,-1124.2344961301424,408.8683025557548,200.3782297759317,nothing
1761185132.181148,-1528.4185739913955,-1066.73353431141,415.54402397666126,257.11999190365896,nothing
1761185132.196728,-1518.9678468033671,-1056.4001907338388,437.7739893132821,262.6288645383902,nothing
1761185132.196728,-1582.2918328531086,-1120.0271086799912,400.61434335354716,209.34650986967608,nothing
1761185132.1975455,-1565.3874850533903,-1099.1547270272858,394.86611712165177,239.0562751176767,nothing
1761185132.1975455,-1521.5072388732806,-1050.74172210088,432.1678792797029,281.36202341644093,nothing
1761185132.2111156,-1567.9418367231265,-1112.1957581727766,413.0756900059059,215.96613279124722,nothing
1761185132.2111156,-1590.1044838605449,-1136.4639689852484,382.6740432661027,202.73810664797202,nothing
1761185132.226809,-1534.9820984136313,-1065.779859822709,424.00367767643183,272.5882181203924,nothing
1761185132.226809,-1540.5059306481853,-1089.322530043777,416.8716884609312,242.10803348151967,nothing
1761185132.227562,-1599.1700013531372,-1141.0603060307913,378.6199917141348,204.39114242838696,nothing
1761185132.227562,-1557.7880083434284,-1080.578643947374,400.7377600520849,258.6234316858463,nothing
1761185132.2411215,-1524.7572119347751,-1061.04140657885,435.7581832371652,257.89789109444246,nothing
1761185132.2411215,-1594.5699244076386,-1142.0177204194479,392.7717731464654,193.72120785480365,nothing
1761185132.2570343,-1565.9896089462563,-1102.251364190597,395.9282487090677,236.58794114692137,nothing
1761185132.2570343,-1517.4793666210026,-1058.7226686063223,446.07656721491367,281.4405613155104,nothing
1761185132.2575603,-1568.6860768143088,-1115.445731234271,393.31405864004046,214.17098081251606,nothing
1761185132.2575603,-1587.3032987937331,-1123.9577435334213,396.06288510747254,219.32456295145676,nothing
1761185132.2874925,-1535.0606363127008,-1055.072526249569,432.82236177194864,284.1445089834742,nothing
1761185132.2874925,-1541.4409056371078,-1081.1919875401072,431.33388158958405,246.49119622958824,nothing
1761185132.2881916,-1596.4323945855722,-1128.1015526843257,394.0433391314,206.50792580330744,nothing
1761185132.2881916,-1545.1621060930192,-1081.3004446388222,407.29006477445364,244.46043055364862,nothing
1761185132.2890368,-1528.0109248962253,-1071.34109105682,428.1961055267602,251.63729856861755,nothing
1761185132.2890368,-1581.8430448584259,-1123.9053849340416,401.182808146812,204.04707163246349,nothing
1761185132.3012023,-1568.454203017056,-1085.3133572912775,393.02234644349664,238.48407042445615,nothing
1761185132.3012023,-1520.4675466855988,-1058.905923704151,428.211065126583,262.65504383808,nothing
1761185132.316878,-1573.9219367522746,-1119.3988054874353,403.99521291349083,207.454120492097,nothing
1761185132.316878,-1585.9943338092417,-1111.5225761807524,386.5074407206848,211.8223236403428,nothing
1761185132.3175533,-1516.32747743465,-1055.0388671499677,428.7608304200694,269.67483605491,nothing
1761185132.3175533,-1531.825622851029,-1085.0515642943792,434.07148835714906,246.92876452440396,nothing
1761185132.3311377,-1589.6856150655076,-1137.6532571711577,389.00195399113,205.4495341158472,nothing
1761185132.3311377,-1534.6081084180623,-1060.3009063876234,408.7187065575272,263.6274178265594,nothing
1761185132.3470156,-1519.7457459941506,-1066.239867517259,438.0245626103133,253.4735894468613,nothing
1761185132.3470156,-1585.048139120452,-1141.6699097235687,395.4570213146508,186.9968677344732,nothing
1761185132.34763,-1559.336326925084,-1110.3706869943999,392.9662479441613,230.2375910221599,nothing
1761185132.34763,-1519.3380968989804,-1060.222368488554,429.51255031116307,272.46854132181033,nothing
1761185132.361117,-1560.0543877165765,-1120.1318258787505,405.65572849381715,211.94200043892488,nothing
1761185132.361117,-1593.0664846254513,-1137.9786284673028,373.26819487754256,197.64810280827805,nothing
1761185132.3768735,-1531.0739029599354,-1066.239867517259,421.40444720722735,266.4734816928394,nothing
1761185132.3768735,-1543.5090703126043,-1087.261845168192,427.2050320385024,237.67999193398282,nothing
1761185132.377555,-1581.5064538624138,-1130.1098789605312,394.54074582550675,198.60177729697898,nothing
1761185132.377555,-1554.1416058866307,-1092.9689325005747,402.7012075288221,233.10983418812975,nothing
1761185132.3912206,-1519.0351650025696,-1076.0645847008564,430.8252551956102,250.66866448009387,nothing
1761185132.3912206,-1582.0412595560774,-1127.0917796962894,396.80338529869914,209.7130200653337,nothing
1761185132.4069383,-1554.1939644860104,-1093.3466623960994,406.99087277799845,252.49373565847054,nothing
1761185132.4069383,-1507.4863539393991,-1053.733642065432,441.7382832663134,271.2568137361668,nothing
1761185132.4076395,-1553.6815981920809,-1102.299982890021,409.4816461484879,226.6098880651407,nothing
1761185132.4076395,-1580.9417289691046,-1120.9022452696227,385.04887973796576,227.46632515499368,nothing
1761185132.4210627,-1518.8107710052282,-1055.988801738713,423.9849781766534,276.65348937222734,nothing
1761185132.4210627,-1536.4294396964833,-1091.07280322304,419.2689643325284,251.24086917331442,nothing
1761185132.4369104,-1594.1136566130444,-1131.2916873465292,398.2656861813739,211.53809124371037,nothing
1761185132.4369104,-1542.7610903214663,-1085.6985669867136,410.76817173324525,250.23109618527815,nothing
1761185132.437628,-1529.8172965748236,-1070.338797868695,421.8756746016443,255.16776412678882,nothing
1761185132.437628,-1584.662929425016,-1126.7402291004546,380.0710728969425,196.01750642759725,nothing
1761185132.4512348,-1577.3888240111992,-1112.7417835663073,382.86477816384286,224.45196579070762,nothing
1761185132.4512348,-1520.2506324881688,-1067.1636228063144,428.2372444262728,261.1067252564244,nothing
1761185132.4670105,-1569.0189279103652,-1115.38589283498,402.4805534314364,208.5648707789369,nothing
1761185132.4670105,-1593.406815521419,-1135.9815218909644,372.7670482834801,199.03186579188332,nothing
1761185132.4675932,-1531.9864385491237,-1072.7547732400708,418.13951454591006,262.59894533874467,nothing
1761185132.4675932,-1537.8655612794682,-1080.4627070487477,428.04276962857693,248.49952250579372,nothing
1761185132.4811137,-1589.330324569717,-1136.1124183894135,389.5517192846164,209.0772370728664,nothing
1761185132.4811137,-1554.2799821849912,-1085.3470163908787,400.217913958244,254.22530933795497,nothing
1761185132.4968548,-1530.6774735646322,-1075.6083169062622,425.2004456622526,248.29008810827509,nothing
1761185132.4968548,-1588.7805592762306,-1125.2255696184002,408.1577215641737,187.46435522893444,nothing
1761185132.4975967,-1562.9341106824577,-1091.360775519628,401.339883944951,240.14084610482678,nothing
1761185132.4975967,-1501.035026515834,-1055.457735945005,426.8647011425346,276.80308537045494,nothing
1761185132.5111177,-1550.5400822293013,-1110.598820891697,407.91462806705385,211.18654064787552,nothing
1761185132.5111177,-1580.0478928796947,-1129.9041844629683,380.3291259938851,209.36520936945453,nothing
1761185132.5268536,-1523.3098706519231,-1061.6659698714502,426.70388544443995,277.3042319645174,nothing
1761185132.5268536,-1531.8106632512063,-1081.4911795365624,429.284416413866,244.27343555586413,nothing
1761185132.5275662,-1592.7298936294392,-1131.9050309392624,383.7286950536072,202.6745283487253,nothing
1761185132.5275662,-1532.4202669439837,-1068.5623453897424,419.4559593303129,258.6683104853146,nothing
1761185132.5411308,-1511.0355189973488,-1062.8664777572267,430.51858339924365,264.82418581238016,nothing
1761185132.5411308,-1579.5691856853664,-1125.7192364125513,390.97662116773427,208.21332018310204,nothing
1761185132.5568779,-1563.5624138750136,-1107.2366508315317,401.7886719396338,235.3949130610563,nothing
1761185132.5568779,-1506.4728410514072,-1048.7820145240985,447.93155759293586,279.0806844434701,nothing
1761185132.5574827,-1558.7117636324838,-1115.5392287331633,399.1183833712712,212.73485922953114,nothing
1761185132.5574827,-1574.834472341463,-1120.524515374098,394.3051321282983,220.11742174206302,nothing
1761185132.5711277,-1512.505299679935,-1053.9056774633937,431.3563209893182,289.2569522229023,nothing
1761185132.5711277,-1540.4460922488943,-1078.4506408725865,430.7654167963192,247.64308541594073,nothing
1761185132.5868478,-1586.6637759013101,-1130.1771971597336,398.68829487636685,206.28353180596605,nothing
1761185132.5868478,-1528.6467078886926,-1079.9241614551283,427.76975693181157,265.2467945073731,nothing
1761185132.5875387,-1511.5591049911454,-1058.423476609867,443.3127811476588,275.1762288897298,nothing
1761185132.5875387,-1577.729154907167,-1124.8515796228312,397.588764289394,208.7817849763669,nothing
1761185132.6011837,-1552.48483020626,-1102.4121798886918,388.2577138999477,240.08848750544712,nothing
1761185132.6011837,-1497.6728564556688,-1034.3310410953127,436.5435622278601,290.5733970073052,nothing
1761185132.6168303,-1559.298927925527,-1104.158713167999,416.8567288611084,222.29778341623023,nothing
1761185132.6168303,-1573.9256766522303,-1107.2964892308228,393.1083641424775,225.7571908752434,nothing
1761185132.6175313,-1512.0976505847648,-1060.8918105806224,421.456805806607,264.63719081459567,nothing
1761185132.6175313,-1536.5341568952426,-1085.017905194778,420.6078485166654,234.19440517527983,nothing
1761185132.6311684,-1575.0252072392032,-1121.5417681620456,396.0441856076941,218.01933786692098,nothing
1761185132.6311684,-1531.1561807589605,-1085.8444230849855,410.62231563497335,264.86532471189275,nothing
1761185132.6468763,-1521.1482084775344,-1078.057951377239,427.9006534302607,259.9099572706036,nothing
1761185132.6468763,-1564.8451995598152,-1114.881006340962,401.69143454078585,226.07134247152135,nothing
1761185132.6476188,-1554.0443684877828,-1100.396373812575,402.9405611259863,243.08040746999905,nothing
1761185132.6476188,-1522.0233450671658,-1067.3281784043647,424.52352377027273,261.2114424551837,nothing
1761185132.6611717,-1549.4629910420626,-1081.4986593364738,417.5336507530883,251.97388956462964,nothing
1761185132.6611717,-1593.2160806236789,-1129.8181667639874,371.9554899930954,203.21681384230033,nothing
1761185132.6767995,-1516.9221215276048,-1063.2142884531058,423.92887967731804,270.2993993475102,nothing
1761185132.6767995,-1538.9276928668842,-1096.4769586590119,413.3861017022282,227.11477455915883,nothing
1761185132.6775627,-1599.9516404438764,-1133.5431071198545,374.4387835636735,190.83774498896673,nothing
1761185132.6775627,-1533.0186509368941,-1074.4826070195995,404.12610941194,263.12627123249695,nothing
1761185132.6910973,-1526.4139876151457,-1080.0513180536218,410.85044953227043,236.65525934612378,nothing
1761185132.6910973,-1591.0357189495116,-1138.9734418555163,377.2212691307068,189.46520170522854,nothing
1761185132.706827,-1564.7778813606128,-1107.1468932325952,389.3796838866547,226.4939511665143,nothing
1761185132.706827,-1523.4594666501507,-1070.3238382688724,419.2278254330158,244.81198114948347,nothing
1761185132.7074895,-1565.3500860538334,-1114.854827041272,412.8924349080771,213.10884922510013,nothing
1761185132.7074895,-1580.1226908788085,-1132.260321435053,393.42625563871115,194.01292005134746,nothing
1761185132.7211056,-1520.3703092867509,-1078.009332677815,407.8510497678071,257.04893380450085,nothing
1761185132.7211056,-1535.853495103307,-1086.6746808751486,424.2093721739948,245.9115117364563,nothing
1761185132.736823,-1581.6036912612617,-1137.1820297767408,380.7068558894098,192.80119246570393,nothing
1761185132.736823,-1522.5693704606965,-1071.3560506566428,414.77734448574483,263.15993033209816,nothing
1761185132.737616,-1528.2128794938326,-1074.5536651187576,425.5781755577773,248.2078103092499,nothing
1761185132.737616,-1588.3205515816808,-1133.5767662194557,384.82448574062437,201.21970726596192,nothing
1761185132.7510867,-1556.7707555554807,-1091.3532957197167,411.1907804282382,243.3160211672075,nothing
1761185132.7510867,-1525.5986894248053,-1060.5552195846103,420.00198472384363,256.431850311812,nothing
1761185132.7669733,-1561.928077594377,-1104.7346577611752,402.69372772891074,217.44339327374473,nothing
1761185132.7669733,-1570.1221983972937,-1123.1499251429923,376.97817563358694,203.68430133676156,nothing
1761185132.767534,-1530.7597513636574,-1071.3597905565985,418.502284841612,258.2569214901887,nothing
1761185132.767534,-1543.838181508705,-1080.6384823466651,416.0937892701477,232.1337202996947,nothing
1761185132.7810645,-1587.2472002943978,-1126.6691710012965,387.2965596113354,206.50418590335175,nothing
1761185132.7810645,-1553.5394819937646,-1092.867955201771,407.73885276913643,252.93504385324195,nothing
1761185132.7970092,-1529.4171272795647,-1061.3443384752609,433.9181524589658,271.42510923417285,nothing
1761185132.7970092,-1575.7544877305627,-1142.7245615110733,396.5902110012248,194.9628546400927,nothing
1761185132.7976437,-1570.5186277925968,-1126.3550194050185,392.0350128551945,213.26218512328342,nothing
1761185132.7976437,-1508.2044147308916,-1064.190402341541,427.8295953311026,275.5165597856976,nothing
1761185132.8118844,-1558.0161422407255,-1109.9611679492518,421.58396240510046,226.74078456358984,nothing
1761185132.8125117,-1604.9892856841907,-1150.3296480709687,378.78828721214086,190.53481309255585,nothing
1761185132.8125117,-1520.0037990910932,-1064.7532572848722,416.8679485609755,266.28274679509923,nothing
1761185132.826128,-1537.951578978449,-1082.353226476349,424.19067267421633,240.02864910615608,nothing
1761185132.826128,-1585.1191972196102,-1134.3752348599955,380.11969159636647,193.63519015582278,nothing
1761185132.841814,-1537.9478390784934,-1081.388332287781,409.10017635300756,252.4712962587364,nothing
1761185132.841814,-1520.5947032840922,-1069.110240733251,432.0856014806777,257.1686106030829,nothing
1761185132.8427558,-1581.1474234666675,-1135.8861544420943,383.5491798557341,193.80348565382883,nothing
1761185132.8427558,-1555.1775581743568,-1096.8453388046473,402.0504649365321,253.8475794424303,nothing
1761185132.8561287,-1518.6499553071335,-1065.1496866801754,431.0982678923756,255.3958980240859,nothing
1761185132.8561287,-1570.2717943955213,-1115.155888987705,421.1202148105949,211.50443214410916,nothing
1761185132.8718867,-1569.9950417988002,-1112.8857697146013,392.0387527551502,229.24651753390208,nothing
1761185132.8718867,-1513.6459691664204,-1060.6356274336576,415.0092182829976,260.20540936710313,nothing
1761185132.8725688,-1524.8806286333129,-1073.4971433812752,433.29358916636556,260.2128891670145,nothing
1761185132.8725688,-1607.891448049806,-1145.2920028306544,379.87285819929093,186.963208634872,nothing
1761185132.8862827,-1527.4873389024287,-1059.5996751459315,424.92369306553155,275.09021119074896,nothing
1761185132.8862827,-1536.504237695597,-1078.8564200177789,420.974358712323,245.11117314593866,nothing
1761185132.9018376,-1570.2044761963189,-1114.808078291826,389.06179239042103,217.54811047250405,nothing
1761185132.9018376,-1560.2787817139179,-1110.2341806460172,394.9259555209428,241.9434778834693,nothing
1761185132.9025228,-1513.9676005626097,-1070.6697790147737,426.5804687459022,265.9872946985997,nothing
1761185132.9025228,-1569.864145300351,-1109.9574280492961,408.7972444565967,222.47729861410335,nothing
1761185132.9160695,-1587.2397204944864,-1121.5548578118905,388.64666349533945,210.64425515430048,nothing
1761185132.9160695,-1523.0293781552464,-1063.5677089989185,425.6043548574671,265.9199764993973,nothing
1761185132.9319248,-1545.9512249836698,-1082.2821683771908,412.88869500812143,234.4599380721338,nothing
1761185132.9319248,-1598.4407208617777,-1125.4742729654536,384.8955438397825,200.13513627881184,nothing
1761185132.93257,-1544.429085701704,-1079.2603292129934,407.5705572711304,247.81886071385816,nothing
1761185132.93257,-1517.774818717502,-1056.951825977303,430.0847550043836,258.4476563879289,nothing
1761185132.9462311,-1584.4086162280291,-1126.2820913558826,386.6645165188238,194.90675614075735,nothing
1761185132.9462311,-1562.7321560848504,-1098.416096786037,390.53905287291855,219.0141512551345,nothing
1761185132.9618917,-1516.2938183350489,-1059.3191826492548,415.32710977923125,262.86821813555434,nothing
1761185132.9618917,-1577.7179352073,-1122.2205600040033,406.272811986506,200.80083847092465,nothing
1761185132.962615,-1590.6355496542528,-1133.4589593708515,391.17109596543014,203.4112886399962,nothing
1761185132.962615,-1535.0419368129224,-1070.1648925207555,418.92863343656063,257.2845475017093,nothing
1761185132.9761386,-1541.246430839412,-1083.692110660486,417.4476330541074,246.42387803038582,nothing
1761185132.9761386,-1590.0109863616526,-1131.992918588221,389.72375468257815,202.40151565195993,nothing
1761185132.9915528,-1549.2685162443668,-1076.3768663471565,415.76467807404697,246.51363562932238,nothing
1761185132.9915528,-1515.45982064493,-1051.1961199454963,440.23110358417034,276.50389337399974,nothing
1761185133.0068882,-1568.2410287195817,-1108.1173972710967,405.1209228001535,229.78880302747712,nothing
1761185133.0068882,-1557.2793819494545,-1100.8881706567481,392.09485125448555,236.6851785457693,nothing
1761185133.0075977,-1499.7858999306336,-1048.690386975184,437.85252721235156,292.18155398825184,nothing
1761185133.0075977,-1561.5952264983207,-1110.4585746433586,411.6059093233198,217.17038057697937,nothing
1761185133.021812,-1566.079366545193,-1103.7080552233383,406.1942740874365,229.40359333204105,nothing
1761185133.021812,-1515.1606286484748,-1056.1103484872729,429.9014999065548,272.4498418220319,nothing
1761185133.0225625,-1546.5907478760928,-1083.101206467487,422.2758438969031,237.69869143376127,nothing
1761185133.0225625,-1586.5366193028167,-1130.1192287104204,379.0239009093493,199.03186579188332,nothing
1761185133.0361757,-1539.5485162595287,-1076.0888940505683,423.00512438826263,260.75891456054524,nothing
1761185133.0361757,-1512.1088702846318,-1053.3241230202839,434.2435237551108,267.1915424843319,nothing
1761185133.0518284,-1575.4926947336644,-1108.958874761127,401.14166924729943,215.0498573021032,nothing
1761185133.0518284,-1562.6685777856037,-1096.415250309743,400.1842548586428,236.7263174452819,nothing
1761185133.0525339,-1505.7734797596931,-1045.459113413468,434.9503648467362,280.8533970224671,nothing
1761185133.0525339,-1549.8781199371442,-1096.9014373039827,402.3870559325442,230.1702728229575,nothing
1761185133.0662687,-1591.9557343386114,-1129.124415322207,378.5190144153312,204.39114242838696,nothing
1761185133.0662687,-1513.9339414630085,-1056.278643985279,423.3828542837873,275.54647898534313,nothing
1761185133.082078,-1529.0057382844388,-1078.542268421501,432.26885657850653,250.41809118306264,nothing
1761185133.082078,-1580.99782746844,-1139.0575896045193,389.375943986699,197.13573651434854,nothing
1761185133.0825226,-1524.2560653407127,-1076.9154119407758,414.0443240944296,265.9274562993087,nothing
1761185133.0825226,-1513.4926332682371,-1048.9970587715507,433.45440486446023,275.50907998578623,nothing
1761185133.096206,-1575.6759498314932,-1124.1578281810507,405.4612536961213,210.4123813570477,nothing
1761185133.096206,-1554.609093381092,-1101.262160652317,400.98085354920477,236.14663295214996,nothing
1761185133.1118095,-1503.4697013869882,-1045.2384593160823,433.9106726590544,288.5987298307009,nothing
1761185133.1118095,-1554.9756035767496,-1108.5811448656023,402.83584392722696,224.30236979248002,nothing
1761185133.1126049,-1583.5484392382205,-1127.7518720384687,386.5149205205962,217.0843628779985,nothing
1761185133.1126049,-1513.458974168636,-1051.6374281402677,427.8669943306595,281.7734124115668,nothing
1761185133.1261756,-1521.8700091689825,-1081.4743499867618,436.0685949334875,260.2091492670588,nothing
1761185133.1261756,-1575.2346416367218,-1132.4454464828596,398.5125195784494,207.7869715881534,nothing
1761185133.1418064,-1537.2746570864692,-1078.3029148243368,414.10790239367634,255.08548632776365,nothing
1761185133.1418064,-1521.032271578908,-1082.3831456759945,442.48252335749567,261.9482027464546,nothing
1761185133.1426368,-1566.139204944484,-1116.7303868690506,418.02731754723936,228.95106543740258,nothing
1761185133.1426368,-1555.5515481699258,-1097.2006293004379,395.4757208144292,243.28984186751768,nothing
1761185133.1561744,-1502.216834901832,-1052.1834535337985,433.92937215883285,274.53296609735116,nothing
1761185133.1561744,-1562.0178351933137,-1108.872857062146,418.7640778385103,216.8300496810116,nothing
1761185133.172052,-1572.5680929683149,-1126.252172156237,398.7069943761453,227.02501696022227,nothing
1761185133.172052,-1497.1829295614734,-1037.560444707051,440.0515883862972,298.7076794109307,nothing
1761185133.1724992,-1538.785576668568,-1086.1978436307982,420.1254014223814,237.06290844129398,nothing
1761185133.1724992,-1577.0634527150542,-1120.3580898260698,392.0424926551059,215.77165799355134,nothing
1761185133.1861105,-1525.4154343269765,-1065.0786285810173,416.0227311709896,265.80029970081523,nothing
1761185133.1861105,-1512.7970118764788,-1062.3260622136295,423.0948819871992,273.3661173111759,nothing
1761185133.2018757,-1577.8787509053946,-1127.1721875453368,403.13877582363784,210.83872995199636,nothing
1761185133.2018757,-1561.6812441973016,-1111.7413603281602,397.3381909923628,241.2029776922427,nothing
1761185133.2024868,-1508.5634451266378,-1061.7239383207634,424.6506803687662,273.90840280475095,nothing
1761185133.2024868,-1562.5862999865785,-1122.7778050974011,404.35424330923706,217.17786037689075,nothing
1761185133.2160864,-1570.0137412985787,-1116.9286015667021,405.1171829001978,241.45355098927394,nothing
1761185133.2160864,-1513.1822215719149,-1055.6428609928116,430.5298030991107,277.8913962575607,nothing
1761185133.2318597,-1525.5650303252041,-1077.3754196353257,425.690372556448,264.1435240204446,nothing
1761185133.2318597,-1580.99782746844,-1143.149040156044,384.3308189464733,200.7036010720767,nothing
1761185133.2326565,-1533.5646763304248,-1075.116520062089,412.70170001033694,267.52813348034397,nothing
1761185133.2326565,-1515.5159191442654,-1059.1770664509386,432.63910667411983,275.9728275802918,nothing
1761185133.2461095,-1582.119797455147,-1132.1612140862271,388.6242240956053,198.01461300393566,nothing
1761185133.2461095,-1562.1786508914083,-1092.783807452768,386.19702902436256,234.04480917705223,nothing
1761185133.261815,-1523.3435297515243,-1056.9443461773917,426.81234254315495,262.0005613458343,nothing
1761185133.261815,-1557.6870310446247,-1103.169509629719,413.7900108974427,226.9090800615959,nothing
1761185133.2625773,-1579.1353572905064,-1114.2246538987383,382.0606996733695,224.30236979248002,nothing
1761185133.2625773,-1526.3055305164307,-1077.551194933243,419.4260401306674,254.19539013830945,nothing
1761185133.276153,-1537.1848994875327,-1094.8295327285305,415.40190777834505,238.48781032441184,nothing
1761185133.276153,-1595.022452302277,-1145.1985053317621,383.044293361716,204.4846399272792,nothing
1761185133.2918038,-1533.0897090360522,-1080.4122183993459,417.6121886521578,260.68037666147575,nothing
1761185133.2918038,-1525.987639020197,-1076.0776743507013,424.2318115737289,246.3528199312277,nothing
1761185133.2924893,-1588.245753582567,-1137.494311423041,383.0704726614058,199.65642908448353,nothing
1761185133.2924893,-1563.9887624699622,-1102.155996741727,390.0379062788561,242.2052708803676,nothing
1761185133.3060849,-1517.8982354160398,-1058.6347809573635,421.3782679075375,264.801746412646,nothing
1761185133.3060849,-1562.702236885205,-1121.2668855153024,394.27895282860845,210.07579036103562,nothing
1761185133.3218164,-1593.3731564218178,-1136.3499020365998,380.5161209916696,212.9368138271384,nothing
1761185133.3218164,-1524.8619291335344,-1065.5984746748582,427.6463402332738,275.4081026869826,nothing
1761185133.3225453,-1544.791855997406,-1101.7072087470442,413.10560920555145,232.59372799424455,nothing
1761185133.3225453,-1583.4399821395054,-1134.3303560605273,382.19533607177436,206.75849910033867,nothing
1761185133.3360868,-1517.161475124769,-1060.5421299347654,423.6558669805527,282.9739202973433,nothing
1761185133.3360868,-1522.659128059633,-1084.6270856494084,403.72220021672547,250.1039395867847,nothing
1761185133.3518915,-1585.0070002209395,-1135.1718335505575,388.8149589933455,209.75415896484628,nothing
1761185133.3518915,-1564.2355958670378,-1099.0182206789032,393.5982910366729,253.94855674123392,nothing
1761185133.3524945,-1519.0239453027025,-1075.5466085569933,430.17825250327587,266.9559287871234,nothing
1761185133.3524945,-1578.4210363989696,-1138.530263710767,398.50503977853805,207.77575188828632,nothing
1761185133.3662653,-1580.3396050762385,-1127.6621144395322,391.01402016729116,221.22817202890292,nothing
1761185133.3662653,-1517.6701015187427,-1069.1065008332953,424.7105187680572,272.2217079247348,nothing
1761185133.3982294,-1543.2659768154845,-1107.83690477442,406.706640381366,222.32022281596437,nothing
1761185133.3982294,-1599.630009047687,-1136.8884476302192,380.19448959548026,200.68116167234257,nothing
1761185133.398947,-1551.074887922965,-1087.5180283151567,399.3652167683467,263.02155403373763,nothing
1761185133.398947,-1524.6300553362817,-1076.949071040377,427.03673654049635,262.812119636219,nothing
1761185133.3996856,-1585.4333488158882,-1141.1033148802817,391.20849496498704,202.76054604770616,nothing
1761185133.3996856,-1572.9944415632635,-1117.6990209575742,396.21248110570014,231.62883380567655,nothing
1761185133.4003763,-1514.494926456362,-1057.0565431760624,434.0640085572377,286.58292375458404,nothing
1761185133.4003763,-1573.8770579528064,-1130.8746885014698,396.43687510304153,205.18026131903753,nothing
1761185133.4111235,-1588.5786046786234,-1148.0370893981308,385.64726373087615,212.9667330267839,nothing
1761185133.4111235,-1517.7598591176793,-1069.6674858266488,408.045524565503,275.3819233872928,nothing
1761185133.4260652,-1549.6686855396256,-1111.8124184273183,408.8570828558877,229.74766412796453,nothing
1761185133.4260652,-1588.5636450788006,-1141.2042921790853,387.7790067056194,211.36605584574863,nothing
1761185133.4419293,-1540.8537413440645,-1083.849186458625,406.06337758898735,259.19937627902254,nothing
1761185133.4419293,-1529.7724177753553,-1075.6999444551766,420.4171136189252,246.37151943100616,nothing
1761185133.4427173,-1602.128262218088,-1152.9887169394642,374.6295184614137,195.49392043380067,nothing
1761185133.4427173,-1558.9436374297366,-1112.900729314424,387.24046111200005,235.7651631566696,nothing
1761185133.4561768,-1507.127323543653,-1050.3396828556433,440.00670958682895,287.32342394581065,nothing
1761185133.4561768,-1561.9841760937124,-1114.1423760997131,391.39548996277153,210.99954565009102,nothing
1761185133.471815,-1569.6921099023893,-1121.7156735099852,381.94850267469883,223.50951100187376,nothing
1761185133.471815,-1522.502052261494,-1074.8547270651907,413.2776446035132,263.2160288314335,nothing
1761185133.4725327,-1555.11397987511,-1101.1088247541338,411.9275407195091,231.72981110448018,nothing
1761185133.4725327,-1607.1995665580034,-1131.0093248998746,389.7349743824452,211.51191194402054,nothing
1761185133.4861517,-1535.0120176132768,-1073.3886862825602,412.8363364087418,266.0284335981123,nothing
1761185133.4861517,-1522.91344125662,-1074.970663963817,427.0180370407179,261.5929122506641,nothing
1761185133.5019872,-1577.4224831108004,-1133.6683937683702,385.6921425303444,201.5974371614866,nothing
1761185133.5019872,-1569.1386047089472,-1117.833657355979,379.30813330598176,224.65392038831487,nothing
1761185133.5027215,-1505.8146186592057,-1059.8053696434945,422.8031697906554,276.98634046828374,nothing
1761185133.5027215,-1566.2738413428888,-1117.0557581651956,401.10427024774253,222.9747053082101,nothing
1761185133.5161304,-1577.7815135065466,-1112.8446308150887,402.03176543675363,244.4267714540474,nothing
1761185133.5161304,-1519.1361423013732,-1063.7135650971904,427.6912190327421,274.46938779810444,nothing
1761185133.5318575,-1563.3716789772734,-1102.7543807346374,411.88640181999654,220.3081566398032,nothing
1761185133.5318575,-1582.3516712523997,-1126.8393364492804,400.79385855142027,213.27714472310618,nothing
1761185133.532565,-1532.513764442876,-1083.6771510606632,394.0695184310898,257.2920273016207,nothing
1761185133.532565,-1529.8883546739817,-1088.153811307624,409.9416538430378,255.44451672350988,nothing
1761185133.5462108,-1588.9114557746798,-1139.2445846023038,392.16216945368797,206.4480874040164,nothing
1761185133.5462108,-1566.8460460361093,-1111.902176026255,380.08603249676526,217.0469638784416,nothing
1761185133.561794,-1501.4052766114473,-1053.4662392186,424.21311207395047,295.54372404841706,nothing
1761185133.561794,-1560.7200899086893,-1118.4283014489338,400.3787296563387,207.080130496528,nothing
1761185133.5626547,-1578.5444530975074,-1125.0928031699732,389.2600070880726,214.6347284070216,nothing
1761185133.5626547,-1524.3159037400037,-1066.252957167104,426.07932215183973,271.8103189296089,nothing
1761185133.5762177,-1554.2725023850799,-1103.0460929311812,402.2000609347597,231.91306620230898,nothing
1761185133.5762177,-1594.154795512557,-1138.6835996089503,371.948010193184,207.3419234934263,nothing
1761185133.5919354,-1546.3214750792831,-1093.5542268436402,399.94864116143435,241.2403766917996,nothing
1761185133.5919354,-1515.4934797445312,-1067.9321722472087,429.4265326121822,268.4070099699311,nothing
1761185133.592621,-1589.3752033691853,-1138.5975819099694,373.33925297670066,188.19363572029397,nothing
1761185133.592621,-1561.0155420051888,-1107.5938112773001,383.97926835063845,229.69530552858487,nothing
1761185133.6062808,-1515.471040344797,-1055.5493634939194,417.1708804573864,276.4365751747973,nothing
1761185133.6062808,-1581.502713962458,-1122.2467393036932,403.23975312244147,206.7435395005159,nothing
1761185133.621845,-1601.2306862287223,-1136.0432302402332,376.0656400443986,202.2294802539982,nothing
1761185133.621845,-1513.2570195710286,-1045.9677398074418,425.11442796327174,274.9219156927429,nothing
1761185133.6225307,-1539.496157660149,-1073.9010525764897,420.6527273161337,243.27114236773923,nothing
1761185133.6225307,-1597.7712787697092,-1128.6232687281445,380.209449195303,196.77296621864662,nothing
1761185133.6362135,-1549.6238067401573,-1081.7174434838817,400.39368925616145,266.2154285958968,nothing
1761185133.6362135,-1518.9117483040318,-1064.031456593424,428.2484641261399,277.97741395654157,nothing
1761185133.6518292,-1582.890216846019,-1127.4751194417477,395.7412537112832,210.5245783557184,nothing
1761185133.6518292,-1566.3299398422241,-1107.7621067753062,391.474027861841,241.08704079361632,nothing
1761185133.6524863,-1513.3467771699652,-1055.9308332893997,407.1666480759159,274.13653670204803,nothing
1761185133.6524863,-1576.3079929240048,-1116.2292402749881,409.4853860484436,217.1965598766692,nothing
1761185133.666173,-1594.5437451079488,-1129.5358043173328,384.8506650403142,208.6022697784938,nothing
1761185133.666173,-1526.6234220126644,-1067.3300483543426,407.4247011728585,265.8825774998404,nothing
1761185133.681958,-1529.3722484800965,-1085.3526262408122,417.29055725596845,243.18512466875836,nothing
1761185133.681958,-1587.7857458880171,-1138.7135188085958,381.52589397970587,202.5249323504977,nothing
1761185133.6825347,-1555.5066693704575,-1099.635304171592,397.21477429382503,246.15086533362046,nothing
1761185133.6825347,-1526.4139876151457,-1081.5641075856984,412.2716115154326,254.64791803294793,nothing
1761185133.696194,-1584.71154812444,-1127.5835765404627,388.302592699416,205.16156181925908,nothing
1761185133.696194,-1575.4178967345506,-1116.5994903706014,387.16566311288625,228.65561334090307,nothing
1761185133.7118332,-1516.8922023279592,-1067.2215912556276,420.3123964201659,272.04967252677307,nothing
1761185133.7118332,-1555.5104092704132,-1103.8875704212114,414.0069250948727,230.12165412353352,nothing
1761185133.712566,-1600.6697012353688,-1146.6308870147914,373.78804097138345,193.87080385303125,nothing
1761185133.712566,-1513.1635220721364,-1047.1981668928638,426.14664035104215,282.9589606975205,nothing
1761185133.726164,-1540.7565039452165,-1098.7377281822264,403.88301591482013,236.15411275206134,nothing
1761185133.726164,-1602.7715250104666,-1141.956012070179,372.1013460913673,181.4356365003623,nothing
1761185133.7418137,-1540.1057613529265,-1084.1558582549915,410.0875099413097,259.7379218726419,nothing
1761185133.7418137,-1532.3305093450472,-1053.226885621436,429.5761286104098,270.6285105436109,nothing
1761185133.7425697,-1591.7014211416245,-1126.2259928565472,388.8411382930353,200.85693697026,nothing
1761185133.7425697,-1568.682336914353,-1103.6295173242688,388.76260039396584,240.11466680513695,nothing
1761185133.756192,-1499.90183682926,-1047.3328032912686,419.0109112355858,276.9190222690813,nothing
1761185133.756192,-1543.2622369155288,-1082.6150194732472,410.6484949346632,223.9059403971769,nothing
1761185133.77201,-1583.8476312346756,-1127.1721875453368,394.72774082329124,217.75754487002268,nothing
1761185133.77201,-1518.3320638108999,-1061.6902792211622,413.58805629983544,273.3361981115304,nothing
1761185133.7725148,-1533.224345434457,-1078.3440537238494,413.086909705773,243.38333936640993,nothing
1761185133.7725148,-1591.417188744992,-1129.1767739215866,383.75113445334136,210.72653295332566,nothing
1761185133.7862594,-1543.3033758150414,-1082.6075396733359,396.31719830445945,245.09247364616022,nothing
1761185133.7862594,-1521.2753650760278,-1064.622360786423,419.43351993057877,257.9577294937335,nothing
1761185133.8018878,-1582.3666308522224,-1126.1661544572562,391.4441086621955,205.24383961828426,nothing
1761185133.8018878,-1570.541067192331,-1101.1836227532476,395.31490511633456,231.40443980833516,nothing
1761185133.8025217,-1510.033225809224,-1059.629594345577,418.2816307442263,272.4348822222091,nothing
1761185133.8025217,-1575.788146830164,-1125.107762769796,387.9547820035368,200.9616541690193,nothing
1761185133.8169067,-1582.7761498973705,-1119.2622991390526,387.3638778105378,228.86130783846602,nothing
1761185133.8175888,-1510.0986740584485,-1048.9783592717722,426.655266745016,283.28059209370986,nothing
1761185133.8175888,-1537.1643300377764,-1087.839659711346,421.5989220049232,243.75732936197892,nothing
1761185133.8311715,-1589.0068232235499,-1131.7012063916773,381.7428081771359,206.76971880020574,nothing
1761185133.8311715,-1544.5356728504412,-1082.8506331704557,408.9431005548686,249.86084608966485,nothing
1761185133.8469,-1499.2043454875238,-1043.4881861368194,447.4640700984746,293.87572866817936,nothing
1761185133.8469,-1590.0091164116748,-1134.4724722588435,391.0738585665822,197.0011001159437,nothing
1761185133.847509,-1567.4575196788646,-1111.9507947256789,391.788179458119,231.58395500620827,nothing
1761185133.847509,-1524.385091889184,-1059.4874781472608,421.9841317003593,263.9565290226601,nothing
1761185133.8612013,-1565.6100091007538,-1111.1093172356486,395.7786527108401,228.2030854462646,nothing
1761185133.8612013,-1590.2335104090162,-1124.9469470717013,374.3228466650471,210.05335096130148,nothing
1761185133.8768408,-1524.239235790912,-1065.4152195770293,414.1640008930117,258.3691184888594,nothing
1761185133.8768408,-1546.7010749247856,-1086.717689724639,423.6558669805527,241.62932628719136,nothing
1761185133.8775575,-1595.155218750704,-1133.1709870742634,384.97782163880765,209.61952256644145,nothing
1761185133.8775575,-1546.2298475303687,-1088.408124504611,395.6327966125682,252.34787956019863,nothing
1761185133.8911695,-1517.8178275669925,-1050.1414681579918,427.6575599331409,279.5294724381529,nothing
1761185133.8911695,-1587.0471156467684,-1125.3209370672703,391.5899647604674,211.87842213967815,nothing
1761185133.906852,-1573.7704708040692,-1117.833657355979,384.5103341443464,216.80013048136607,nothing
1761185133.906852,-1513.277589020785,-1072.4163122940809,410.7494722334668,263.75457442505285,nothing
1761185133.907456,-1575.6441606818698,-1116.15818217583,402.7049474287778,217.96697926754132,nothing
1761185133.907456,-1588.124206834007,-1123.3313102908432,391.896636556834,211.1603613481857,nothing
1761185133.9210565,-1531.6367579032667,-1076.4965431457385,413.9022078961134,256.94421660574153,nothing
1761185133.9210565,-1553.088824049104,-1091.1868701716885,415.48044567741454,236.71135784545913,nothing
1761185133.936842,-1595.458150647115,-1141.5521028749645,378.08144612051547,197.95103470468894,nothing
1761185133.936842,-1545.997973733116,-1086.9495635218918,396.2536200052127,248.94083070056513,nothing
1761185133.9375784,-1522.1972504151054,-1068.80730883684,423.0574829876423,265.2280950075947,nothing
1761185133.9375784,-1583.5203899885528,-1133.8553887661546,396.75850649923086,202.80542484717444,nothing
1761185133.9511497,-1564.8395897098817,-1103.483661225997,390.9167827684432,232.17859909916297,nothing
1761185133.9511497,-1519.0706940521486,-1066.7877628607675,424.93117286544293,260.48964176373556,nothing
1761185133.9669156,-1560.8378967572935,-1121.042491517961,410.81305053271353,215.7828776934184,nothing
1761185133.9669156,-1596.6474388330244,-1133.9788054646924,388.5643856963143,203.95357413357124,nothing
1761185133.967646,-1516.9389510774054,-1069.749763625674,417.6533275516704,264.4314963170327,nothing
1761185133.967646,-1539.4980276101269,-1089.0551271969453,415.824516473338,235.86614045547321,nothing
1761185133.9810953,-1597.7694088197313,-1140.1421605916694,373.2906342772767,188.7733202134259,nothing
1761185133.9810953,-1548.8477774993517,-1098.4572356855497,403.1574753234163,235.33881456172094,nothing
1761185133.996776,-1526.2251226673834,-1067.9134727474302,417.13722135778517,255.11166562745348,nothing
1761185133.996776,-1602.186230667401,-1148.5232763923705,379.0650398088619,179.27771422592923,nothing
1761185133.9976256,-1571.6723869289272,-1126.5476242527366,383.50430105626583,211.16784114809707,nothing
1761185133.9976256,-1515.7160037918948,-1055.0444769999012,423.121061286889,274.3758902992122,nothing
1761185134.0111647,-1581.2540106154047,-1127.3554426431656,399.784085563384,196.02872612746432,nothing
1761185134.0111647,-1577.6786662577651,-1116.5957504706457,395.16530911810696,229.62050752947107,nothing
1761185134.0274763,-1525.0395743814297,-1077.1248463382944,406.0035391896963,253.3987914477475,nothing
1761185134.0274763,-1542.718081471976,-1094.3096866346896,422.54511669371277,238.68228512210771,nothing
1761185134.0282736,-1565.7708247988485,-1114.0526185007766,411.03370463009924,236.82729474408552,nothing
1761185134.0282736,-1523.588493198622,-1068.5043769404292,423.012604188174,280.13533623097464,nothing
1761185134.041142,-1519.8785124425776,-1066.4736112644896,425.0545895639807,265.923716399353,nothing
1761185134.041142,-1590.8318944019265,-1130.2164661092684,384.5178139442578,209.80651756422594,nothing
1761185134.0568695,-1559.9178813681938,-1093.2400752473623,406.83753687981516,255.97932241717353,nothing
1761185134.0568695,-1500.1767194760032,-1044.8158506210893,438.836120900698,291.51585179613903,nothing
1761185134.0576823,-1563.0107786315493,-1111.1728955348954,407.6378754703328,218.74487845832482,nothing
1761185134.0576823,-1582.2675235033967,-1133.4589593708515,384.86562464013696,212.37208893382922,nothing
1761185134.0711472,-1512.1817983337678,-1063.272256902419,412.29405091516674,262.16137704392895,nothing
1761185134.0711472,-1544.756326947827,-1103.5322799254209,413.1617077048868,228.9435856374912,nothing
1761185134.086893,-1592.1333795865066,-1149.2375972839072,388.7065018946305,190.78164648963138,nothing
1761185134.086893,-1530.7354420139454,-1073.65795907937,422.77325059100986,252.05242746369913,nothing
1761185134.087551,-1517.5148956705816,-1086.7737882239744,424.99101126473397,236.5767214470543,nothing
1761185134.087551,-1589.1564192217775,-1146.7056850139052,387.6555900070816,195.0787915387191,nothing
1761185134.1010659,-1543.3015058650635,-1100.5590594606474,409.1113960528746,244.37815275462344,nothing
1761185134.1010659,-1494.1293012476526,-1051.9141807369888,436.797875424847,283.0748975961469,nothing
1761185134.1168587,-1556.9222215036862,-1118.8284707441926,405.73800629284233,221.62460142420605,nothing
1761185134.1168587,-1588.909585824702,-1144.042876245454,377.42696362826973,189.1061713094823,nothing
1761185134.1177292,-1502.4430988491513,-1057.9615989653394,414.84840258490294,280.47192722698674,nothing
1761185134.1177292,-1527.5266078519635,-1088.0640537086874,415.1139354817569,243.3571600667201,nothing
1761185134.1311307,-1584.3843068783171,-1141.8886938709766,383.72121525369585,197.4498881106265,nothing
1761185134.1311307,-1533.731101878453,-1091.037274173461,407.03201167751104,240.3128815027885,nothing
1761185134.1469052,-1504.1746725286357,-1064.139913692139,430.948671894148,277.54358556168154,nothing
1761185134.1469052,-1587.6043607401662,-1143.3023760542274,387.2853399114683,200.6288030729629,nothing
1761185134.1476564,-1556.2079006121494,-1115.0062929894775,386.3989836219698,223.2327584051527,nothing
1761185134.1476564,-1475.6541954665445,-1040.8440768681467,448.27188848890364,307.7170984041877,nothing
1761185134.1613305,-1558.5789971840568,-1127.4676396418363,395.9357285089791,207.34940329333767,nothing
1761185134.1613305,-1570.0717097478919,-1126.7420990504324,394.76887972280383,214.07748331362382,nothing
1761185134.1768363,-1494.5855690422468,-1037.6913412055,452.11650564335287,303.99215804832056,nothing
1761185134.1768363,-1528.5251611401327,-1081.7997212829068,427.59772153384984,252.16836436232552,nothing
1761185134.1775858,-1600.076927092392,-1144.9030532352626,380.64327759016305,195.90156952897087,nothing
1761185134.1775858,-1533.7460614782758,-1072.0946808978915,419.310103232041,266.30892609478906,nothing
1761185134.1911147,-1504.60476102354,-1051.345715943724,431.03468959312886,276.69462827173993,nothing
1761185134.1911147,-1570.7187124402262,-1128.8027839260176,399.1557823708281,206.19751410698518,nothing
1761185134.2068188,-1550.4821137799881,-1099.4109101742506,394.417329126969,242.21649058023468,nothing
1761185134.2068188,-1498.684499393683,-1056.2075858861208,435.85542063601315,278.4897802504711,nothing
1761185134.2075975,-1551.8509171637706,-1105.110517706722,405.62206939421594,230.97061141347513,nothing
1761185134.2075975,-1572.6410210174508,-1113.1026839120314,397.7084410879761,228.6855325405486,nothing
1761185134.2212217,-1508.5877544763498,-1056.3833611840382,429.78556300792843,280.68510152446106,nothing
1761185134.2212217,-1527.9604362468235,-1080.8011679947376,429.9725580057129,256.85819890676066,nothing
1761185134.2368555,-1589.549108717125,-1138.3657081127167,394.72774082329124,209.8551362636499,nothing
1761185134.2368555,-1498.007577501703,-1056.4170202836394,419.62051492836326,289.5598841193132,nothing
1761185134.2376008,-1511.8564270376228,-1062.393380412832,427.62390083353966,262.2997533422895,nothing
1761185134.2376008,-1590.0876543107443,-1142.1392671680078,393.57585163693875,193.02932636300102,nothing
1761185134.2511744,-1550.1492626839317,-1098.8611448807642,397.4129889914766,246.57347402861342,nothing
1761185134.2511744,-1496.7360115167685,-1052.490125330165,433.7610766608268,284.91866827430204,nothing
1761185134.2668424,-1549.7378736888058,-1107.6050309771672,406.4448473844677,226.50517086638138,nothing
1761185134.2668424,-1580.8575812201016,-1138.1300944155082,383.20136915985495,210.37124245753512,nothing
1761185134.2675385,-1508.3633604790084,-1063.9379590945318,419.0221309354529,271.57096533244476,nothing
1761185134.2675385,-1532.3473388948478,-1095.4952349206433,412.58576311171055,238.48033052450046,nothing
1761185134.2810936,-1570.1764269466512,-1127.7556119384244,383.13405096065253,221.85273532150313,nothing
1761185134.2810936,-1522.7357960087247,-1081.8483399823308,409.21237335167825,264.26694071898237,nothing
1761185134.2968671,-1516.6360191809945,-1082.7459159716964,418.70049953926355,240.26426280336455,nothing
1761185134.2968671,-1579.9899244303815,-1142.44967886433,398.79301207512617,195.64351643202826,nothing
1761185134.2976816,-1555.7815520172007,-1121.4351810133085,394.20789472945035,228.62569414125755,nothing
1761185134.2976816,-1491.8629218745045,-1049.801137262024,429.4975907113403,290.65193490637466,nothing
1761185134.3114052,-1571.395634332206,-1129.883615013212,395.02693281974643,203.24673304194584,nothing
1761185134.3114052,-1585.1285469694994,-1134.876381454058,373.05128068011254,202.71940714819357,nothing
1761185134.3268728,-1505.027369718533,-1053.0174512239173,428.85432791896164,282.95522079756483,nothing
1761185134.3268728,-1523.8241068958305,-1086.538174526766,431.44233868829906,259.82393957162276,nothing
1761185134.32752,-1583.2099782922305,-1144.86191433575,380.87141148746014,201.95646755723283,nothing
1761185134.32752,-1528.7645147372968,-1077.6110333325341,418.40130754280835,260.6242781621404,nothing
1761185134.3411188,-1496.4667387199588,-1049.0681168707088,441.513889268972,284.17442818311974,nothing
1761185134.3411188,-1581.2801899150945,-1129.5320644173771,388.65040339529514,215.1919735004194,nothing
1761185134.3568826,-1549.928608586546,-1090.782960976474,411.4450936252251,267.12422428512946,nothing
1761185134.3568826,-1486.1857537417673,-1050.1489479579031,439.4681639932096,288.5987298307009,nothing
1761185134.3575716,-1544.3673773524351,-1107.6162506770343,406.4074483849108,224.09667529491708,nothing
1761185134.3575716,-1566.5711633893661,-1118.233826651238,385.90531682781875,224.3135894923471,nothing
1761185134.3711715,-1502.40943974955,-1051.405554343015,419.62425482831895,277.887656357605,nothing
1761185134.3711715,-1551.3123715701513,-1096.0487401140854,418.0048781475052,234.50855677155778,nothing
1761185134.3869011,-1586.871340348851,-1133.7095326678827,389.20764848869294,197.27037291275337,nothing
1761185134.3869011,-1524.7927409843542,-1079.854973305948,409.7770982449874,255.19768332643434,nothing
1761185134.3875077,-1516.6135797812603,-1066.9111795593053,421.88315440155566,261.7275486490689,nothing
1761185134.3875077,-1574.09958200017,-1130.1790671097115,388.8074791934341,206.58272380242124,nothing
1761185134.4013157,-1560.048777866643,-1101.516473849304,398.7817923752591,229.2053786343895,nothing
1761185134.4013157,-1509.9902169597335,-1061.2564508263022,423.1584602864459,266.83251208858564,nothing
1761185134.4168785,-1558.7846916816197,-1117.24275316298,406.50842568371445,230.23385112220421,nothing
1761185134.4168785,-1569.5855227536522,-1123.1069162935019,379.1136585082859,216.31768338708207,nothing
1761185134.4176178,-1505.5060769128613,-1068.8147886367515,412.2716115154326,271.2942127357237,nothing
1761185134.4176178,-1550.2988586821593,-1094.6462776307017,418.0871559465304,239.4639242128469,nothing
1761185134.4313016,-1587.4996435414068,-1126.9178743483499,387.38257731031626,215.5659634959884,nothing
1761185134.4313016,-1537.6729564317502,-1076.840613941662,396.780945898965,255.7736279196106,nothing
1761185134.4469185,-1518.4087317599915,-1077.0837074387819,415.84321597311646,245.3954055425711,nothing
1761185134.4469185,-1579.948785530869,-1145.0002906341106,378.20112291909754,191.93353567598388,nothing
1761185134.4475255,-1569.4134873556904,-1108.3941498678178,393.28413944039494,227.5747822537087,nothing
1761185134.4475255,-1515.603806793224,-1060.2055389387533,410.0127119421959,260.0969522683881,nothing
1761185134.4610972,-1576.4071002728306,-1122.0522645059973,389.61903748381883,213.73341251770034,nothing
1761185134.4610972,-1584.664799374994,-1114.7145807929337,384.57017254363745,212.05793733755127,nothing
1761185134.4769557,-1516.5387817821465,-1067.517043352127,408.28113826271147,278.1943281539716,nothing
1761185134.4769557,-1529.714449326042,-1085.7640152359381,412.6792606106028,235.34255446167663,nothing
1761185134.4778347,-1587.0246762470342,-1136.0993287395686,381.23792168311775,200.60636367322877,nothing
1761185134.4778347,-1532.4146570940502,-1067.240290755406,409.5639239475131,271.64576333155856,nothing
1761185134.4912136,-1530.668123814743,-1072.2891556955874,423.8353821784258,263.83685222407803,nothing
1761185134.4912136,-1598.3490933128633,-1138.4928647112101,388.60552459582686,195.9314887286164,nothing
1761185134.5068536,-1548.7804593001492,-1096.729401906021,389.2263479884714,243.49927626503631,nothing
1761185134.5068536,-1511.8826063373126,-1069.847001024522,417.77300435025245,264.151003820356,nothing
1761185134.507583,-1561.0286316550337,-1120.2645923271775,393.7067481353879,218.3035702635534,nothing
1761185134.507583,-1574.5371502949856,-1106.232487693429,389.8957900805399,224.94937248481438,nothing
1761185134.5213003,-1509.3731334670447,-1064.9552118824795,424.29538987297565,271.52982643293217,nothing
1761185134.5213003,-1547.3256382173859,-1097.017374202609,416.66599396336824,234.19814507523552,nothing
1761185134.5368564,-1592.1745184860192,-1132.8231763783842,382.08313907310367,200.17627517832443,nothing
1761185134.5368564,-1531.7713943016715,-1070.931572011672,409.9042548434809,262.35211194166914,nothing
1761185134.5374782,-1515.2522561973892,-1078.9798367163166,422.55259649362415,259.3676717770286,nothing
1761185134.5374782,-1586.1570194573142,-1143.3996134530753,381.2454014830291,198.99446679232642,nothing
1761185134.5511384,-1556.503352708649,-1097.8700713925064,392.5585988489911,243.03552867053077,nothing
1761185134.5511384,-1510.0500553590246,-1067.7302176496014,415.10645568184555,279.46589413890615,nothing
1761185134.5668151,-1578.198512351606,-1132.078936287202,392.76429334655404,203.95731403352693,nothing
1761185134.5668151,-1574.798943291884,-1113.686108305119,385.90905672777444,220.756944634486,nothing
1761185134.5675168,-1516.6921176803298,-1075.7448232546449,405.8315037917346,257.2995071015321,nothing
1761185134.5675168,-1544.610470849555,-1100.611418060027,414.36595549061894,232.29827589774504,nothing
1761185134.581175,-1589.8670002133586,-1138.1899328147992,385.42286973353475,196.4475949225016,nothing
1761185134.581175,-1547.9539414099418,-1088.6661776015535,388.7439008941874,242.0220157825388,nothing
1761185134.5970125,-1521.8419599193148,-1062.5915951104835,415.2036930806935,262.9878949341364,nothing
1761185134.5970125,-1593.2665692730807,-1144.4954041400924,366.71215025521815,182.97273538215086,nothing
1761185134.5975451,-1561.978566243779,-1098.4796750852838,400.8649166505784,248.16667140973732,nothing
1761185134.5975451,-1511.8227679380216,-1049.4720260659233,436.41640562936664,288.91662132693455,nothing
1761185134.6111891,-1576.7960498682223,-1121.7455927096307,397.28209249302745,214.7544052056037,nothing
1761185134.6111891,-1582.275003303308,-1114.6210832940415,389.8845703806728,219.85188884520903,nothing
1761185134.6268084,-1505.895026508253,-1039.2994981864467,426.0942817516625,283.94629428582266,nothing
1761185134.6268084,-1540.6162576968782,-1087.8845385108143,420.5293106175959,244.73718315036967,nothing
1761185134.6275833,-1599.7365961964242,-1140.47127178777,375.3700186526403,189.00893391063437,nothing
1761185134.6275833,-1528.2820676430129,-1054.1730803102255,415.28971077967435,282.09130390780047,nothing
1761185134.641071,-1519.3100476493128,-1064.237151090987,430.07727520447224,245.62353943986818,nothing
1761185134.641071,-1594.1828447622247,-1144.8955734353513,385.7370213298127,183.54120017541572,nothing
1761185134.656804,-1555.2280468237586,-1099.840998669155,405.6669481936842,239.51628281222656,nothing
1761185134.656804,-1501.9569118549116,-1051.162460845895,430.6158207980916,281.02917232038453,nothing
1761185134.657488,-1583.0304630943574,-1131.4244537949562,391.02523986715823,202.62590964930132,nothing
1761185134.657488,-1568.8973811618052,-1113.3682168088853,388.5980447959155,222.72413201117888,nothing
1761185134.671141,-1509.6648456635885,-1037.8745963033289,434.5053167520091,280.8945359219797,nothing
1761185134.671141,-1551.050578573253,-1103.9249694207683,405.76418559253216,225.96288537280634,nothing
1761185134.6868324,-1603.4914557519369,-1140.6994056850672,369.45349692273885,179.93219671817496,nothing
1761185134.6868324,-1521.6512250215746,-1059.7417913442478,411.91632101964206,268.8445782647468,nothing
1761185134.687512,-1523.3940184009261,-1071.8067086013034,428.14748682733625,248.33496690774336,nothing
1761185134.687512,-1591.2507631969638,-1146.1708793202415,388.20535530056804,180.22390891471878,nothing
1761185134.7011244,-1554.524945632089,-1103.868870921433,397.7794991871342,236.206471351441,nothing
1761185134.7011244,-1516.5425216821022,-1064.9926108820364,422.6049550930038,264.71572871366516,nothing
1761185134.7168686,-1573.2020060108043,-1128.9037612248212,397.27461269311607,191.90735637629405,nothing
1761185134.7168686,-1575.8049763799645,-1112.1527493232861,388.2128351004794,219.6013155481778,nothing
1761185134.717657,-1511.744230038952,-1054.7378052035347,431.29648259002715,270.9277025400661,nothing
1761185134.717657,-1545.938135333825,-1098.7489478820935,406.7926580803469,221.89387422101572,nothing
1761185134.731118,-1585.0462691704743,-1127.5611371407285,388.6616230951622,214.22333941189572,nothing
1761185134.731118,-1540.1188510027714,-1076.298328448087,405.72304669301957,246.79038822604343,nothing
1761185134.7468033,-1522.563760610763,-1061.174173027277,425.80630945507437,251.46526317065582,nothing
1761185134.7468033,-1566.4776658904739,-1115.844030579552,399.27919906936586,213.1200689249672,nothing
1761185134.7475898,-1560.5835835603066,-1100.974188355729,390.53905287291855,222.76153101073578,nothing
1761185134.7475898,-1520.5928333341144,-1069.7161045260727,416.62485506385565,253.7279026438482,nothing
1761185134.7611873,-1569.27511105733,-1107.788286074996,402.787225227803,214.7469254056923,nothing
1761185134.7611873,-1583.396973290015,-1123.3313102908432,381.9260632749647,215.1209154012613,nothing
1761185134.7768867,-1513.8049149145372,-1055.4708255948499,433.92937215883285,296.1159287416376,nothing
1761185134.7768867,-1542.3814904759638,-1094.8781514279544,399.32407786883414,241.10948019335046,nothing
1761185134.777603,-1582.9781044949777,-1130.6128955045715,382.68900286592543,209.5596841671504,nothing
1761185134.777603,-1524.856319283601,-1057.4529725713655,418.18813324533403,288.6660480299033,nothing
1761185134.791109,-1540.0066540041007,-1081.9268778814003,411.3777754260227,247.6169061162509,nothing
1761185134.791109,-1585.1771656689234,-1128.0024453355,379.2595146065578,214.05504391388968,nothing
1761185134.8069084,-1569.6565808528103,-1110.9073626380414,376.8734584348276,233.85033437935635,nothing
1761185134.8069084,-1518.1656382628717,-1045.9639999074861,424.7292182678357,283.06367789627984,nothing
1761185134.8076143,-1567.9324869732372,-1107.3469778802246,393.1569828419015,229.0520427362062,nothing
1761185134.8076143,-1577.970378454309,-1106.4755811905488,393.08966464269906,236.59542094683275,nothing
1761185134.8218925,-1516.5892704315484,-1046.194003754761,426.31680579902604,293.3484027744271,nothing
1761185134.8226223,-1537.6561268819496,-1073.7383669284172,412.20242336625233,256.2897341134958,nothing
1761185134.8226223,-1588.6945415772498,-1126.3587593049742,382.3468020199798,204.95960722165182,nothing
1761185134.836156,-1524.626315436326,-1049.8628456112929,413.93025714578107,284.4810999794863,nothing
1761185134.836156,-1526.6084624128416,-1065.9107563211583,428.34757147496566,272.8238318176009,nothing
1761185134.8518162,-1584.5619521262124,-1127.940736986231,386.8346819668077,206.60890310211107,nothing
1761185134.8518162,-1550.5999206285924,-1085.885561984498,413.8891182462685,254.48710233485326,nothing
1761185134.8525844,-1500.698435519822,-1049.331779817585,429.693935459014,298.3449091152288,nothing
1761185134.8525844,-1571.9061306761578,-1115.3484938354231,386.1353206750937,206.96045369794592,nothing
1761185134.866217,-1570.48122879304,-1110.3557273945771,388.0912883519195,242.17909158067778,nothing
1761185134.866217,-1512.5838375790045,-1041.8594597061165,421.97104205051437,293.09782947739586,nothing
1761185134.882217,-1564.5273080635816,-1100.72174510872,401.0537815983407,229.80376262729988,nothing
1761185134.882217,-1585.156596219167,-1120.0869470792823,389.10854113986716,211.8597226398997,nothing
1761185134.8825452,-1520.5872234841809,-1064.1006447426043,415.5159747269936,280.61404342530295,nothing
1761185134.8825452,-1531.5301707545295,-1074.4302484202199,425.46410860912874,260.45972256409004,nothing
1761185134.8961368,-1595.8714095922187,-1138.9098635562696,380.6002687406726,201.97890695696697,nothing
1761185134.8961368,-1566.4907555403188,-1098.705939032603,393.2785295904614,248.7313963030465,nothing
1761185134.9117856,-1523.5604439489543,-1064.9421222326346,418.5415537911467,272.3750438229181,nothing
1761185134.9117856,-1577.1045916145667,-1115.4270317344926,395.40279276529327,221.35158872744069,nothing
1761185134.912522,-1568.6860768143088,-1113.6094403560273,385.9034468778409,230.66019971715286,nothing
1761185134.912522,-1497.1679699616507,-1046.220183054451,438.25082655763254,299.95306609617546,nothing
1761185134.9261646,-1548.3073619557545,-1094.2629378852434,414.9549897336401,246.9100650246255,nothing
1761185134.9261646,-1587.677288789302,-1128.6812371774577,376.9688258836977,214.0475641139783,nothing
1761185134.9417648,-1522.7152265589684,-1077.7849386804737,417.56917980266735,279.02458594413474,nothing
1761185134.9417648,-1532.8690549386665,-1077.7849386804737,427.6930889827199,267.34487838251516,nothing
1761185134.942624,-1590.1344030601904,-1140.2225684407167,388.0912883519195,218.13527476554736,nothing
1761185134.942624,-1556.561321157962,-1095.1380744748749,400.93784469971433,255.88956481823698,nothing
1761185134.9562068,-1512.2322869831696,-1066.120190718677,440.09085733583197,282.7158672004007,nothing
1761185134.9562068,-1574.9391895402223,-1114.144246049691,393.0204764935188,231.91680610226467,nothing
1761185134.9719782,-1569.3069002069533,-1101.7352579967119,394.6061940747313,241.2852554912679,nothing
1761185134.9719782,-1511.3272311938927,-1059.582845596131,433.9611613084562,286.9382142503746,nothing
1761185134.9725633,-1541.2913096388802,-1097.5465700463392,415.90118442242965,245.9489107360132,nothing
1761185134.9725633,-1571.793933677487,-1116.1189132262953,397.9122656355612,249.19888379750773,nothing
1761185134.9863129,-1529.6714404765517,-1062.80289945798,423.1154514369555,283.3329506930895,nothing
1761185134.9863129,-1529.656480876729,-1074.306831721682,424.16262342454866,260.3213462657295,nothing
1761185135.0019348,-1587.112563895993,-1124.346693128813,383.29673660872504,211.83728324016556,nothing
1761185135.0019348,-1546.3326947791502,-1090.4071010309272,402.6581986793317,264.15848362026736,nothing
1761185135.0026472,-1509.1094705201685,-1034.0206293989904,442.1478023114614,301.0114577836357,nothing
1761185135.0026472,-1573.2076158607379,-1112.285515771713,396.9436315470375,222.87372800940648,nothing
1761185135.0160916,-1578.6716096960008,-1114.2751425481401,389.5835084342398,232.82560179149732,nothing
1761185135.0160916,-1505.81087875925,-1048.0676936325617,436.32103818049654,296.62829503556713,nothing
1761185135.0317943,-1536.0928487004712,-1078.6525954701938,425.26963381143287,256.75348170800135,nothing
1761185135.0317943,-1593.92666161526,-1129.3992979689501,387.32460886100307,220.33059603953734,nothing
1761185135.0325613,-1534.394934120588,-1075.7840922041796,404.584247156512,272.363824123051,nothing
1761185135.0325613,-1534.2041992228478,-1069.9012295738794,420.5872790669091,270.3592377468012,nothing
1761185135.0461304,-1578.6379505963996,-1112.3266546712257,399.26610941952094,235.87736015534028,nothing
1761185135.0461304,-1538.90525346715,-1086.6559813753702,407.3667327235453,263.11879143258557,nothing
1761185135.0618105,-1516.9221215276048,-1069.3851233799942,423.94570922711864,270.10866444977,nothing
1761185135.0618105,-1567.7324023256078,-1123.6884707366116,412.5427542622201,224.30236979248002,nothing
1761185135.0625849,-1562.5489009870216,-1098.4067470361479,407.7257631192915,255.29866062523797,nothing
1761185135.0625849,-1510.9308017985895,-1060.5552195846103,416.9109574104659,273.702708307188,nothing
1761185135.0761113,-1553.9733103886247,-1098.863014830742,412.3894183640368,247.18307772139087,nothing
1761185135.0761113,-1593.866823215969,-1136.0077011906542,384.21675199782476,204.70155412470922,nothing
1761185135.0918417,-1528.9384200852364,-1076.3787362971343,420.5424002674408,276.57869137311354,nothing
1761185135.0918417,-1519.005245802924,-1052.8248463761993,429.1217307657935,284.1482488834299,nothing
1761185135.092566,-1603.7102398993447,-1144.0148269957863,379.6353745521046,198.32502470025793,nothing
1761185135.092566,-1562.1188124921173,-1104.0577358691953,411.09167307941243,242.7251169742085,nothing
1761185135.1061175,-1508.7990588238463,-1053.5840460672043,432.7756130225025,294.14126156503335,nothing
1761185135.1061175,-1588.533725879155,-1138.0496865664609,393.5403225873597,211.1977603477426,nothing
1761185135.1218257,-1569.0301476102322,-1118.1197597025894,392.945678494405,251.44282377092168,nothing
1761185135.1218257,-1526.036257719621,-1072.4780206433497,418.0778061966412,275.45672138640657,nothing
1761185135.1225624,-1557.141005651094,-1109.9742575990967,408.4812229103409,238.89545941958204,nothing
1761185135.1225624,-1596.9111017799005,-1145.6267238766886,376.688333387021,211.08930324902758,nothing
1761185135.1361532,-1544.4702246012166,-1093.773010991048,399.5690413159318,244.0602612583898,nothing
1761185135.1361532,-1517.0230988264084,-1069.422522379551,432.46146142622456,268.1526967729442,nothing
1761185135.151904,-1600.654741635546,-1160.1637150044553,379.51195785356686,184.97732175840065,nothing
1761185135.151904,-1560.0132488170639,-1095.388647771906,398.3086950308643,249.01562869967893,nothing
1761185135.152563,-1547.3536874670535,-1092.568763205316,410.3885718877427,235.63800655817613,nothing
1761185135.152563,-1568.6037990152836,-1100.7479244084097,401.0911805978976,223.96951869642362,nothing
1761185135.166123,-1584.4759344272316,-1132.8175665284507,375.7907573976554,202.76054604770616,nothing
1761185135.166123,-1509.8088318118826,-1059.9867547913454,430.61769074806944,277.31919156434014,nothing
1761185135.1818883,-1563.0463076811284,-1127.604145990219,408.4363441108726,210.36002275766805,nothing
1761185135.1818883,-1577.2167886132374,-1134.7959736050107,395.2045780676417,217.03200427861884,nothing
1761185135.1826203,-1539.5148571599275,-1098.1262545394711,403.11820637388155,244.04530165856704,nothing
1761185135.1826203,-1540.4535720488057,-1090.287424232345,424.31969922268763,248.63041900424287,nothing
1761185135.1963131,-1601.4662999259308,-1159.636389110703,362.7833853517659,175.60887236939743,nothing
1761185135.1963131,-1551.2132642213255,-1103.8894403711893,401.3118346952833,235.95215815445408,nothing
1761185135.211895,-1524.794610934332,-1082.07460392965,421.6643702541478,248.70147710340098,nothing
1761185135.211895,-1576.8016597181559,-1135.1176050012,399.6625388148241,199.7013078839518,nothing
1761185135.2125056,-1584.3225985290483,-1129.0365276732482,384.7627773913555,209.1931739714928,nothing
1761185135.2125056,-1518.5489780083299,-1068.4688478908502,415.19060343084857,259.61076527414843,nothing
1761185135.2261724,-1558.7005439326167,-1107.075835133437,406.22606323705986,204.7464329241775,nothing
1761185135.2261724,-1605.1837604818866,-1155.2981051621027,367.06183090107515,178.219322538469,nothing
1761185135.241806,-1519.0463847024366,-1058.6329110073857,419.64108437811956,268.9941742629744,nothing
1761185135.241806,-1543.7222446100786,-1095.6953195682727,407.48640952212736,228.03105004830286,nothing
1761185135.242494,-1581.9477620571852,-1126.8299866993912,394.52391627570614,206.20125400694087,nothing
1761185135.242494,-1561.6924638971686,-1104.8468547598459,391.9359055063687,226.10126167116687,nothing
1761185135.2561932,-1521.3015443757176,-1082.8487632204778,414.2631082418375,254.24400883773342,nothing
1761185135.2561932,-1562.2272695908323,-1112.648286067415,407.01518212771043,227.4999842545949,nothing
1761185135.271866,-1589.5659382669255,-1139.3698712508194,377.8963210727088,202.09484385559335,nothing
1761185135.271866,-1528.328816392459,-1082.7290864218958,413.48894895100966,255.62777182133868,nothing
1761185135.2725756,-1558.0161422407255,-1108.8448078124784,410.9981755805202,225.74971107533202,nothing
1761185135.2725756,-1622.727631174028,-1158.4471009247936,374.21625951630995,184.15080386819318,nothing
1761185135.2861536,-1538.3405285738409,-1089.083176446613,399.81213481305167,249.31482069613412,nothing
1761185135.2861536,-1525.8156036222354,-1079.66236845823,421.68680965388194,249.33352019591257,nothing
1761185135.3018863,-1594.1996743120253,-1144.2093017934822,387.9342125537805,190.83400508901104,nothing
1761185135.3018863,-1557.8328871428967,-1108.2726031192578,395.96751765860245,227.91885304963216,nothing
1761185135.302578,-1514.5996436551213,-1058.7189287063666,428.42610937403515,262.6288645383902,nothing
1761185135.302578,-1587.942821686156,-1134.2948270109482,379.8373291497119,193.17144256131724,nothing
1761185135.316144,-1579.2699936889112,-1109.1365200090222,387.7247781562619,219.70229284698144,nothing
1761185135.316144,-1520.0524177905172,-1054.986508550588,420.0300339735113,265.7030623019673,nothing
1761185135.3318973,-1568.5327409161255,-1119.922391481232,400.2123041083105,202.19582115439698,nothing
1761185135.3318973,-1589.3415442695841,-1128.0117950853892,382.8255092143081,204.07325093215331,nothing
1761185135.3325095,-1515.568277743645,-1076.9995596897788,417.00819480931386,269.4841011571698,nothing
1761185135.3325095,-1533.4076005322859,-1091.495411918033,417.6963364011608,236.71135784545913,nothing
1761185135.3461208,-1604.1478081941605,-1158.7612525210716,378.4199070665054,183.26070767873898,nothing
1761185135.3461208,-1552.5446686055511,-1096.5218374584801,397.2727427431382,240.82524779671803,nothing
1761185135.361938,-1518.5676775081083,-1073.75332652824,414.9475099337287,262.93553633475676,nothing
1761185135.361938,-1570.709362690337,-1116.0067162276246,397.6841317382641,218.9056941564195,nothing
1761185135.3626115,-1584.939682021737,-1126.7439690004103,359.4586142911576,209.09219667268917,nothing
1761185135.3626115,-1505.8295782590285,-1061.6472703716718,424.9554822151549,277.2668329649605,nothing
1761185135.3761463,-1561.4531103000045,-1120.0383283798583,392.62404709821567,209.9336741627194,nothing
1761185135.3761463,-1585.5754650142044,-1141.3856773269363,378.5620232648216,202.08362415572628,nothing
1761185135.3918536,-1526.5486240135506,-1078.6301560704596,425.3294722107239,263.34692532988265,nothing
1761185135.3918536,-1530.5129179665819,-1085.391895190347,420.3666249695234,243.2075640684925,nothing
1761185135.3925292,-1591.2675927467644,-1157.6542421341874,369.8555361679755,181.9966214937158,nothing
1761185135.3925292,-1557.1858844505623,-1099.9326262180693,393.802115584258,244.10887995781377,nothing
1761185135.4062204,-1511.3870695931837,-1057.2341884239577,418.3956976928748,278.09335085516796,nothing
1761185135.4062204,-1586.1027909079567,-1153.9779204777442,391.4571983120404,192.15792967332527,nothing
1761185135.421873,-1570.4625292932615,-1113.011056363117,394.127486880403,236.7263174452819,nothing
1761185135.421873,-1525.8380430219695,-1074.6770818172954,417.9207303985022,265.34777180617675,nothing
1761185135.4225645,-1548.625253451988,-1115.1128801382147,408.1334122144617,226.70338556403294,nothing
1761185135.4225645,-1596.8550032805651,-1154.4790670718066,377.3727350789122,195.7818927303888,nothing
1761185135.4361827,-1534.1069618239999,-1079.4604138606228,406.49159613391384,257.33690610108897,nothing
1761185135.4361827,-1524.9180276328698,-1083.2227532160468,416.04704052070156,253.94481684127823,nothing
1761185135.4519067,-1603.0520175071433,-1160.7508792974986,382.0513499234803,184.12462456850335,nothing
1761185135.4519067,-1546.7515635741875,-1098.7994365314953,412.38567846408114,249.68507079174742,nothing
1761185135.4526544,-1511.1140568964183,-1066.744754011277,423.7661940292455,269.2559672598727,nothing
1761185135.4526544,-1566.6478313384578,-1127.5630070907064,405.75483584264293,211.87468223972246,nothing
1761185135.4661064,-1584.6217905255035,-1133.9694557148032,383.1209613108076,210.80133095243946,nothing
1761185135.4661064,-1505.9754343573004,-1061.415396574419,432.86911052139476,280.6364828250371,nothing
1761185135.4819643,-1544.2196513041854,-1113.385046358686,410.6279254849069,215.39392809802666,nothing
1761185135.4819643,-1579.490647786297,-1137.5373202725314,385.1255476870574,206.08905700827017,nothing
1761185135.4825704,-1521.9709864677861,-1076.1842614994384,429.0394529667683,268.1826159725897,nothing
1761185135.4825704,-1535.3785278089345,-1081.5173588362522,435.2551666931249,250.6985836797394,nothing
1761185135.4961767,-1576.8465385176241,-1132.9671625266783,397.11192704504356,206.97915319772437,nothing
1761185135.4961767,-1549.687385039404,-1096.5928955576383,403.48097666958347,250.9940357762389,nothing
1761185135.5118442,-1504.07556517981,-1068.3229917925783,431.8481178334914,261.09176565660164,nothing
1761185135.5118442,-1559.4260845240206,-1140.8658312330954,403.3912190706469,208.16096158372238,nothing
1761185135.5125995,-1566.0644069453701,-1119.8401136822067,396.0123964580707,222.83632900984958,nothing
1761185135.5125995,-1523.3510095514357,-1056.7779206293635,425.4379293094389,267.20276218419895,nothing
1761185135.5261855,-1558.4013519361615,-1111.3168816831894,410.16043799044564,221.89013432106003,nothing
1761185135.5261855,-1588.0475388849154,-1130.4651694563217,390.8700340189971,211.25011894712225,nothing
1761185135.5417707,-1526.41024771519,-1072.3807832445018,423.7661940292455,266.6305574909784,nothing
1761185135.5417707,-1523.4968656497076,-1083.7201599101536,426.099891601596,250.18995728576556,nothing
1761185135.5425727,-1590.2166808592156,-1149.8116719271056,387.1750128627755,189.68211590265855,nothing
1761185135.5425727,-1535.6216213060543,-1096.873388054315,412.08274656767026,246.66697152750567,nothing
1761185135.5561545,-1508.2081546308473,-1064.2876397403888,431.8256784337573,271.2119349366985,nothing
1761185135.5561545,-1573.0206208629534,-1131.100952448789,400.0963672096841,201.13742946693674,nothing
1761185135.571901,-1555.476750170812,-1105.4751579524018,404.74132295465097,240.18946480425075,nothing
1761185135.571901,-1516.7351265298203,-1064.3362584398128,430.69248874718323,261.4395763524808,nothing
1761185135.572544,-1543.2397975157946,-1100.3253157134168,419.61490507842973,230.1665329230018,nothing
1761185135.572544,-1590.538312255405,-1138.3226992632262,397.23160384362563,197.16939561394975,nothing
1761185135.5861142,-1529.0356574840844,-1081.2480860394426,412.6586911608465,265.6656633024104,nothing
1761185135.5861142,-1519.2371196001768,-1081.7267932337709,421.87380465166643,257.1760904029943,nothing
1761185135.6181865,-1595.856449992396,-1149.1010909355246,378.18429336929694,191.75402047811076,nothing
1761185135.6181865,-1554.066807887517,-1100.7516643083654,412.0939662675373,243.2412231680937,nothing
1761185135.6189437,-1523.2575120525435,-1078.3160044741817,431.27217324031517,259.4723889757879,nothing
1761185135.6189437,-1573.506807857193,-1128.9579897741787,401.71200399054214,206.51166570326313,nothing
1761185135.6196885,-1563.5736335748807,-1117.7532495069318,394.45285817654803,219.07772955438122,nothing
1761185135.6196885,-1513.0401053735986,-1065.8509179218672,424.1401840248145,266.1855093962513,nothing
1761185135.6203964,-1551.4413981186226,-1104.267170266714,411.1440316787921,225.4168599792756,nothing
1761185135.6203964,-1586.121490407735,-1137.6345576713793,379.78123065037653,196.73556721908972,nothing
1761185135.6311111,-1529.824776374735,-1082.5046924245544,420.0674329730682,259.86507847113535,nothing
1761185135.6311111,-1531.23471865803,-1085.440513889771,422.3001532466151,250.70232357969508,nothing
1761185135.6460779,-1585.9718944095075,-1139.5419066487812,381.1313345343806,199.49935328634456,nothing
1761185135.6460779,-1532.7344185402617,-1089.7750579384156,405.7323964429088,248.3910654070787,nothing
1761185135.6618683,-1500.829332018271,-1058.7600676058792,440.4835468311794,263.53018042771146,nothing
1761185135.6618683,-1569.684630102478,-1124.275635029655,404.2551359604113,197.87623670557514,nothing
1761185135.6626537,-1562.941590482369,-1109.1215604091994,398.7200840259902,228.07966874772683,nothing
1761185135.6626537,-1507.1048841439188,-1057.1743500246666,416.9633160098456,277.31171176442876,nothing
1761185135.6761134,-1550.6672388277948,-1099.9101868183352,413.3617923525162,232.73210429260507,nothing
1761185135.6761134,-1581.985161056742,-1138.4274164619856,394.15740608004853,208.0076256855391,nothing
1761185135.6918402,-1532.248231546022,-1075.5970972063951,414.71563613647595,262.4680488402955,nothing
1761185135.6918402,-1524.1737875416875,-1075.862630103249,424.7834468171932,250.51532858191058,nothing
1761185135.6926415,-1594.57740420755,-1138.7191286585294,382.0476100235246,193.5566522567533,nothing
1761185135.6926415,-1545.7230910863727,-1082.8973819199018,400.7284103021957,253.03602115204558,nothing
1761185135.706117,-1512.8269310761243,-1059.448209197726,426.7693336936645,266.94096918730065,nothing
1761185135.706117,-1571.5209209807217,-1127.3834918928333,397.2727427431382,209.87757566338405,nothing
1761185135.7218666,-1555.1289394749328,-1096.488178358879,381.6100417287089,242.15291228098795,nothing
1761185135.7218666,-1521.0023523792624,-1057.7989133172669,418.01422789739445,267.43089608149603,nothing
1761185135.722599,-1560.8061076076701,-1100.0897020162083,412.71104976022616,232.78446289198473,nothing
1761185135.722599,-1590.9871002500877,-1137.2493479759432,373.8235700209625,206.84825669927523,nothing
1761185135.736133,-1500.7283547194675,-1049.19714341918,427.6669096830301,293.16888757655397,nothing
1761185135.736133,-1519.8691626926884,-1077.6540421820246,424.05790622578934,258.4439164879732,nothing
1761185135.751866,-1575.9863615278155,-1119.6418989845552,398.12170003307983,224.2313116933219,nothing
1761185135.751866,-1523.1378352539614,-1062.5635458608158,416.27143451804295,285.7115270649083,nothing
1761185135.7524993,-1512.337004181929,-1044.1183592793532,433.5909112128429,292.9669329789467,nothing
1761185135.7524993,-1555.1700783744454,-1103.8857004712336,397.1044472451322,236.60290074674413,nothing
1761185135.7661111,-1543.778343109414,-1079.856843255926,409.6293721967377,258.6196917858906,nothing
1761185135.7661111,-1501.8091858066618,-1053.6064854669385,433.1832621176727,294.3357363627292,nothing
1761185135.781891,-1531.3469156567007,-1078.854550067801,427.79780618147925,265.23931470746174,nothing
1761185135.781891,-1587.860543887131,-1128.8869316750206,381.7932968265377,212.84705622820184,nothing
1761185135.7825997,-1499.939235828817,-1035.0902407863177,432.9588681203313,303.5358902537264,nothing
1761185135.7825997,-1524.7796513345093,-1069.2729263813235,428.93847566796467,257.4079642002471,nothing
1761185135.7962365,-1572.86728496477,-1120.8162275706418,391.8760671070777,220.61482843616977,nothing
1761185135.7962365,-1546.0484623825178,-1081.8913488318212,394.93156537087634,251.61111926892772,nothing
1761185135.811806,-1503.6005978854373,-1052.8248463761993,423.0443933377974,262.56154633918777,nothing
1761185135.811806,-1574.7035758430138,-1115.7748424303718,394.8305880720727,209.01739867357537,nothing
1761185135.8125849,-1566.7114096377045,-1104.6262006624602,390.73539762059227,229.6130277295597,nothing
1761185135.8125849,-1515.785191941075,-1054.3619452579878,424.5964518194087,273.09310461441055,nothing
1761185135.826812,-1552.0061230119318,-1086.7588286241516,407.9239778169431,230.03002657461911,nothing
1761185135.8274648,-1573.6564038554206,-1103.8501714216545,392.93445879453793,245.0457248967141,nothing
1761185135.8274648,-1523.6763808475807,-1059.7118721446022,407.8342202180065,275.2379372389987,nothing
1761185135.8410726,-1531.3880545562133,-1067.4497251529247,414.8390528350137,248.0077256616205,nothing
1761185135.8410726,-1588.3990894807503,-1126.6299020517617,380.25245804479346,199.059915041551,nothing
1761185135.8568366,-1549.0029833475128,-1093.1764969481155,388.91780624212697,248.0451246611774,nothing
1761185135.8568366,-1513.9451611628756,-1055.3025300968438,429.24888736428693,274.0561288530007,nothing
1761185135.8574889,-1579.1016981909052,-1122.0971433054656,394.7520501730032,197.2049246635288,nothing
1761185135.8574889,-1580.1451302785426,-1111.9433149257675,372.98957233084366,211.6184990927577,nothing
1761185135.871167,-1524.8955882331356,-1061.2676705261692,408.11471271468326,265.84704845026135,nothing
1761185135.871167,-1556.6622984567657,-1093.7113026417792,404.9133583526127,229.34936478268355,nothing
1761185135.8871384,-1589.607077166438,-1129.4273472186178,371.55345074785873,210.08140021096915,nothing
1761185135.8871384,-1521.645615171641,-1076.9939498398453,405.60523984441534,264.3398687681183,nothing
1761185135.887598,-1527.5583970015869,-1073.5195827810094,425.2509343116544,252.379668709822,nothing
1761185135.887598,-1593.1562422243878,-1139.700852396898,380.44319294253364,197.6088338587433,nothing
1761185135.901137,-1547.323768267408,-1088.007955209352,390.5072637232952,247.65243516582996,nothing
1761185135.901137,-1510.3024986060336,-1055.4483861951157,422.90975693939254,272.7172446688637,nothing
1761185135.916896,-1579.7711402829736,-1123.7987977853045,395.15221946826205,207.75144253857434,nothing
1761185135.916896,-1569.6621907027438,-1096.9350964035839,381.02661733562127,236.01760640367866,nothing
1761185135.917653,-1494.7669541900977,-1042.3624762501568,425.90167690394446,280.3578602783382,nothing
1761185135.917653,-1545.5286162886769,-1102.432749338448,409.143185202498,230.69572876673192,nothing
1761185135.9312232,-1580.8482314702123,-1134.0423837639391,379.3062633560039,212.33281998429447,nothing
1761185135.9312232,-1513.892802563496,-1070.0190364224836,404.41221175855026,258.29619043972343,nothing
1761185135.946972,-1528.5120714902878,-1086.295081029646,410.324993588496,233.7437472306192,nothing
1761185135.946972,-1575.159843637608,-1122.658128298819,377.36899517895654,201.95833750721067,nothing
1761185135.9477284,-1545.2443838920444,-1079.0172357158735,406.60753303254023,255.29305077530444,nothing
1761185135.9477284,-1531.6274081533775,-1071.2494635079056,417.778614200186,255.20329317636788,nothing
1761185135.9610865,-1558.4387509357184,-1114.0189594011754,391.84614790743217,207.71030363906175,nothing
1761185135.9610865,-1555.5926870694384,-1118.2263468513265,383.7156054037623,218.68691000901163,nothing
1761185135.9770164,-1489.5572735518217,-1049.5169048653916,422.988294838462,272.52650977112353,nothing
1761185135.9770164,-1551.3740799194202,-1104.4036766150966,397.0670482455753,234.12895692605525,nothing
1761185135.9775524,-1583.8738105343655,-1126.252172156237,385.55563618196175,212.08224668726325,nothing
1761185135.9775524,-1513.7506863651797,-1062.4569587120786,425.9652552031912,272.3170753736049,nothing
1761185135.991069,-1531.8929410502315,-1082.9628301691264,411.5105418744497,244.12196960765868,nothing
1761185135.991069,-1575.9601822281256,-1122.8002444971353,402.0336353867315,213.6567445686087,nothing
1761185136.006822,-1531.0140645606443,-1079.1256928145885,394.9128658710979,245.46833359170705,nothing
1761185136.006822,-1507.3965963404626,-1058.50762435887,428.54204627266154,275.0285028414801,nothing
1761185136.0076008,-1566.3710787417367,-1113.4729340076447,395.70946456165984,217.3255864251405,nothing
1761185136.0076008,-1570.7318020900711,-1111.973234125413,379.0594299589284,225.60572492703795,nothing
1761185136.0210977,-1508.7280007246882,-1055.1940729981288,411.82469347072765,275.14443974010646,nothing
1761185136.0210977,-1556.6286393571645,-1104.8487247098237,400.37311980640516,220.93458988238126,nothing
1761185136.0368707,-1578.1218444025144,-1124.47945957724,381.0228774356656,203.12144639343023,nothing
1761185136.0368707,-1526.2643916169181,-1063.066562404856,416.34623251715675,269.2802766095847,nothing
1761185136.0375626,-1534.020944125019,-1086.3250002292916,414.00879504485056,243.05609812028706,nothing
1761185136.0375626,-1580.1264307787642,-1136.75755113177,372.32013023877516,199.59098083525896,nothing
1761185136.0510793,-1548.614033752121,-1098.1917027886957,400.7695492017083,249.80287764035165,nothing
1761185136.0510793,-1510.0968041084707,-1063.103961404413,438.28822555718943,266.0901419473812,nothing
1761185136.0668845,-1575.436596234329,-1130.8896481012926,391.7563903084956,207.30265454389155,nothing
1761185136.0668845,-1573.604045256041,-1126.2746115559712,387.1937123625539,221.30483997799456,nothing
1761185136.0675597,-1518.7546725058928,-1061.9034535186365,415.7441086242907,269.47849130723625,nothing
1761185136.0675597,-1561.894418494776,-1104.3475781157613,415.2055630306713,228.18999579641968,nothing
1761185136.081298,-1589.812771664001,-1141.6343806739897,380.6862864396535,202.12289310526103,nothing
1761185136.081298,-1510.7999053001404,-1065.2955427784473,421.4885949562304,272.04032277688384,nothing
1761185136.0969112,-1530.5428371662274,-1090.9101175749674,420.0636930731125,237.68186188396066,nothing
1761185136.0969112,-1586.7460537003353,-1152.7718027420342,383.22193860961124,184.65382041223347,nothing
1761185136.0975788,-1538.6733796698973,-1094.122691636905,392.89331989502534,237.91747558116913,nothing
1761185136.0975788,-1514.9811134506017,-1069.3196751307696,419.7383217769675,259.44059982616454,nothing
1761185136.11119,-1580.9417289691046,-1131.6039689928293,385.9333660774864,199.4974833363667,nothing
1761185136.11119,-1579.4270694870502,-1111.6179436296225,389.3890336365439,218.9524429058656,nothing
1761185136.1268888,-1509.8948495108634,-1049.5767432646826,442.91448180237785,285.5862404163927,nothing
1761185136.1268888,-1553.4310248950496,-1111.4272087318823,399.3895261180587,221.59281227458268,nothing
1761185136.1276083,-1572.0407670745626,-1123.574403787963,399.9056323119439,219.35261220112443,nothing
1761185136.1276083,-1523.190193853341,-1062.1465470157564,412.6138123613782,264.77743706293404,nothing
1761185136.1411872,-1535.0681161126122,-1083.909024857916,417.30364690581337,242.92146172188222,nothing
1761185136.1411872,-1595.3066846989095,-1140.4076934885234,388.70837184460834,197.25728326290846,nothing
1761185136.1570132,-1556.1237528631464,-1099.141637377441,406.89924522908404,241.5227391384542,nothing
1761185136.1570132,-1517.6214828193188,-1059.027470452711,417.34852570528165,263.36001497972757,nothing
1761185136.1576357,-1586.966707797721,-1138.541483410634,392.07428180472925,201.07946101762354,nothing
1761185136.1576357,-1572.9458228638396,-1115.133449587971,389.3890336365439,221.4058172767982,nothing
1761185136.1712003,-1503.9371888814494,-1054.8200830025598,417.3260863055475,262.29040359240025,nothing
1761185136.1712003,-1543.984037606977,-1093.3971510455012,400.6536123030819,226.1405306207016,nothing
1761185136.1869135,-1575.9938413277268,-1128.2156196329743,374.36959541449323,203.19250449258834,nothing
1761185136.1869135,-1524.3308633398265,-1074.6004138682038,417.30364690581337,260.77200421039015,nothing
1761185136.1876328,-1537.723445081152,-1087.828440011479,418.01796779735014,252.02063831407577,nothing
1761185136.1876328,-1584.8648840226233,-1144.6861390378326,387.18249266268685,199.32544793840498,nothing
1761185136.2011578,-1530.1277082711458,-1080.6852310961112,405.1302725500427,248.31065755803138,nothing
1761185136.2011578,-1511.2599129946902,-1071.2270241081715,423.94944912707433,242.13982263114303,nothing
1761185136.2168703,-1573.0767193622887,-1128.724246026948,389.0113037410192,188.57697546575218,nothing
1761185136.2168703,-1576.113518126309,-1115.930048278533,380.0542433471419,220.141731091775,nothing
1761185136.2175727,-1521.3987817745656,-1065.890186871402,413.7657015477307,254.72832588199526,nothing
1761185136.2175727,-1543.404353113845,-1092.0208678618073,409.8088873946108,237.39388958737254,nothing
1761185136.2311535,-1595.8639297923073,-1143.956858546473,351.23831418855116,177.85094239283353,nothing
1761185136.2311535,-1533.6432142294943,-1082.62997907307,402.2430697842501,257.8249630453065,nothing
1761185136.2468708,-1530.4044608678669,-1077.637212632224,432.53999932529405,278.9105189954862,nothing
1761185136.2468708,-1598.2761652637273,-1125.3097173674032,386.9132198658772,262.51479758974165,nothing
1761185136.247612,-1564.1271387683228,-1084.2755350535735,391.2141048149206,301.86602492351085,nothing
1761185136.247612,-1546.396273078397,-1070.303268819116,413.9863556451164,327.529218419455,nothing
1761185136.2611744,-1605.0379043836147,-1120.4216681253165,381.8306958260946,307.1392838610336,nothing
1761185136.2611744,-1607.1771271582693,-1111.3972895322368,376.7855707858689,340.95545926038176,nothing
1761185136.2768583,-1568.6860768143088,-1059.6146347457543,399.07537452178076,389.53301978483796,nothing
1761185136.2768583,-1599.282198351808,-1105.907116397284,390.3913268246688,366.11750616226345,nothing
1761185136.2775965,-1649.3295395588502,-1142.101868168451,346.6232776432298,344.85243501421064,nothing
1761185136.2775965,-1579.8945569815114,-1069.446831729263,389.44887203583494,429.2694568140432,nothing
1761185136.2912097,-1593.649909018539,-1093.2475550472736,397.347540742252,412.4137277137488,nothing
1761185136.2912097,-1667.0716249486431,-1153.9386515282094,350.72968779457733,353.0203765174374,nothing
1761185136.3069077,-1615.3301090616733,-1092.5594134554267,367.13662890018895,404.1522887116298,nothing
1761185136.3069077,-1582.8116789469495,-1077.794288430363,390.11457422794774,414.4631928894669,nothing
1761185136.307577,-1646.8537257881835,-1144.4505253406242,363.4864865434356,349.6133276578039,nothing
1761185136.307577,-1626.1832987330854,-1116.1544422758743,365.1283026239835,373.7768212715164,nothing
1761185136.3211367,-1566.2401822432876,-1070.508963316679,401.15849879710004,401.4894799431786,nothing
1761185136.3211367,-1621.8188354847953,-1125.492972465232,381.07149613508955,337.46987250167876,nothing
1761185136.336882,-1645.1520713083446,-1145.9390055229887,353.6393299601041,335.8691953206435,nothing
1761185136.336882,-1610.4644992193207,-1097.9299097917974,381.39686743123457,368.86633262969553,nothing
1761185136.337546,-1595.602136795409,-1094.0478936377913,404.0681409626268,365.41440497059375,nothing
1761185136.337546,-1655.8781043812633,-1165.038674596697,354.3012922522612,300.6617771377787,nothing
1761185136.3511057,-1601.7617520224303,-1109.706854752265,374.5715500121005,362.11955310963094,nothing
1761185136.3511057,-1573.880797852762,-1090.6932033775374,393.70113828545436,364.3148743836209,nothing
1761185136.366834,-1637.0813672039658,-1155.2438766127452,354.76129994681105,302.7673408128321,nothing
1761185136.366834,-1627.6755188154057,-1141.1668931795284,361.76613256381825,324.4924196554348,nothing
1761185136.3675077,-1563.5437143752351,-1073.0109563870355,397.18298514420167,378.04778702091426,nothing
1761185136.3675077,-1607.5137181542814,-1124.8497096728534,387.5041240588762,326.3025312339887,nothing
1761185136.3811965,-1646.72656918969,-1156.92309169285,358.4413615032099,310.04892602656037,nothing
1761185136.3811965,-1571.831332677044,-1078.5011295219883,391.7526504085399,371.45808329898864,nothing
1761185136.3968184,-1584.9247224219143,-1100.3010063637048,393.70487818541005,340.3196762679145,nothing
1761185136.3968184,-1632.8889393536374,-1144.151333344169,372.8624157323502,302.3596917176619,nothing
1761185136.3974943,-1589.3415442695841,-1095.2484015235677,389.9799378295429,358.9855169467628,nothing
1761185136.3974943,-1556.3032680610195,-1076.1861314494163,406.2859016363509,362.7927351016551,nothing
1761185136.411294,-1609.761398027651,-1124.4458004776388,388.48771774722263,313.90850278083235,nothing
1761185136.411294,-1609.1517943348736,-1119.6662083342671,373.03445113031194,315.5577986612916,nothing
1761185136.4269404,-1549.6612057397142,-1072.0685015982017,409.27034180099145,361.78670201357454,nothing
1761185136.4269404,-1598.810970957391,-1122.8937419960275,398.8023618250154,322.113843283616,nothing
1761185136.427738,-1632.6907246559858,-1141.413726576604,367.17028799979016,309.42062283400446,nothing
1761185136.427738,-1578.065745903179,-1084.8926185462624,408.9599301046692,357.36614026594907,nothing
1761185136.4412189,-1584.1879621306434,-1106.064192195423,400.63865270325914,327.65637501794845,nothing
1761185136.4412189,-1623.1390201691538,-1135.4448462473229,362.90680205030367,294.6667175088078,nothing
1761185136.4569013,-1586.592717802152,-1090.4314103806391,387.56022255821154,344.6766597162932,nothing
1761185136.4569013,-1551.9462846126407,-1072.921198788099,410.23897588951513,356.11327378079295,nothing
1761185136.4575524,-1624.5639220522717,-1138.3694480126724,378.84625566145405,301.52569402754307,nothing
1761185136.4575524,-1629.178958597593,-1138.3320490131155,361.3809228683822,288.34254668373615,nothing
1761185136.4713032,-1543.1238606171682,-1068.3099021427333,416.35371231706813,369.9434238169342,nothing
1761185136.4713032,-1601.5336181251332,-1122.5122722005472,388.8729274426587,308.8147590411827,nothing
1761185136.4869146,-1633.4648839468136,-1147.0908947093412,347.3600379345007,283.80978793744,nothing
1761185136.4869146,-1563.4352572765201,-1081.653865184635,405.74735604273155,348.03508987650275,nothing
1761185136.487483,-1587.0115865971893,-1096.3741114102304,402.5796607802622,336.14220801740885,nothing
1761185136.487483,-1642.5715403389186,-1153.4300251342356,355.8907497334294,267.9526121253148,nothing
1761185136.5011725,-1599.8544030450284,-1104.5046539139003,375.240992104169,302.696282713674,nothing
1761185136.5011725,-1556.4117251597345,-1073.8786131767556,415.08214633213356,337.4287336021662,nothing
1761185136.5168962,-1618.662359922193,-1136.2115257382393,375.5738432002254,259.99784491956234,nothing
1761185136.5168962,-1623.2512171678245,-1139.061329504475,353.53461276134476,269.5009307069704,nothing
1761185136.5175424,-1560.3274004133418,-1076.1823915494606,401.3604533947073,321.3097647931427,nothing
1761185136.5175424,-1611.6612672051415,-1127.8117104377598,388.19226565072313,267.3916271319613,nothing
1761185136.5311282,-1635.0730409277603,-1148.5307561922818,361.1602687709965,267.44024583138525,nothing
1761185136.5311282,-1569.684630102478,-1084.5672472501174,402.6881178789772,315.7036547595635,nothing
1761185136.546888,-1571.3862845823169,-1096.377851310186,395.2793760667555,300.0372138451785,nothing
1761185136.546888,-1625.0239297468215,-1150.9242921639234,369.76577856903896,250.69297382980585,nothing
1761185136.5475447,-1573.3459921590984,-1086.1679244311526,390.3950667246245,311.2943127118051,nothing
1761185136.5475447,-1553.775095690973,-1072.9660775875673,421.0435468615033,328.06402411311865,nothing
1761185136.5611317,-1598.6127562597394,-1127.5461775409058,381.0976754347794,277.6539126103744,nothing
1761185136.5611317,-1595.2206669999287,-1113.0540652126074,380.9106804369949,286.1023466102779,nothing
1761185136.5768409,-1541.0968348411843,-1059.558536246419,411.00565538043156,334.83698293287307,nothing
1761185136.5768409,-1587.8418443873525,-1115.9674472780898,382.9077870133333,276.947071518749,nothing
1761185136.5775151,-1611.6500475052744,-1124.1989670805633,372.7614384335466,267.7917964272201,nothing
1761185136.5775151,-1529.136634782888,-1047.1645077932626,421.8812844515778,344.81877591460943,nothing
1761185136.5911057,-1563.8690856713802,-1108.3642306681722,402.70681737875566,268.1657864227891,nothing
1761185136.5911057,-1593.504052920267,-1128.8514026254416,388.8766673426144,280.7729891734198,nothing
1761185136.6069343,-1564.9349571587518,-1091.6132187666371,401.8765595885925,303.42930310498923,nothing
1761185136.6069343,-1545.3565808907151,-1077.094927138649,416.37615171680227,305.1496570846066,nothing
1761185136.6076744,-1592.587777431123,-1113.4766739076003,387.07403556397185,280.1783450804651,nothing
1761185136.6076744,-1579.0418597916141,-1101.3556581512094,397.829987836536,314.6303034722805,nothing
1761185136.6213012,-1531.6236682534218,-1054.3862546076998,419.53262727940455,347.04027648828924,nothing
1761185136.6213012,-1573.6676235552877,-1105.0095404079184,403.8774060648866,273.67091915756464,nothing
1761185136.6369102,-1611.2349186101928,-1137.5915488218889,380.61896824045107,260.0801227185875,nothing
1761185136.6369102,-1555.3869925718755,-1072.8501406889409,410.45589008694515,318.9386682212353,nothing
1761185136.637524,-1560.5480545107275,-1083.5088555626571,403.55577466869727,296.2449552901089,nothing
1761185136.637524,-1622.955765071325,-1141.2117719789967,364.58601713040844,234.46180802211165,nothing
1761185136.6511037,-1566.730109137483,-1082.136312278919,400.00660961074755,307.5170137565583,nothing
1761185136.6511037,-1543.6287471111864,-1075.0267624631524,422.1879562479444,316.8518040459603,nothing
1761185136.6669033,-1598.7773118577898,-1137.0866623278707,386.14280047500506,233.5156133333221,nothing
1761185136.6669033,-1593.0066462261602,-1121.1995673161,382.97136531258,272.88928006682545,nothing
1761185136.667572,-1540.341375050135,-1064.5213834876195,405.49304284574464,324.17452815920115,nothing
1761185136.667572,-1568.416804017499,-1120.500206024386,403.3201609714888,264.06311617139727,nothing
1761185136.681106,-1609.8922945261002,-1150.0865545738488,375.2372522042133,242.58487072587013,nothing
1761185136.681106,-1541.8410749323666,-1069.0915412334725,412.94292355747893,304.2595608951524,nothing
1761185136.696868,-1549.8033219380304,-1090.1060390844941,412.82698665885255,277.59781411103904,nothing
1761185136.696868,-1623.1764191687107,-1169.0216680495068,371.5272714481689,216.5140281347558,nothing
1761185136.6975574,-1565.5856997510418,-1100.8619913570583,393.29722909023985,279.40792568959296,nothing
1761185136.6975574,-1539.4699783604592,-1074.3236612714827,424.9629620150663,304.8766443878412,nothing
1761185136.7112348,-1599.8805823447183,-1143.728724649176,383.59218870522454,244.77645209990442,nothing
1761185136.7112348,-1588.571124878712,-1118.4918797481805,390.85507441917434,265.5328968539834,nothing
1761185136.7269151,-1550.0950341345742,-1081.8072010828182,410.27637488907203,299.42761015240103,nothing
1761185136.7269151,-1610.8871079143137,-1156.6425991961733,375.0764365061186,212.2505421852693,nothing
1761185136.727627,-1593.878042915836,-1142.3823606651276,373.3411229266785,207.12687924597412,nothing
1761185136.727627,-1506.2746263537556,-1055.5119644943625,441.8299108152278,296.4057709882036,nothing
1761185136.741148,-1517.2287933239713,-1088.4829225037247,439.88142293831334,234.27855292428285,nothing
1761185136.741148,-1535.2775505101308,-1133.6272548688576,409.7602686951868,170.7077334774658,nothing
1761185136.7568727,-1487.3843916775659,-1095.8168663168326,447.29016475053504,210.8443398019299,nothing
1761185136.7568727,-1463.5238299602643,-1099.1678166771308,474.1688257320784,195.70148488134146,nothing
1761185136.757642,-1496.7603208664805,-1151.518936256878,466.9470789176412,127.9120582845062,nothing
1761185136.757642,-1475.7944417148829,-1146.7842229129747,455.4132274542935,140.70625603292137,nothing
1761185136.7710834,-1401.7444225922227,-1097.7279551941901,500.8530119159259,150.7740667136386,nothing
1761185136.7710834,-1451.948839597404,-1147.360167506151,483.29792152391747,94.44369358103722,nothing
1761185136.7868433,-1456.0178507491946,-1165.281768093817,472.7701031486504,69.3676643781364,nothing
1761185136.7868433,-1391.8299478096887,-1108.4614680670202,501.5523732076399,121.61032685916871,nothing
1761185136.787675,-1407.5487473234534,-1130.811110202223,492.82344671105966,72.32592524308711,nothing
1761185136.787675,-1452.0984355956316,-1172.6157119069248,477.0597683978267,32.85876101069152,nothing
1761185136.8011837,-1416.984514911659,-1144.633780438453,482.2806687359698,69.37140427809209,nothing
1761185136.8011837,-1381.661159830168,-1103.2143884291872,506.2272481522523,86.39916877634823,nothing
1761185136.8168616,-1450.1536876186728,-1173.6105252951384,473.6452397382818,13.112089244648814,nothing
1761185136.8168616,-1437.9990127626806,-1150.5877011679113,476.67455870239064,46.131665953435004,nothing
1761185136.817575,-1394.9901632722467,-1104.134403818287,506.6947356467135,78.82961126603186,nothing
1761185136.817575,-1430.612710350193,-1128.3128570318222,477.18692499632016,66.54030001163483,nothing
1761185136.831794,-1457.8186125778593,-1166.6730108773336,447.5369981476106,32.27346666762605,nothing
1761185136.8325374,-1399.8987819640897,-1092.5706331552938,483.60833322023973,102.65090403379872,nothing
1761185136.8325374,-1414.4320331919007,-1111.9881937252358,475.71340441377833,91.71169666340575,nothing
1761185136.8462048,-1475.8187510645948,-1152.087401050143,454.2987372674979,65.86150816967711,nothing
1761185136.8462048,-1429.6384664117359,-1120.4179282253608,468.3196222013794,97.86383209051564,nothing
1761185136.8619153,-1411.5149112264626,-1082.327047176659,510.475774501916,137.90694091608748,nothing
1761185136.8619153,-1481.679174295161,-1144.6487400382757,455.5216845530085,66.272897164803,nothing
1761185136.8626127,-1464.262460201513,-1128.2268393328413,431.3282717396505,99.8048401675187,nothing
1761185136.8626127,-1417.0275237611495,-1073.1418528854847,486.9256244809367,154.85242761531845,nothing
1761185136.8762069,-1464.4419753993861,-1122.104623105377,465.70169223239645,99.74500176822767,nothing
1761185136.8762069,-1496.3283624215983,-1147.0983745092526,429.2638469641097,86.33372052712366,nothing
1761185136.891901,-1430.842714197468,-1079.952210704796,460.63412779243663,151.9427854497917,nothing
1761185136.891901,-1448.5698399874382,-1093.0829994492233,466.8012228193693,132.38684858148918,nothing
1761185136.892546,-1522.9751496058889,-1152.6633456433192,421.97104205051437,83.51757586048916,nothing
1761185136.892546,-1460.6272774445824,-1094.739775129594,446.1532351640053,143.0156442555599,nothing
1761185136.906157,-1433.2100708694197,-1066.2566970670596,477.33652099454775,161.8684799321927,nothing
1761185136.906157,-1520.102906439919,-1141.159413379617,421.56713285529986,94.48296253057197,nothing
1761185136.921775,-1495.7449380285107,-1129.3001906201243,427.23682118812576,116.42495557060465,nothing
1761185136.921775,-1448.71569608571,-1079.6193596087396,457.43651333032176,163.19240451650694,nothing
1761185136.9225683,-1486.4363270387985,-1122.2916181031615,433.9013229091652,125.59145036200061,nothing
1761185136.9225683,-1518.6705247568898,-1130.2725646086037,404.22521676076576,122.24797980161384,nothing
1761185136.936252,-1460.7020754436962,-1072.2517566960305,443.6325425938703,174.26250838534907,nothing
1761185136.936252,-1476.5779507555999,-1092.8511256519705,450.8542894083075,145.9402460209094,nothing
1761185136.9519005,-1529.8640453242697,-1132.6361813805997,414.6632775370963,108.5861252634786,nothing
1761185136.9519005,-1478.8592897285707,-1077.7232303312048,433.02244641957805,177.63963804533705,nothing
1761185136.952614,-1456.0533797987737,-1066.4848309643567,448.8235237323679,175.96042296523228,nothing
1761185136.952614,-1533.2748340838589,-1141.2603906784207,413.2421155539341,115.25062698451802,nothing
1761185136.9661517,-1509.3506940673105,-1101.7072087470442,412.04908746806905,147.52222370216623,nothing
1761185136.9661517,-1457.5269003813155,-1063.0890018045902,443.50538599537686,198.16046910220757,nothing
1761185136.981856,-1512.8138414262794,-1113.3420375091955,432.528779625427,143.78232374647632,nothing
1761185136.981856,-1545.2462538420223,-1137.1465007271618,402.2393298842944,126.97521334560588,nothing
1761185136.9825313,-1485.2507787528448,-1074.8061083657667,435.7450935873203,186.39474384160712,nothing
1761185136.9825313,-1475.7514328653924,-1081.930617781356,434.3314114040695,161.36359343817458,nothing
1761185136.9962676,-1537.9945878279395,-1135.8487554425374,391.18792551523075,120.05265852762386,nothing
1761185136.9962676,-1490.8531488864683,-1082.6374588729814,424.56653261976317,180.37350491294637,nothing
1761185137.011837,-1462.3663309239782,-1066.0659621693194,451.88276189612225,199.46195428678766,nothing
1761185137.011837,-1523.300520902034,-1129.6106023164466,422.64796394249424,137.59652921976522,nothing
1761185137.01262,-1511.8713866374455,-1108.7120413640514,413.15609785495326,162.7585761216469,nothing
1761185137.01262,-1461.0872851391323,-1049.1803138693795,454.96443945961073,206.6014233021997,nothing
1761185137.0262172,-1497.4428526083939,-1100.757274158299,417.56543990271166,140.62584818387404,nothing
1761185137.0262172,-1534.5239606690593,-1122.4935727007687,385.2340047857724,135.07583664963022,nothing
1761185137.0418935,-1471.9890935099684,-1060.7478244323283,439.17832174664363,204.21162723051384,nothing
1761185137.0418935,-1486.731779135298,-1081.6875242842361,438.7183140520938,183.7319350731559,nothing
1761185137.0425816,-1538.929562816862,-1126.3531494550407,409.89490509359166,126.97147344565019,nothing
1761185137.0425816,-1505.1694859168492,-1078.336573923938,415.93110362207517,176.52888775849715,nothing
1761185137.0562248,-1481.5295782969333,-1059.2780437497422,434.73158069932833,194.91797584062442,nothing
1761185137.0562248,-1544.6142107495107,-1131.3608754957095,401.5885872920044,128.4524738281034,nothing
1761185137.0718648,-1521.7896013199352,-1106.4531417908147,419.67848337767646,163.33078081486747,nothing
1761185137.0718648,-1482.3710557869636,-1061.884754018858,433.5983910127543,207.61867609014735,nothing
1761185137.0725613,-1516.8903323779814,-1114.4901867955923,418.9305033865385,151.19480545865372,nothing
1761185137.0725613,-1554.8877159277909,-1134.334095960483,389.0487027405761,145.18478622986004,nothing
1761185137.0861473,-1483.8632758692838,-1063.175019503571,424.2149820239283,200.5577449738048,nothing
1761185137.0861473,-1506.9047994962893,-1091.9572895625606,421.1370443603955,180.5081413113512,nothing
1761185137.1019132,-1558.997865979094,-1140.1159812919796,386.91695976583287,142.712712359149,nothing
1761185137.1019132,-1502.4804978487082,-1080.9582437928766,415.94232332194224,206.0778373084031,nothing
1761185137.1025531,-1488.5231912140734,-1068.025669746101,431.35819093929604,198.79625209467486,nothing
1761185137.1025531,-1554.0761576374061,-1136.129247939214,393.88813328323886,144.43680623872206,nothing
1761185137.1161933,-1535.8217059536837,-1121.3342037145048,406.71599013125524,171.08733332296833,nothing
1761185137.1161933,-1473.3017983944155,-1048.3724954789504,436.4033159795217,233.14349328773096,nothing
1761185137.131908,-1528.5775197395124,-1108.6970817642286,421.31281965831295,158.36419367371127,nothing
1761185137.131908,-1563.0444377311505,-1141.956012070179,381.9092337251641,152.43271234398708,nothing
1761185137.1325667,-1480.362729510758,-1070.6211603153497,419.7719808765687,218.04177726665512,nothing
1761185137.1325667,-1506.4672312014736,-1099.3435919750482,432.8878100211732,193.63519015582278,nothing
1761185137.146158,-1565.703506599646,-1145.9315257230774,387.952912053559,145.4241398270242,nothing
1761185137.146158,-1521.9204978183843,-1088.3894250048324,412.3894183640368,206.16759490733966,nothing
1761185137.1619024,-1500.5394897717051,-1071.8441076008603,426.1559901009314,207.4915194916539,nothing
1761185137.1619024,-1557.4570271973498,-1135.1456542508677,402.3964056824334,166.3937588785775,nothing
1761185137.1625876,-1553.9714404386468,-1117.7850386565551,391.8012691079639,183.61225827457383,nothing
1761185137.1625876,-1484.4504401623271,-1055.8934342898428,426.91144989198074,230.3460481208749,nothing
1761185137.176101,-1532.6315712914802,-1107.3993364796042,414.01253494480625,187.09036523336545,nothing
1761185137.176101,-1565.6661076000892,-1132.4604060826823,403.0546280746348,168.82469384977594,nothing
1761185137.191875,-1496.9267464145087,-1054.939759801142,431.5190066373907,233.47260448383167,nothing
1761185137.191875,-1514.3285009083338,-1083.161044866778,428.1082178778015,202.77550564752892,nothing
1761185137.1925085,-1559.962760167662,-1135.8487554425374,387.2086719623767,160.26406285120174,nothing
1761185137.1925085,-1518.341413560789,-1085.0833534440026,402.7329966784455,221.6096418243833,nothing
1761185137.2061863,-1504.7057383223437,-1074.7948886658996,423.97562842676416,216.91232748003677,nothing
1761185137.2061863,-1560.000159167219,-1136.8398289307952,404.70766385504976,164.55746800033376,nothing
1761185137.2218697,-1540.7808132949285,-1103.2143884291872,388.9851244413294,199.5554517856799,nothing
1761185137.2218697,-1499.8550880798139,-1060.7366047324613,420.0749127729796,232.4590915958397,nothing
1761185137.2225823,-1541.9962807805277,-1111.6740421289578,407.2507958249189,183.48884157603607,nothing
1761185137.2225823,-1562.2253996408544,-1122.4711333010346,391.00093051744625,187.2175218318589,nothing
1761185137.2361128,-1507.1703323931433,-1075.079121062532,419.8841778752394,228.76781033957377,nothing
1761185137.2361128,-1516.3069079848938,-1081.7885015830398,421.5596530553885,209.0398380733095,nothing
1761185137.2519042,-1568.8674619621597,-1138.9117335062474,406.82444722997025,196.60093082068488,nothing
1761185137.2519042,-1532.0705862981267,-1085.7677551358938,399.2399301198311,240.08848750544712,nothing
1761185137.2525263,-1512.1219599344768,-1069.8245616247877,414.8016538354568,241.77518238546327,nothing
1761185137.2525263,-1569.8809748501517,-1130.7774511026219,389.6396069335751,203.02607894456014,nothing
1761185137.266193,-1562.303937539924,-1099.407170274295,387.2872098614462,237.21250443952158,nothing
1761185137.266193,-1500.0308633777313,-1039.4939729841426,434.518406401854,297.48099222546443,nothing
1761185137.282006,-1550.0894242846407,-1115.3578435853124,411.9855091688223,216.07084999000654,nothing
1761185137.282006,-1579.5299167358316,-1121.2407062156126,382.93022641306743,210.92100775102153,nothing
1761185137.2826767,-1500.288916474674,-1040.0100791780278,422.988294838462,289.3878487213515,nothing
1761185137.2826767,-1539.1988356136717,-1087.877058710903,408.6869174079038,243.96676375949755,nothing
1761185137.2961512,-1598.1022599157877,-1130.4483399065211,384.6057015932165,214.69830670626834,nothing
1761185137.2961512,-1544.973241145257,-1067.8835535477847,406.8356669298373,265.27297380706295,nothing
1761185137.328164,-1518.8425601548515,-1060.897420430556,419.4503494803794,261.74998804880306,nothing
1761185137.328164,-1566.3617289918475,-1118.159028652124,390.4212460243143,214.75814510555938,nothing
1761185137.3288703,-1564.4095012149774,-1096.2806139113382,395.7206842615269,239.95385110704228,nothing
1761185137.3288703,-1507.6976582868956,-1045.2384593160823,440.9360747258179,293.57653667172417,nothing
1761185137.329672,-1559.517712072935,-1101.3294788515195,415.97598242154345,227.4999842545949,nothing
1761185137.329672,-1583.5877081877552,-1129.98085241206,396.89501284761354,217.5331508726813,nothing
1761185137.3304265,-1527.724822549615,-1047.9947655834258,414.09107284387574,280.84217732260004,nothing
1761185137.3304265,-1531.35626540659,-1078.0411218274385,414.135951643344,250.13011888647452,nothing
1761185137.3412566,-1592.9150186772458,-1128.8439228255302,379.47829875396565,196.17458222573623,nothing
1761185137.3412566,-1527.242375455331,-1064.2296712910756,412.71104976022616,267.5094339805655,nothing
1761185137.356181,-1508.453118077945,-1051.454173042439,437.0690181716345,271.90755632845685,nothing
1761185137.356181,-1576.3697012732737,-1117.5830840589479,400.3132814071141,209.2305729710497,nothing
1761185137.371976,-1558.1863076887093,-1100.5665392605588,391.70403170911595,244.3968522544019,nothing
1761185137.371976,-1503.5949880355038,-1051.0988825466484,434.7128811995499,281.1525890189223,nothing
1761185137.372569,-1554.1060768370517,-1104.6430302122608,409.86872579390183,228.37886074418202,nothing
1761185137.372569,-1582.540536200162,-1123.118135993369,380.6451475401409,206.1862944071181,nothing
1761185137.38614,-1521.1425986276008,-1047.4412603899837,430.5241932491772,282.0052862088196,nothing
1761185137.38614,-1539.4381892108358,-1083.7706485595554,409.4797761985101,242.85601347265765,nothing
1761185137.4020452,-1570.4120406438597,-1120.934034419246,390.3127889255993,230.6078411177732,nothing
1761185137.4020452,-1535.5486932569183,-1079.32390751224,404.90213865274563,261.630311250221,nothing
1761185137.4025984,-1504.4215059257112,-1058.8778744544834,433.31041871616617,276.50389337399974,nothing
1761185137.4025984,-1588.4607978300191,-1129.2964507201687,395.5411690636538,204.91472842218354,nothing
1761185137.4162412,-1567.7043530759402,-1097.862591592595,384.9385526892729,236.55428204732016,nothing
1761185137.4162412,-1514.1415059105493,-1055.6765200924128,416.00590162118897,272.8088722177781,nothing
1761185137.4319973,-1565.1350418063812,-1114.3555503971875,407.3255938240327,219.43675995012745,nothing
1761185137.4319973,-1595.3496935484,-1122.7516257977113,379.7924503502436,206.16759490733966,nothing
1761185137.4326448,-1521.262275426183,-1058.0663161640987,405.9493106403388,271.3353516352363,nothing
1761185137.4326448,-1531.2926871073432,-1087.67136421334,415.45613632770255,236.11671375250444,nothing
1761185137.44618,-1588.9357651243918,-1136.2788439374417,380.2000994454138,194.7048015431501,nothing
1761185137.44618,-1545.4444685396738,-1089.3505792934448,398.1403995328583,243.0243089706637,nothing
1761185137.4618917,-1510.4016059548594,-1057.0528032761067,438.50513975461945,273.5905113085173,nothing
1761185137.4618917,-1586.0784815582447,-1146.6047077151015,383.7941433028318,202.94006124557927,nothing
1761185137.4627075,-1563.3735489272512,-1108.970094460994,386.6551667689346,230.33482842100784,nothing
1761185137.4627075,-1510.4502246542834,-1051.2148194452748,424.9218231155537,282.1848014066927,nothing
1761185137.4762228,-1558.5079390848987,-1112.6426762174815,407.53128832159564,231.0528892125003,nothing
1761185137.4762228,-1591.127346498426,-1139.1024684039876,382.21216562157497,211.53809124371037,nothing
1761185137.4919255,-1516.6135797812603,-1055.6690402925014,412.7746280594729,272.34512462327257,nothing
1761185137.4919255,-1542.2206747778691,-1083.0189286684617,420.60971846664324,239.62100001098588,nothing
1761185137.4926188,-1588.4121791305952,-1131.5216911938041,387.56022255821154,203.9273948338814,nothing
1761185137.4926188,-1544.8573042466305,-1080.8123876946047,392.9419385944493,242.75503617385402,nothing
1761185137.5062113,-1522.7881546081044,-1064.4278859887272,412.34453956456855,260.665417061653,nothing
1761185137.5062113,-1575.9171733786352,-1110.0509255481884,387.63128065736964,234.58335477067158,nothing
1761185137.5218227,-1560.8902553566732,-1080.965723592788,383.88390090176836,251.05013427557424,nothing
1761185137.5218227,-1512.7502631270327,-1043.697620534338,434.76523979892954,289.0774370250292,nothing
1761185137.5226028,-1558.7659921818413,-1094.328386134468,397.81502823671326,241.10200039343908,nothing
1761185137.5226028,-1578.7968963445164,-1114.082537700422,375.24847190408036,225.10270838299766,nothing
1761185137.5361204,-1526.6776505620219,-1053.4400599189103,408.15959151415154,268.8408383647911,nothing
1761185137.5361204,-1550.7326870770194,-1078.4151118230075,403.85122676519677,239.19091151608154,nothing
1761185137.5518243,-1589.3247147197835,-1126.0651771584526,378.5769828646444,214.8628623043187,nothing
1761185137.5518243,-1547.4827140155248,-1062.4793981118128,404.41221175855026,277.05739856744185,nothing
1761185137.5525503,-1523.4650765000843,-1047.0223915949464,408.5148820099421,264.76060751313344,nothing
1761185137.5525503,-1591.6920713917352,-1125.4144345661625,371.8526427443139,213.86804891610518,nothing
1761185137.5663185,-1576.6464538699947,-1097.3352656988427,376.72947228653356,241.93599808355793,nothing
1761185137.5663185,-1508.187585181091,-1045.6012296117842,419.64856417803094,289.25321232294664,nothing
1761185137.5818868,-1569.5443838541396,-1107.4292556792498,403.30894127162173,219.8631085450761,nothing
1761185137.5818868,-1586.7890625498258,-1118.7237535454333,367.88086899137124,230.07303542410955,nothing
1761185137.5825307,-1523.637111898046,-1053.5485170176253,413.8554591466673,279.98948013270274,nothing
1761185137.5825307,-1550.2240606830455,-1088.864392299205,403.293981671799,245.92273143632337,nothing
1761185137.5961246,-1610.2419751719572,-1133.7693710671738,366.05953771295026,209.06601737299934,nothing
1761185137.5961246,-1544.0644454560243,-1066.8513411600143,392.9419385944493,266.5819387915544,nothing
1761185137.6119032,-1530.2903939192183,-1061.1928725270554,412.688610360492,271.821538629476,nothing
1761185137.6119032,-1588.4533180301078,-1125.5789901642129,375.02407790673897,208.7107268772088,nothing
1761185137.6126056,-1567.2219059816562,-1100.2411679644138,377.14086128165945,246.79412812599912,nothing
1761185137.6126056,-1523.7680083964951,-1045.990179207176,415.8563056229614,294.9453400555067,nothing
1761185137.6261704,-1572.760697816033,-1109.3253849567845,386.62524756928906,235.133120064158,nothing
1761185137.6261704,-1596.7297166320495,-1124.1765276808292,374.7174061103724,221.70687922323123,nothing
1761185137.6419396,-1526.8010672605596,-1052.8940345253795,425.42296970961615,289.6010230188258,nothing
1761185137.6419396,-1548.1259768079035,-1079.8474935060367,421.4137969571166,252.94626355310902,nothing
1761185137.6426113,-1602.3507862654515,-1135.8150963429362,370.88400865579024,205.40091541642323,nothing
1761185137.6426113,-1539.9094166052528,-1063.4816912999377,400.5451552043669,275.50907998578623,nothing
1761185137.6561577,-1524.9423369825818,-1067.8237151484936,417.1129120080732,272.35634432313964,nothing
1761185137.6561577,-1589.4219521186315,-1138.2273318143561,371.3402764503844,213.83438981650397,nothing
1761185137.671888,-1579.1596666402183,-1100.7497943583876,380.8022233382799,234.81522856792435,nothing
1761185137.671888,-1525.555680575315,-1065.6059544747695,437.6748819644563,273.1566829136573,nothing
1761185137.672645,-1578.1424138522707,-1118.424561548978,396.73793704947457,224.51554408995435,nothing
1761185137.672645,-1603.88788514724,-1130.740052103065,370.0836700652726,210.38994195731357,nothing
1761185137.6861022,-1534.8081930656917,-1065.3628609776497,417.97682889783755,274.1103574023582,nothing
1761185137.6861022,-1565.4304939028807,-1103.0685323309153,392.93445879453793,225.9815848725848,nothing
1761185137.7018888,-1603.682190649677,-1137.348455324769,379.84854884957895,202.81290464708582,nothing
1761185137.7018888,-1553.9639606387354,-1087.2524954183027,392.44453190034255,247.3999919188209,nothing
1761185137.7025056,-1543.63435696112,-1083.0301483683288,401.51752919284627,247.69918391527608,nothing
1761185137.7025056,-1596.8381737307645,-1133.2794441729784,373.96194631932303,194.79455914208665,nothing
1761185137.716127,-1579.5897551351227,-1114.6061236942187,381.59134222893044,224.9792916844599,nothing
1761185137.716127,-1526.1877236678265,-1057.63996756915,422.3712113457732,276.2308806772344,nothing
1761185137.7318854,-1572.397927520331,-1116.4985130717978,394.4640778764151,213.02283152611926,nothing
1761185137.7318854,-1601.5467077749781,-1137.987978217192,378.2703110682778,206.380769204814,nothing
1761185137.7325935,-1536.7305016429164,-1071.0101099107414,401.2145972964354,258.04374719271436,nothing
1761185137.7325935,-1553.6834681420587,-1096.994934802875,404.6253860560246,233.41276608454064,nothing
1761185137.7461903,-1591.4115788950585,-1126.420467654243,381.92793322494254,208.35169648146257,nothing
1761185137.7461903,-1537.9833681280725,-1073.8748732768,403.82504746550694,255.46695612324402,nothing
1761185137.761829,-1528.147431244608,-1072.1806985968724,416.41729061631486,261.4059172528796,nothing
1761185137.761829,-1602.4218443646096,-1134.285477261059,391.9097262066789,209.4512270684354,nothing
1761185137.7625792,-1563.616642424371,-1095.9739421149716,405.5828004446812,259.9884951696731,nothing
1761185137.7625792,-1504.7431373219006,-1041.0871703652665,437.9778138608672,290.7790915048681,nothing
1761185137.7761753,-1575.6254611820914,-1116.2441998748109,397.78136913711205,220.48767183767632,nothing
1761185137.7761753,-1582.7013518982567,-1120.1785746281967,371.98727914271876,225.3458018801175,nothing
1761185137.7919164,-1513.2813289207406,-1054.057143411599,428.5644856723957,286.571704054717,nothing
1761185137.7919164,-1557.7823984934948,-1106.7672933870926,403.71659036679193,232.2421773984097,nothing
1761185137.7926054,-1594.3660998600535,-1128.387655030936,373.0830698297359,201.41792196361348,nothing
1761185137.7926054,-1528.4391434411518,-1066.8513411600143,410.4035314875655,269.9291492518969,nothing
1761185137.8061397,-1527.3620522539131,-1079.2378898132592,424.858244816307,260.8449322595261,nothing
1761185137.8061397,-1587.3612672430463,-1133.488878570497,390.58954152232036,205.47945331549272,nothing
1761185137.8383584,-1560.6808209591545,-1103.1545500298962,394.85676737176254,257.7782142958604,nothing
1761185137.8383584,-1526.6589510622434,-1065.7779898727313,427.6743894829415,276.4739741743542,nothing
1761185137.8388991,-1575.5020444835536,-1128.604569228366,385.36116138426587,207.3344436935149,nothing
1761185137.8388991,-1569.806176851038,-1114.325631197542,378.36754846712574,240.75418969755992,nothing
1761185137.8396623,-1531.404884106014,-1071.1989748585038,407.38543222332373,267.2794301332906,nothing
1761185137.8404608,-1563.1940337293781,-1106.7654234371148,404.41595165850595,234.300992324017,nothing
1761185137.8404608,-1580.6406670226716,-1133.59920561919,387.81453575519845,215.49677534680814,nothing
1761185137.8511174,-1526.6140722627752,-1079.000406166073,404.9133583526127,267.07373563572764,nothing
1761185137.8511174,-1530.5147879165597,-1068.8129186867736,431.38437023898587,270.723877992481,nothing
1761185137.8668835,-1581.7850764091127,-1119.5558812855743,385.25270428555086,232.37868374679238,nothing
1761185137.8668835,-1558.2311864881776,-1087.1907870690338,395.8029620605521,264.39596726745367,nothing
1761185137.8675632,-1518.161898362916,-1055.7045693420805,419.1735968836583,292.2769214371219,nothing
1761185137.8675632,-1582.4245993015356,-1120.438497675117,390.52596322307363,226.0358134219423,nothing
1761185137.881276,-1588.535595829133,-1119.727916683536,381.5053245299496,234.8507576175034,nothing
1761185137.881276,-1528.2222292437218,-1064.6167509364896,416.67908361321315,279.33686759043485,nothing
1761185137.8969028,-1550.1417828840204,-1091.312156820204,408.9973291042261,250.44240053277463,nothing
1761185137.8969028,-1590.0726947109215,-1126.6803907011636,375.95157309575006,230.40027667023242,nothing
1761185137.8975637,-1533.4506093817763,-1068.457628190983,409.6555514964275,270.30126929748803,nothing
1761185137.8975637,-1523.7119098971598,-1073.9665008257143,416.15549761941656,260.3793147150427,nothing
1761185137.911106,-1572.6185816177167,-1129.5002752677538,394.284562678542,221.71622897312045,nothing
1761185137.911106,-1539.845838306006,-1072.4368817438371,407.22835642518476,276.59926082286984,nothing
1761185137.9268427,-1510.1846917574294,-1047.7236228366382,423.09675193717703,284.19873753283173,nothing
1761185137.9268427,-1566.137334994506,-1116.8893326171674,401.03882199851796,223.2121889553964,nothing
1761185137.9276588,-1569.0544569599442,-1113.7141575547867,381.1949128336273,233.60911083221436,nothing
1761185137.9276588,-1519.6279391455464,-1057.7802138174884,418.3246395937167,291.59999954514205,nothing
1761185137.9412043,-1541.1884623900987,-1087.6059159641154,429.87345065688714,253.86814889218658,nothing
1761185137.9412043,-1585.1023676698096,-1129.5301944673993,382.29070352064446,219.72660219669342,nothing
1761185137.9568367,-1528.2633681432344,-1069.3439844804816,403.11446647392586,290.3246936602518,nothing
1761185137.9568367,-1532.7101091905497,-1076.913541990798,420.8939508632757,267.8591146264225,nothing
1761185137.9575996,-1585.2033449686132,-1127.8472394873388,376.77435108600184,220.07815279252827,nothing
1761185137.9575996,-1542.6619829726405,-1075.6195366061293,393.71235798532143,267.6422004289925,nothing
1761185137.971206,-1518.8537798547186,-1061.1274242778309,426.64217709517106,281.63690606318414,nothing
1761185137.971206,-1571.7509248279966,-1121.1528185666539,401.1360593973659,219.07959950435907,nothing
1761185137.9867816,-1557.576703995932,-1108.9981437106617,387.18997246259823,248.4490338563919,nothing
1761185137.9867816,-1514.8595667020418,-1057.941029515583,428.4148896741681,276.70023812167346,nothing
1761185137.9875517,-1540.5638990974985,-1090.8858082252555,420.2843471704982,252.6788607062772,nothing
1761185137.9875517,-1588.9731641239487,-1132.017227937933,379.70269275130704,208.53308162931353,nothing
1761185138.0011663,-1514.25370290922,-1060.1064315899275,415.0971059319563,290.2386759612709,nothing
1761185138.0011663,-1528.1923100440763,-1072.7472934401594,418.3994375928305,267.5075640305877,nothing
1761185138.0168848,-1578.198512351606,-1134.0891325133853,390.18189242715016,209.66627131588757,nothing
1761185138.0168848,-1542.994834068697,-1083.4172280137427,389.19081893889233,266.78202343918383,nothing
1761185138.017593,-1502.2935028509237,-1047.4805293395184,438.62107665324584,294.4685028111562,nothing
1761185138.017593,-1574.5521098948084,-1118.6770047959872,408.45130371069536,232.16550944931805,nothing
1761185138.0312605,-1571.6948263286613,-1118.1982976016589,391.9097262066789,248.81180415209383,nothing
1761185138.0312605,-1522.2907479139976,-1052.731348877307,430.3297184514813,296.4057709882036,nothing
1761185138.046795,-1557.8347570928745,-1099.9401060179807,410.2576753892936,244.91856829822063,nothing
1761185138.046795,-1582.974364595022,-1144.6880089878105,366.8149975039996,201.86110010836273,nothing
1761185138.0475385,-1531.3300861069001,-1069.9872472728603,404.1691182614304,283.2001842446625,nothing
1761185138.0475385,-1527.7697013490833,-1077.6390825822018,435.9694875846617,274.7704497445375,nothing
1761185138.0612156,-1584.1486931811087,-1142.9601752082817,378.10949537018314,202.0555749060586,nothing
1761185138.0612156,-1554.4613673328422,-1105.834188348148,387.44802555954084,235.08637131471187,nothing
1761185138.0768907,-1514.399559007492,-1077.141675888095,435.109310594853,268.0124505246058,nothing
1761185138.0768907,-1569.0843761595897,-1130.8279397520237,401.41655189404264,206.71923015080392,nothing
1761185138.0775447,-1575.846115279477,-1123.8941652341746,383.03120371187106,217.07501312810928,nothing
1761185138.0775447,-1516.677158080507,-1064.6130110365339,433.1084641185589,271.7635701801628,nothing
1761185138.091199,-1543.8587509584613,-1110.5240228925832,388.25584394996986,220.75507468450814,nothing
1761185138.091199,-1590.1886316095479,-1137.0660928781144,379.25764465657994,207.93469763640314,nothing
1761185138.1068108,-1523.4613366001286,-1073.6598290293477,411.31232717679814,266.32949554454535,nothing
1761185138.1068108,-1539.785999906715,-1092.9352734009735,419.45782928029075,244.79889149963856,nothing
1761185138.10758,-1597.5375350224786,-1150.7055080165155,369.54512447165325,191.39312013238668,nothing
1761185138.10758,-1555.186907924246,-1099.2781437258236,392.2388374027796,253.99904539063573,nothing
1761185138.1211705,-1514.6314328047447,-1064.8000060343184,437.0503186718561,290.42193105909973,nothing
1761185138.1211705,-1565.1275620064698,-1132.331379534211,404.18781776120886,216.15499773900956,nothing
1761185138.136816,-1569.6827601525001,-1119.6605984843336,391.92842570645735,229.37554408237338,nothing
1761185138.136816,-1518.7116636564024,-1068.8503176863305,409.56205399753526,275.0285028414801,nothing
1761185138.1375573,-1561.5260383491404,-1116.507862821687,406.8094876301475,222.1014386685565,nothing
1761185138.1375573,-1605.7615750250407,-1139.3773510507308,383.4874715064652,209.5839935168624,nothing
1761185138.1511436,-1528.5176813402213,-1089.3561891433783,402.34030718309805,271.43819888401777,nothing
1761185138.1511436,-1525.073233481031,-1084.112849405501,426.8216922930442,258.0792762422934,nothing
1761185138.1668987,-1590.4691241062246,-1140.3534649391659,375.0876562059857,203.92552488390356,nothing
1761185138.1668987,-1537.471001834143,-1085.717266486492,392.2874561022036,261.74063829891384,nothing
1761185138.1675947,-1529.5498937279917,-1057.1519106249325,421.57461265521124,270.6453400934115,nothing
1761185138.1675947,-1584.2496704799123,-1127.6976434891112,394.393019777257,213.63430516887456,nothing
1761185138.1811352,-1575.2626908863895,-1123.0975665436126,382.77689051488414,229.0352131864056,nothing
1761185138.1811352,-1513.6553189163096,-1054.2572280592285,421.82518595224246,290.27233506087214,nothing
1761185138.1968997,-1548.8814365989529,-1103.687485773582,404.1279793619178,231.87753715272993,nothing
1761185138.1968997,-1574.1257612998597,-1125.0423145205714,391.33378161350265,218.76170800812542,nothing
1761185138.197548,-1529.3367194305174,-1074.8453773153014,412.8120270590298,274.9013462429866,nothing
1761185138.197548,-1523.9213442946784,-1073.5663315304555,439.42889504367486,268.0909884236753,nothing
1761185138.211228,-1579.1783661399968,-1137.6158581716008,389.0150436409749,219.01228130515665,nothing
1761185138.211228,-1545.1003977437504,-1099.6446539214812,385.7912498791702,249.97865293826908,nothing
1761185138.226796,-1496.4592589200474,-1052.4695558804087,441.3399839210324,291.69723694399,nothing
1761185138.226796,-1565.1874004057609,-1130.8877781513147,401.41655189404264,209.6213925164193,nothing
1761185138.2275257,-1566.7357189874165,-1124.178397630807,390.6119809220545,237.68934168387204,nothing
1761185138.2275257,-1515.8356805904768,-1074.4190287203528,427.2966595874168,264.17905307002366,nothing
1761185138.2411227,-1549.7902322881855,-1108.2726031192578,412.59885276155546,230.25068067200482,nothing
1761185138.2411227,-1578.7033988456242,-1129.328239869792,379.62041495228186,221.6601304737851,nothing
1761185138.2568424,-1511.0897475467063,-1065.0356197315268,416.23029561853036,288.0695339869708,nothing
1761185138.2568424,-1528.798173836898,-1087.4451002660207,426.39534369809553,251.51201192010194,nothing
1761185138.257618,-1581.613041011151,-1133.59920561919,387.2834699614905,208.5443013291806,nothing
1761185138.257618,-1539.8981969053857,-1087.8003907618113,401.2893952955492,265.66379335243255,nothing
1761185138.2711112,-1510.1996513572522,-1055.528794044163,437.1251166709699,273.9177525546402,nothing
1761185138.2711112,-1577.2597974627279,-1128.1726107834838,398.78366232523695,201.19165801629424,nothing
1761185138.2867987,-1566.6534411883913,-1112.8203214653768,387.37696746038273,228.1077179973945,nothing
1761185138.2867987,-1509.1861384692602,-1053.1240383726545,432.7082948233001,283.869626336731,nothing
1761185138.2874968,-1553.305738246534,-1114.806208341848,405.49304284574464,219.63310469780117,nothing
1761185138.2874968,-1581.3811672138982,-1147.032926260028,367.0057324017398,201.62174651119858,nothing
1761185138.3012853,-1532.5530333924107,-1080.832957144361,408.63829870847985,253.94294689130038,nothing
1761185138.3012853,-1530.1781969205476,-1085.4479936896823,419.8542586755939,238.30642517656088,nothing
1761185138.3170614,-1601.7337027727626,-1153.532872383017,382.18598632188514,183.36355492752045,nothing
1761185138.3170614,-1551.147815972101,-1101.4659851999022,380.7498647389002,240.46808735094965,nothing
1761185138.3175275,-1516.6696782805957,-1082.2541191275232,415.37759842863306,258.5318041369319,nothing
1761185138.3175275,-1564.5329179135151,-1139.676543047186,393.52162308758125,193.5772217065096,nothing
1761185138.3312001,-1567.199466581922,-1124.1559582310729,381.1949128336273,221.15898387972265,nothing
1761185138.3312001,-1511.2356036449783,-1069.7329340758733,427.86886428063735,265.06914925947785,nothing
1761185138.3468935,-1567.476219178643,-1127.7387823886238,415.01108823297545,206.55093465279788,nothing
1761185138.3468935,-1593.2366500734352,-1140.9144499325193,366.24279281077906,198.469010848552,nothing
1761185138.347514,-1528.618658639025,-1085.7995442855172,417.26624790625647,253.1949669001624,nothing
1761185138.347514,-1528.8393127364106,-1097.2997366492637,429.65279655950144,245.64410888962448,nothing
1761185138.3611298,-1587.6268001399003,-1151.9396750018932,379.8223695498891,187.6831393763423,nothing
1761185138.3611298,-1540.5900783971883,-1096.8060698551126,398.89585932390764,253.21366639994085,nothing
1761185138.3932357,-1519.3885855483823,-1079.9989594542421,426.1859093005769,256.58705615997314,nothing
1761185138.3932357,-1580.539689723868,-1146.1390901706181,399.81587471300736,204.5388684766367,nothing
1761185138.3939023,-1568.0521637718193,-1121.994296056684,392.0481025050394,231.13703696150333,nothing
1761185138.3939023,-1506.9010595963337,-1062.7954196580686,435.4795606904663,286.7194301029667,nothing
1761185138.394644,-1552.4418213567697,-1119.0921336910687,415.42247722810134,221.77980727236718,nothing
1761185138.394644,-1577.2298782630824,-1134.8296327046119,387.59762155776843,210.81816050224006,nothing
1761185138.395456,-1522.5114020113833,-1080.735719745513,421.90746375126764,263.51709077786654,nothing
1761185138.395456,-1537.4074235348962,-1101.178012903314,431.5264864373021,240.58028434962034,nothing
1761185138.406264,-1586.0784815582447,-1149.3329647327773,376.66215408733115,197.8668869556859,nothing
1761185138.406264,-1545.4706478393637,-1108.8784669120796,401.7568827900104,247.4841396678239,nothing
1761185138.4212813,-1507.6116405879147,-1072.3396443449892,428.16431637713686,262.8925274852663,nothing
1761185138.4212813,-1562.0309248431586,-1135.0764661016874,386.1278408751823,202.9494109954685,nothing
1761185138.436889,-1558.1077697896399,-1115.954357628245,397.44103824114427,238.9609076688066,nothing
1761185138.436889,-1501.0555959655903,-1065.020660131704,437.1550358706154,275.2042781393975,nothing
1761185138.437638,-1546.1400899314322,-1120.8872856698,407.3143741241656,222.01542096957564,nothing
1761185138.437638,-1563.7811980224214,-1130.3380128578283,382.4589990186505,211.8765521897003,nothing
1761185138.4511807,-1501.4258460612036,-1066.8045924105681,414.2257092422806,270.17785259895027,nothing
1761185138.4511807,-1521.4380507241003,-1090.2313257330097,427.57715208409354,238.85993037000299,nothing
1761185138.466874,-1578.7220983454026,-1144.2691401927732,400.78076890157536,196.97679076623172,nothing
1761185138.466874,-1533.454349281732,-1086.4203676781617,401.6970443907194,252.8284567045048,nothing
1761185138.467635,-1515.7085239919834,-1080.5150656481273,429.98938755551353,251.8560827160254,nothing
1761185138.467635,-1568.1980198700912,-1142.4178897147067,402.6881178789772,194.4261789964512,nothing
1761185138.4811733,-1566.2869309927337,-1134.9867085027508,377.1184218819253,214.66651755664498,nothing
1761185138.4811733,-1511.0074697476812,-1057.7764739175327,428.8225387693383,267.4664251310751,nothing
1761185138.4969125,-1557.0643377020024,-1120.1318258787505,412.08274656767026,198.65600584633648,nothing
1761185138.4969125,-1574.3912941967137,-1141.438035926316,374.36211561458185,196.99549026601017,nothing
1761185138.4976037,-1511.9162654369138,-1056.7218221300282,407.7332429192029,277.97180410660803,nothing
1761185138.4976037,-1523.734349296894,-1091.2859775205143,432.3380447276868,232.7003151429817,nothing
1761185138.5112667,-1586.833941349294,-1145.1442767824046,388.04266965249553,183.76372422277927,nothing
1761185138.5112667,-1531.4684624052607,-1085.717266486492,406.12134603830054,244.71661370061338,nothing
1761185138.5268896,-1502.2673235512339,-1056.7031226302497,437.24105356959626,255.76053826976568,nothing
1761185138.5268896,-1581.3250687145628,-1137.3428454748355,394.70343147357926,187.44752567913383,nothing
1761185138.5276084,-1555.8413904164918,-1121.3248539646156,391.9172060065903,220.05571339279413,nothing
1761185138.5276084,-1512.7053843275644,-1060.8581514810212,428.8973367684521,285.5151823172346,nothing
1761185138.5412295,-1542.0000206804834,-1105.2021452556364,418.08154609659687,216.5439473344013,nothing
1761185138.5412295,-1580.6406670226716,-1147.2535803574137,388.3830005484633,192.59362801816314,nothing
1761185138.5568686,-1527.171317356173,-1076.285238798242,403.7203302667476,262.43251979071647,nothing
1761185138.5568686,-1526.1129256687127,-1082.426154525485,423.13041103677824,228.39569029398263,nothing
1761185138.557659,-1575.2589509864338,-1138.3600982627831,393.753496884834,198.73080384545028,nothing
1761185138.557659,-1534.576319268439,-1084.8421298968606,400.30580160720274,248.84546325169504,nothing
1761185138.571162,-1503.108801041264,-1062.8066393579356,434.23791390517727,271.55413578264415,nothing
1761185138.571162,-1562.1506016417406,-1122.1962506542914,398.4582910290919,205.5785606643185,nothing
1761185138.5868676,-1557.913294991944,-1102.8347885836847,387.55648265825585,225.20929553173482,nothing
1761185138.5868676,-1506.8150418973528,-1048.5875397264026,438.8529504504986,284.56150782853365,nothing
1761185138.5876195,-1545.1677159429528,-1101.3089094017632,403.1780447731726,213.9521966651082,nothing
1761185138.5876195,-1564.5777967129834,-1130.0949193607084,390.22303132666275,206.88752564880997,nothing
1761185138.6011636,-1502.9928641426377,-1056.6657236306928,431.5564056369476,275.3950130371377,nothing
1761185138.6011636,-1516.4527640831657,-1087.1795673691668,424.544093220029,236.64964949619025,nothing
1761185138.61685,-1584.1262537813745,-1152.3847230966203,377.4512729779817,171.68758726585656,nothing
1761185138.61685,-1532.0593665982597,-1089.614242240321,401.11735989758745,259.1638472294435,nothing
1761185138.6176076,-1499.0023908899166,-1054.6162584549747,445.69696736941114,278.22611730359495,nothing
1761185138.6176076,-1573.351602009032,-1132.70536952978,384.93107288936153,203.44307778961957,nothing
1761185138.6312163,-1572.1772734229453,-1114.024569251109,379.66529375175014,228.19747559633106,nothing
1761185138.6312163,-1489.166454006452,-1046.2650618539192,446.96479345439,294.2852477133274,nothing
1761185138.6468117,-1541.813025682699,-1116.567701220978,414.0723733440973,215.85206584259868,nothing
1761185138.6468117,-1576.9755650660954,-1131.2879474465735,391.36370081314817,211.88403198961169,nothing
1761185138.6475532,-1521.5165886231698,-1078.8208909681998,423.5530197317712,255.51744477264583,nothing
1761185138.6475532,-1530.8812981122173,-1095.328809372615,421.98226175038144,223.5151208518073,nothing
1761185138.6612234,-1575.6740798815154,-1144.2878396925516,371.7815846451558,186.7145052878186,nothing
1761185138.6612234,-1533.6413442795165,-1087.1122491699643,400.30206170724705,246.56786417867988,nothing
1761185138.6768885,-1519.2427294501103,-1069.2280475818552,427.921222880017,245.8572831870988,nothing
1761185138.6768885,-1581.5419829119928,-1141.7783668222837,373.73381242202595,177.4171139979735,nothing
1761185138.677595,-1566.2270925934426,-1124.238236030098,386.5803687698208,221.34223897755146,nothing
1761185138.677595,-1524.0485008931719,-1078.9330879668705,425.0078408145346,249.967433238402,nothing
1761185138.691186,-1562.3226370397024,-1137.8851309684105,393.4917038879357,193.80535560380667,nothing
1761185138.691186,-1569.4209671556018,-1131.7255157413892,370.9438470550813,199.3927661376074,nothing
1761185138.7068255,-1527.2947340547107,-1081.7567124334164,410.08563999133185,248.90156175103039,nothing
1761185138.7068255,-1535.963822152,-1100.1794596151449,417.0343741090037,225.52344712801278,nothing
1761185138.707589,-1586.9984969473444,-1153.8320643794723,375.0502572064288,174.16714093647897,nothing
1761185138.707589,-1544.9433219456114,-1094.7827839790843,398.4620309290476,241.8181912349537,nothing
1761185138.721149,-1516.7407363797538,-1084.8346500969492,424.4692952209152,235.79695230629295,nothing
1761185138.721149,-1579.6383738345467,-1152.9270085901953,390.6419001217,174.95625982712954,nothing
1761185138.7368653,-1566.2420521932654,-1128.000575385522,383.6557670044713,212.25802198518068,nothing
1761185138.7368653,-1505.2293243161403,-1063.0160737554543,424.83954531652853,268.70433201640844,nothing
1761185138.7375724,-1537.785153430421,-1108.4895173166879,419.2521347827278,226.0732124214992,nothing
1761185138.7375724,-1571.5714096301235,-1130.3679320574738,387.70607865648344,210.3918119072914,nothing
1761185138.7511642,-1514.362160007935,-1081.8053311328404,424.01302742632106,267.7095186281949,nothing
1761185138.7511642,-1519.0108556528576,-1078.8246308681555,419.12123828427866,254.07384338974953,nothing
1761185138.7668927,-1571.8967809262685,-1139.3810909506865,391.6030544103123,206.16572495736182,nothing
1761185138.7668927,-1532.4557959935628,-1083.4845462129451,409.3713190997951,245.43841439206153,nothing
1761185138.7675235,-1513.700197715778,-1071.075558159966,443.3408303973265,258.4607460377738,nothing
1761185138.7675235,-1579.1858459399082,-1143.6221375004388,390.8064557197504,182.24532484076917,nothing
1761185138.7811823,-1551.2375735710375,-1099.8989671184681,398.34235413046554,246.3023312818259,nothing
1761185138.7811823,-1490.9354266854934,-1049.6272319140844,440.2741124336608,281.41251206584275,nothing
1761185138.7968485,-1554.872756327968,-1130.1098789605312,396.11711365683004,202.76989579759538,nothing
1761185138.7968485,-1554.5511249317788,-1103.2125184792094,394.93156537087634,238.63927627261728,nothing
1761185138.7975845,-1508.632633275818,-1063.5546193490736,422.8760978397913,267.77309692744166,nothing
1761185138.7975845,-1513.1466925223358,-1069.57959817769,443.61758299404755,252.21511311177164,nothing
1761185138.811195,-1581.9720714068972,-1142.0700790188275,388.48397784726694,186.7893032869324,nothing
1761185138.811195,-1517.1147263753228,-1072.186308446806,414.49498203909025,261.2282720049843,nothing
1761185138.8268485,-1514.5416752058081,-1068.782999487128,440.21427403436974,254.0850630896166,nothing
1761185138.8268485,-1570.456919443328,-1122.7834149473347,417.01941450918093,219.46480919979513,nothing
1761185138.8274915,-1559.745845970232,-1114.241483448539,393.1663325917907,228.69114239048213,nothing
1761185138.8274915,-1511.9910634360276,-1076.962160690222,428.9160362682305,270.6004612939432,nothing
1761185138.841878,-1545.9044762342237,-1114.3910794467665,421.2099724095315,206.61264300206676,nothing
1761185138.842584,-1569.779997551348,-1121.1490786666982,396.3321579042822,213.39308162173256,nothing
1761185138.842584,-1521.2398360264488,-1075.1670087114908,423.543669981882,256.8469792068936,nothing
1761185138.85635,-1526.9244839590974,-1094.8762814779766,410.28572463896126,220.9028007327579,nothing
1761185138.85635,-1581.7476774095558,-1141.3707177271135,379.41659040469676,196.88142331736162,nothing
1761185138.8718684,-1547.13116341969,-1104.7645769608207,396.0105265080929,243.41325856605545,nothing
1761185138.8718684,-1511.456257742364,-1079.9017220553942,439.47938369307667,259.60702537419274,nothing
1761185138.872536,-1565.3706555035897,-1146.902029761579,403.77081891614944,189.75317400181666,nothing
1761185138.872536,-1560.325530463364,-1110.56142189214,394.7127812234685,241.6106267874129,nothing
1761185138.8861666,-1509.0290626711212,-1074.4975666194223,429.89402010664344,272.01601342717186,nothing
1761185138.8861666,-1546.443021827843,-1119.137012490537,407.2601455748081,225.61507467692718,nothing
1761185138.9019766,-1570.8159498390742,-1129.7658081646077,389.27122678793967,217.8959211683832,nothing
1761185138.9019766,-1511.695611339528,-1067.9789209966548,426.9170597419143,285.68908766517416,nothing
1761185138.902661,-1523.5548340990208,-1089.3674088432454,419.10814863443375,250.18621738580987,nothing
1761185138.902661,-1576.3472618735395,-1135.828185992781,380.60587859060615,215.09473610157147,nothing
1761185138.9162204,-1521.92423771834,-1082.7178667220287,411.88640181999654,276.6347898724489,nothing
1761185138.9162204,-1515.1512788985856,-1066.3071857164614,419.4148204308003,268.2611538716592,nothing
1761185138.9318445,-1564.835849809926,-1122.177551154513,394.42480892688036,211.6016695429571,nothing
1761185138.9318445,-1552.9728871504776,-1090.8858082252555,395.0456323195249,233.21081148693338,nothing
1761185138.9326587,-1493.6281546535902,-1049.234542418737,422.6834929920733,283.95003418577835,nothing
1761185138.9326587,-1557.961913691368,-1112.4463314698078,406.4448473844677,224.04431669553742,nothing
1761185138.9462268,-1577.2672772626393,-1128.8607523753308,378.3320194175467,218.25495156412944,nothing
1761185138.9462268,-1503.7520638336428,-1059.074219202157,414.5679100882262,286.2762519582175,nothing
1761185138.9619117,-1531.1056921095587,-1084.415781301912,415.40564767830074,237.7211308334954,nothing
1761185138.9619117,-1579.0212903418578,-1138.7752271578647,386.72061501815915,200.54278537398204,nothing
1761185138.962592,-1527.18253705604,-1076.6031302944757,403.13129602372646,272.4087029225193,nothing
1761185138.962592,-1516.8379737786017,-1075.1782284113578,431.1020077923313,272.1020311261527,nothing
1761185138.976178,-1573.531117206905,-1126.2203830066137,395.8609305098653,204.30886462936178,nothing
1761185138.976178,-1541.5213134861551,-1113.3065084596165,391.24589396454394,243.0953670698218,nothing
1761185138.991954,-1500.6928256698884,-1055.4876551446505,428.4167596241459,281.13762941909954,nothing
1761185138.991954,-1555.572117619682,-1122.4019451518543,414.6726272869855,219.02163105504587,nothing
1761185138.9926455,-1568.1494011706673,-1126.9571432978846,374.01617486868054,212.76851832913235,nothing
1761185138.9926455,-1513.8161346144043,-1070.1779821706004,420.40215401910245,266.0284335981123,nothing
1761185139.0061307,-1531.9883084991015,-1088.0659236586653,420.3759747194126,243.19260446866974,nothing
1761185139.0061307,-1579.7393511333503,-1131.1458312482573,381.75776777695864,208.7069869772531,nothing
1761185139.0218678,-1540.2385278013535,-1093.1746269981377,381.2491413829848,234.03358947718516,nothing
1761185139.0218678,-1528.6934566381387,-1076.2515796986409,412.7465788098052,245.9863097355701,nothing
1761185139.0226314,-1585.3940798663534,-1139.2801136518829,390.6961286710575,198.61299699684605,nothing
1761185139.0226314,-1565.643668200355,-1117.1660852138884,374.0685334680602,218.72991885850206,nothing
1761185139.036106,-1511.0299091474153,-1058.8909641043283,414.6464479872957,264.4090569172986,nothing
1761185139.036106,-1562.6330487360246,-1136.1198981893249,396.72484739962965,207.7046937891282,nothing
1761185139.0519006,-1575.7114788810723,-1130.558666955214,377.01183473318815,210.64799505425617,nothing
1761185139.0519006,-1517.402698671911,-1067.1337036066689,412.54088431224227,265.9199764993973,nothing
1761185139.0525715,-1527.5228679520078,-1091.1476012221538,432.1043009804562,249.59905309276655,nothing
1761185139.0525715,-1563.9457536204718,-1127.8248000876047,386.4887412209064,210.5993763548322,nothing
1761185139.0661569,-1532.500674793031,-1079.2248001634143,405.9399608904496,280.58412422565743,nothing
1761185139.0661569,-1492.3902477682568,-1052.6565508781932,439.8458938887343,286.2949514579959,nothing
1761185139.081858,-1576.8633680674247,-1116.1413526260294,395.65897591225803,213.87926861597225,nothing
1761185139.081858,-1549.375103393104,-1101.3313488014974,389.8957900805399,244.07148095825687,nothing
1761185139.0826333,-1499.3502015857957,-1044.7055235723965,429.9014999065548,271.0361596387811,nothing
1761185139.0826333,-1553.956480838824,-1106.2642768430524,401.57549764215946,210.1169292605482,nothing
1761185139.0961864,-1585.7531102620997,-1133.9170971154235,371.7348358957097,200.8943359698169,nothing
1761185139.0961864,-1510.7344570509158,-1060.5926185841672,409.39936834946275,269.4504420575686,nothing
1761185139.111796,-1533.7348417784087,-1084.281144903507,406.72533988114446,240.6120734992437,nothing
1761185139.111796,-1589.5416289172135,-1131.8302329401486,380.19822949543595,188.48908781679347,nothing
1761185139.112612,-1521.3782123248093,-1067.2870395048521,410.24832563940436,261.01696765748784,nothing
1761185139.112612,-1518.7378429560922,-1076.9509409903549,416.5276176650077,249.5429545934312,nothing
1761185139.126232,-1575.9732718779705,-1129.9228839627467,394.6379832243547,193.4818542576395,nothing
1761185139.126232,-1560.0674773664214,-1114.4172587464564,389.97806787956506,234.92368566663936,nothing
1761185139.1419528,-1511.7030911394395,-1077.141675888095,422.2833236968145,255.9568830174394,nothing
1761185139.1419528,-1547.9576813098975,-1122.4281244515441,409.3694491498172,213.194866924081,nothing
1761185139.1426313,-1577.3869540612213,-1138.3413987630047,373.7020232724026,185.10073845693842,nothing
1761185139.1426313,-1513.0905940230004,-1063.3264854517765,403.47536681964993,268.05171947414055,nothing
1761185139.1562576,-1527.6986432499252,-1086.801837473642,430.9075329946354,241.40867218980566,nothing
1761185139.1562576,-1583.808362285141,-1141.2061621290632,395.69263501185924,212.80217742873356,nothing
1761185139.17199,-1541.3230987885036,-1088.3538959552534,402.69746762886643,259.46116927592084,nothing
1761185139.17199,-1516.01519578835,-1066.6998752118088,448.2457091892138,259.9249168704264,nothing
1761185139.1725452,-1578.1199744525366,-1145.211594981607,381.5857323789969,195.5163598335348,nothing
1761185139.1725452,-1557.333610498812,-1114.9371048402973,378.8182064117864,229.56440903013572,nothing
1761185139.1862085,-1498.5947417947464,-1055.046346949879,427.85577463079244,277.5174062619917,nothing
1761185139.1862085,-1560.445207261946,-1112.1920182728209,415.54776387661695,207.0464713969268,nothing
1761185139.2017941,-1573.942506202031,-1133.3000136227347,388.6391836954281,206.38824900472537,nothing
1761185139.2017941,-1528.3942646416835,-1080.6571818464436,413.5282179005444,253.3950515477918,nothing
1761185139.2025323,-1539.8495782059617,-1101.3650079010986,430.63078039791435,218.26243136404082,nothing
1761185139.2025323,-1586.7217443506233,-1139.1417373535223,394.9222156209871,202.521192450542,nothing
1761185139.216148,-1537.302706336137,-1093.4663391946815,389.43578238599,252.994882252533,nothing
1761185139.216148,-1517.6981507684104,-1076.7639459925704,424.59458186943084,234.66563256969675,nothing
1761185139.2318833,-1578.6136412466876,-1153.895642678719,377.9991683214903,178.63445143355057,nothing
1761185139.2318833,-1557.550524696242,-1110.538982492406,376.3648320408538,227.50372415455058,nothing
1761185139.232674,-1500.8087625685148,-1053.7261622655205,426.9768981412053,266.8437317884527,nothing
1761185139.232674,-1556.3761961101554,-1112.177058672998,414.1228619934991,208.55365107906982,nothing
1761185139.2461643,-1573.7293319045566,-1124.1148193315603,393.1420232420787,219.36944175092503,nothing
1761185139.2461643,-1521.0117021291517,-1071.546785554383,412.5371444122866,267.01576718641445,nothing
1761185139.2618911,-1529.9650226230733,-1090.9419067245908,420.7537046149373,244.80824124952778,nothing
1761185139.2618911,-1567.091009483207,-1114.398559246678,387.3002995112911,222.25664451671764,nothing
1761185139.262561,-1530.1183585212566,-1087.4525800659321,399.567171365954,255.0256479284726,nothing
1761185139.262561,-1500.588108471129,-1054.0664931614883,437.41121901758015,286.3099110578187,nothing
1761185139.276122,-1564.23372591706,-1133.6253849188797,395.42336221504956,198.16046910220757,nothing
1761185139.276122,-1542.0000206804834,-1099.2519644261338,389.91448958031833,233.11731398804113,nothing
1761185139.2919092,-1494.1106017478742,-1042.4877628986724,438.2489566076547,296.3814616384916,nothing
1761185139.2919092,-1549.483560491819,-1098.9565123296343,402.9405611259863,219.9715656437911,nothing
1761185139.2926643,-1575.580582382623,-1127.7163429888897,379.2482949066907,232.07762180035934,nothing
1761185139.2926643,-1512.540828729514,-1063.8612911454402,413.70025329850614,286.72877985285595,nothing
1761185139.3062224,-1521.744722520467,-1082.50843232451,433.04301586933434,254.97702922904864,nothing
1761185139.3062224,-1583.699905186426,-1145.7501405752264,387.09086511377245,199.24877998931333,nothing
1761185139.321892,-1523.00880870549,-1084.6663545989431,396.7398069994524,257.19105000281706,nothing
1761185139.321892,-1514.0629680114798,-1074.0599983246066,416.8268096614629,258.41399728832766,nothing
1761185139.3226078,-1577.0466231652535,-1143.5435996013694,375.5083949510008,181.70490929717198,nothing
1761185139.3226078,-1558.8071310813539,-1107.113234132994,380.7704341886565,241.95843748329207,nothing
1761185139.336118,-1504.436465525534,-1060.813272681553,434.93166534695774,277.6034239609726,nothing
1761185139.336118,-1553.619889842812,-1117.196004413534,408.10536296479404,219.65367414755747,nothing
1761185139.3518476,-1572.3418290209956,-1116.4293249226175,389.05431259050965,217.75754487002268,nothing
1761185139.3518476,-1524.265415090602,-1069.942368473392,408.5691105592996,265.549726403784,nothing
1761185139.352592,-1530.305353519041,-1075.6270164060406,412.91487430781126,244.82320084935054,nothing
1761185139.352592,-1589.5042299176566,-1139.4633687497117,373.5748666739091,191.8138588774018,nothing
1761185139.3661013,-1531.621798303444,-1074.6546424175613,401.84103053901345,265.6694032023661,nothing
1761185139.3661013,-1506.328854903113,-1059.631464295555,433.52546296361834,274.6264635962434,nothing
1761185139.381913,-1579.5224369359203,-1130.2519951588474,385.57246573176235,198.54193889768794,nothing
1761185139.381913,-1554.6670618304051,-1091.6562276161276,404.39538220874965,243.14772566920146,nothing
1761185139.3825572,-1505.7229911102913,-1045.8274935591035,437.4224387174472,286.8222773517482,nothing
1761185139.3825572,-1560.2507324642502,-1105.5013372520916,413.80123059730977,217.9744590674527,nothing
1761185139.3961802,-1594.1529255625792,-1131.3029070463963,357.66907216235995,209.38764876918867,nothing
1761185139.3961802,-1510.7830757503398,-1056.7442615297623,411.61712902318686,272.0758518264629,nothing
1761185139.4117815,-1523.5473542991094,-1086.3231302793138,419.7551513267681,246.30420123180375,nothing
1761185139.4117815,-1590.2783892084844,-1130.7307023531757,392.6259170481935,199.57789118541405,nothing
1761185139.4125144,-1533.11775828572,-1079.9092018553056,420.8995607132092,254.46466293511912,nothing
1761185139.4125144,-1512.1294397343881,-1058.8012065053917,419.7850705264136,262.53162713954225,nothing
1761185139.4261432,-1559.4915327732451,-1111.780629277695,381.0247473856434,204.9259481220506,nothing
1761185139.4261432,-1545.0069002448581,-1076.1954811993055,419.66539372783154,266.16306999651715,nothing
1761185139.4418051,-1495.9543724260293,-1049.1934035192244,452.6887103365734,303.7827236508019,nothing
1761185139.4418051,-1550.942121474538,-1108.7326108138077,421.25485120899975,208.50877227960154,nothing
1761185139.4426131,-1584.5974811757915,-1134.7585746054538,402.3384372331202,181.15140410372987,nothing
1761185139.4426131,-1533.888177676592,-1071.1989748585038,371.37954539991915,261.2937202542089,nothing
1761185139.4563713,-1531.0682931100018,-1076.371256497223,403.0714576244354,243.2823620676063,nothing
1761185139.4563713,-1580.3676543259062,-1128.99164887378,376.90337763447315,197.75655990699306,nothing
1761185139.471888,-1531.4796821051277,-1075.357743609231,391.06263886671513,273.4409153102897,nothing
1761185139.471888,-1463.5780585096218,-1032.0571819222532,515.2684562951326,268.3995301700197,nothing
1761185139.472505,-1579.7468309332617,-1141.8756042211317,394.02837953157723,263.9228699230589,nothing
1761185139.472505,-1565.2023600055836,-1097.0005446528085,362.9124119002372,258.7767675840296,nothing
1761185139.4862657,-1517.7205901681446,-1053.116558572743,403.4043087204918,257.2471485021524,nothing
1761185139.4862657,-1543.899889857974,-1090.6950733275153,424.8264556666836,232.11128089996055,nothing
1761185139.501835,-1572.360528520774,-1106.2754965429194,383.3659247579053,248.88847210118547,nothing
1761185139.501835,-1498.4975043958984,-1047.1775974431075,437.1307265209034,303.69670595182106,nothing
1761185139.5024977,-1535.275680560153,-1082.3139575268142,407.4621001724154,264.0724659212865,nothing
1761185139.5024977,-1533.4954881812446,-1098.9153734301217,451.2563286535442,246.12468603393063,nothing
1761185139.516165,-1532.4370964937843,-1065.708801723551,369.4310575230047,270.38541704649106,nothing
1761185139.516165,-1509.900459360797,-1061.47523497371,416.99884505942464,257.67349709710106,nothing
1761185139.5318272,-1581.8262153086253,-1120.9807831686921,382.27387397084385,224.36220819177106,nothing
1761185139.5318272,-1553.0065462500788,-1082.8375435206108,378.4068174166605,266.7352746897377,nothing
1761185139.5324888,-1497.454072308261,-1037.8166278540157,442.25812936015427,301.22463208111003,nothing
1761185139.5324888,-1539.628924108576,-1101.5707023986615,420.2637777207419,251.99632896436378,nothing
1761185139.5461366,-1583.5278697884642,-1117.8317874060012,393.6730890357867,217.2002997766249,nothing
1761185139.5461366,-1495.6364809297957,-1030.9202523357235,410.14734834060073,317.6128736869432,nothing
1761185139.5619273,-1530.5147879165597,-1081.0760506414808,414.43701358977705,231.3558211089112,nothing
1761185139.5619273,-1560.0038990671746,-1103.1676396797411,412.62690201122314,245.37296614283696,nothing
1761185139.5626004,-1541.9588817809708,-1074.86407681508,385.09001863747835,252.14966486254707,nothing
1761185139.5626004,-1513.7151573156007,-1052.346139181871,427.51544373482466,289.51126541988924,nothing
1761185139.576134,-1580.3377351262607,-1116.6798982196487,407.39104207325727,198.04827210353687,nothing
1761185139.576134,-1549.2816058942117,-1107.1955119320191,368.59331993293017,235.5332893594168,nothing
1761185139.5918477,-1498.3516482976265,-1047.4543500398286,418.7640778385103,293.72987256990746,nothing
1761185139.5918477,-1556.8175043049268,-1116.4068855228834,391.90411635674536,238.5738280233927,nothing
1761185139.592876,-1555.2766655231826,-1100.6432072096504,380.46002249233425,230.82101541524753,nothing
1761185139.592876,-1512.5969272288494,-1059.582845596131,412.13323521707207,280.1502958307974,nothing
1761185139.606249,-1536.5248071453534,-1077.1940344874747,413.91716749593616,246.5472947289236,nothing
1761185139.606249,-1573.1496474114247,-1124.481329527218,366.1773445615545,211.20150024769828,nothing
1761185139.6218116,-1536.939936040435,-1071.4196289558895,399.10342377144843,259.4761288757436,nothing
1761185139.6218116,-1508.1464462815784,-1053.7972203646787,443.9223848404363,265.82273910054937,nothing
1761185139.6226084,-1567.5435373778455,-1117.4540575104766,379.8167596999556,203.38510934030637,nothing
1761185139.6226084,-1554.5810441314243,-1097.6176281454973,386.8589913165197,250.2123966854997,nothing
1761185139.6362495,-1505.655672911089,-1049.4477167162113,432.32869497779757,264.27442051889375,nothing
1761185139.6362495,-1573.8003900037147,-1126.7514488003217,389.2226080885157,205.28123861784115,nothing
1761185139.651816,-1575.7488778806292,-1119.9523106808774,375.1792837549001,232.74332399247214,nothing
1761185139.651816,-1519.0856536519714,-1058.0794058139436,414.99425868317485,257.2172293025069,nothing
1761185139.6525846,-1536.8950572409667,-1089.5357043412514,420.3759747194126,233.9064328786917,nothing
1761185139.6525846,-1587.9147724364884,-1132.5408139317296,376.26385474205017,205.58417051425204,nothing
1761185139.6661932,-1534.490301569458,-1086.839236473199,384.82822564058006,246.51363562932238,nothing
1761185139.6661932,-1515.521528994199,-1049.3803985170089,429.74068420846015,262.2511346428655,nothing
1761185139.681897,-1579.4214596371166,-1130.7419220530428,387.71916830632836,203.94609433365986,nothing
1761185139.681897,-1566.2308324933983,-1100.9423992061056,377.0679332325235,232.45535169588402,nothing
1761185139.682609,-1507.293749091681,-1056.5610064319335,427.35462803673,266.2603073953651,nothing
1761185139.682609,-1558.2910248874687,-1095.788817067165,412.0509574180469,212.8620158280246,nothing
1761185139.69617,-1578.6286008465104,-1118.0898405029438,379.19967620726675,210.35628285771236,nothing
1761185139.69617,-1510.139812957961,-1060.7571741822176,424.6805995684117,286.2949514579959,nothing
1761185139.7118845,-1531.2552881077863,-1080.4851464484818,418.91367383673787,234.25050367461517,nothing
1761185139.7118845,-1576.6651533697732,-1129.171164071653,371.9629697930068,203.5197457387112,nothing
1761185139.7126527,-1525.0208748816513,-1055.7120491419919,411.95372001919895,275.2921657883562,nothing
1761185139.7126527,-1515.0802207994275,-1066.3894635154866,434.78206934873015,254.74515543179587,nothing
1761185139.7261305,-1578.7931564445607,-1121.8933187578805,385.4415692333132,204.51081922696903,nothing
1761185139.7261305,-1546.0914712320082,-1079.2958582625724,415.0466172825545,267.47951478092,nothing
1761185139.741871,-1498.1609133998863,-1047.207516642753,427.945532229729,283.58726389007643,nothing
1761185139.741871,-1551.050578573253,-1108.3511410183273,412.73535910993814,218.28487076377496,nothing
1761185139.7425747,-1578.2508709509857,-1121.2051771660335,377.49802172742784,204.9296880220063,nothing
1761185139.7425747,-1513.3411673200317,-1058.9620222034864,426.84600164275616,273.919622504618,nothing
1761185139.7561216,-1540.3806439996697,-1089.0121183474548,418.70049953926355,239.58734091138467,nothing
1761185139.7561216,-1577.5664692590944,-1107.655519626569,389.64147688355297,218.42698696209118,nothing
1761185139.771833,-1531.0196744105779,-1068.7156812879257,394.7501802230254,268.8819772643037,nothing
1761185139.771833,-1523.3042608019896,-1059.2724338998087,427.1713729389012,243.503016164992,nothing
1761185139.7726035,-1578.2920098504983,-1122.443084051367,395.5168597139418,216.00353179080412,nothing
1761185139.7726035,-1555.5459383199923,-1083.3985285139643,399.88132296223193,234.10464757634327,nothing
1761185139.7861586,-1512.9073389251716,-1056.3216528347693,428.60001472197473,249.18392419768497,nothing
1761185139.7861586,-1542.6058844733052,-1096.3460621605627,408.28487816266716,235.34255446167663,nothing
1761185139.8018768,-1584.1636527809314,-1128.1763506834395,383.044293361716,210.47969955625013,nothing
1761185139.8018768,-1510.9700707481243,-1049.6234920141287,443.52221554517746,262.8756979354657,nothing
1761185139.8025737,-1541.087485091295,-1100.3290556133725,398.5162594784051,240.73549019778147,nothing
1761185139.8025737,-1596.4380044355057,-1129.6012525665574,373.2494953777641,200.93921476928517,nothing
1761185139.8161275,-1533.600205380004,-1066.841991410125,393.1046242425218,270.7706267419271,nothing
1761185139.8161275,-1500.6516867703758,-1037.5735343568958,450.8860785579309,289.7169599174522,nothing
1761185139.8320398,-1567.1246685828082,-1114.9595442400314,411.32541682664305,212.1177757368423,nothing
1761185139.8320398,-1563.12297563022,-1091.2485785209574,369.45349692273885,244.49408965324983,nothing
1761185139.8326085,-1482.2999976878054,-1009.1764739933424,454.79053411167115,287.8657094393857,nothing
1761185139.8326085,-1542.4824677747674,-1091.9180206130259,419.32880273181945,225.36076147994027,nothing
1761185139.8468535,-1586.7684931000695,-1114.843607341405,363.1835546470247,236.44956484856084,nothing
1761185139.8476455,-1521.1145493779331,-1071.4532880554907,431.08891814248636,281.6425159131177,nothing
1761185139.8476455,-1506.6037375498563,-1073.6486093294807,464.0823155515827,250.2871946846135,nothing
1761185139.8611765,-1610.124168323353,-1165.9418604359962,360.1504957829602,226.07134247152135,nothing
1761185139.8611765,-1509.898589410819,-1053.5092480680905,442.54423170676455,283.1609152951278,nothing
1761185139.8768785,-1561.1277390038595,-1103.4556119763292,379.74383165081963,223.87228129757568,nothing
1761185139.8768785,-1594.14357581269,-1133.2813141229562,388.03144995262846,195.40042293490842,nothing
1761185139.8775167,-1579.3036527885124,-1133.0830994253047,363.5650244425051,239.81173490872607,nothing
1761185139.8775167,-1496.40503037069,-1055.240821747575,450.5625772117637,278.20928775379434,nothing
1761185139.8912292,-1562.4516635881737,-1118.3553733997978,436.2611997812055,230.21889152238145,nothing
1761185139.8912292,-1612.8206361914054,-1152.5118796951137,346.54099984420463,212.16639443626627,nothing
1761185139.9068491,-1528.5270310901105,-1073.3344577332027,401.3567134947516,280.1615155306645,nothing
1761185139.9068491,-1524.132648642175,-1062.8926570569165,458.169533721637,297.413674026262,nothing
1761185139.9075072,-1620.7641836972907,-1140.8321721334942,346.17074974859133,185.12691775662825,nothing
1761185139.9075072,-1542.0804285295308,-1061.7744269701652,401.9962363871746,287.94798723841086,nothing
1761185139.9211907,-1523.5941030485556,-1059.1041384018026,447.2752051507123,312.66872594552115,nothing
1761185139.9211907,-1625.4689778415486,-1175.123314827215,359.7465865877457,145.14364733034745,nothing
1761185139.9368343,-1548.3597205551341,-1072.7846924397163,395.4252321650274,295.02761785453185,nothing
1761185139.9368343,-1531.429193455726,-1067.8592441980727,408.37276581162587,246.79412812599912,nothing
1761185139.937528,-1577.9385893046856,-1114.2190440488048,393.86195398354903,256.9180373060517,nothing
1761185139.937528,-1604.985545784235,-1126.1867239070125,389.4526119357906,219.29090385185555,nothing
1761185139.9511158,-1559.108193027787,-1078.9181283670478,379.51943765347824,291.298937598709,nothing
1761185139.9511158,-1565.7016366496682,-1127.0095018972643,405.8707727412693,232.1673793992959,nothing
1761185139.9668152,-1602.3227370157838,-1133.4570894208737,378.726578862872,219.91172724450007,nothing
1761185139.9668152,-1537.1661999877542,-1060.0091941910796,421.1781832599081,295.8204766451381,nothing
1761185139.9676583,-1548.142806357704,-1108.934565411415,423.6203379309736,233.63716008188203,nothing
1761185139.9676583,-1609.750178327784,-1166.6674010274,360.58058427786455,199.6639088843949,nothing
1761185139.9811783,-1553.1954111978412,-1085.717266486492,416.1480178195052,267.2887798831798,nothing
1761185139.9811783,-1530.4792588669807,-1062.3728109630756,408.2830082126893,280.4906267267652,nothing
1761185139.9968598,-1599.6823676470667,-1134.2686477112584,393.52162308758125,215.01993810245767,nothing
1761185139.9968598,-1599.8618828449398,-1151.8835765025578,394.81188857229427,242.05567488214,nothing
1761185139.997743,-1544.309408903122,-1072.4817605433054,399.8345742127858,286.7175601529889,nothing
1761185139.997743,-1545.4463384896517,-1085.934180683922,442.3721963088028,242.1304728812538,nothing
1761185140.0111544,-1607.1359882587567,-1153.9667007778771,362.7160671525635,208.86406277539209,nothing
1761185140.0111544,-1539.0099706659093,-1068.8129186867736,411.34972617635503,287.3870022450574,nothing
1761185140.0268123,-1537.674826381728,-1078.589017170947,429.20400856481865,284.10337008396164,nothing
1761185140.0268123,-1598.2462460640818,-1141.1388439298607,378.66674046358094,205.49441291531548,nothing
1761185140.02757,-1576.3079929240048,-1128.53164117923,375.35692900279537,246.77168872626498,nothing
1761185140.02757,-1526.0437375195324,-1087.5124184652232,431.98649413185194,268.67628276674077,nothing
1761185140.0411708,-1592.7411133293062,-1157.9571740305983,380.58156924089417,184.79032676061615,nothing
1761185140.0411708,-1591.634102942422,-1144.5832917890511,396.0909343571402,229.6130277295597,nothing
1761185140.056808,-1538.6135412706062,-1087.658274563495,421.42875655693933,247.45983031811193,nothing
1761185140.056808,-1556.4192049596459,-1120.3636996760033,414.6520578372292,258.98246208159253,nothing
1761185140.0576303,-1591.1740952478722,-1128.8607523753308,402.2094106846489,240.3951593018137,nothing
1761185140.0576303,-1568.2634681193158,-1094.8089632787742,372.9446935313754,249.7636086908169,nothing
1761185140.0711887,-1530.2137259701267,-1086.947693571914,425.34443181054667,287.09529004851356,nothing
1761185140.0711887,-1587.34069779329,-1149.1272702352144,403.19300437299535,207.25590579444543,nothing
1761185140.0868087,-1494.6098783919588,-1041.287255012896,475.9938969104551,318.89939927170053,nothing
1761185140.0868087,-1600.1872541410848,-1140.5741190365516,344.68600946618244,228.18812584644184,nothing
1761185140.0877295,-1567.3958113295957,-1105.7519105491228,418.7360285888426,249.30360099626705,nothing
1761185140.0877295,-1615.3712479611859,-1150.3202983210795,345.0674792616628,187.63265072694048,nothing
1761185140.1011965,-1529.873395074159,-1088.1108024581335,435.84233098616824,301.72951857512817,nothing
1761185140.1011965,-1537.880520879291,-1097.8831610423513,491.589279725682,232.22347789863124,nothing
1761185140.1169703,-1626.815341825597,-1190.2661697478034,338.2907805419527,199.13284309068695,nothing
1761185140.1169703,-1530.7260922640562,-1052.0132880858146,387.4330659597181,347.75272742984816,nothing
1761185140.1176772,-1534.2602977221832,-1079.6361891585402,435.7039546878077,261.364778353367,nothing
1761185140.1176772,-1618.325768926181,-1181.0585360568948,363.06387784844264,173.78380119102076,nothing
1761185140.131214,-1569.7856074012816,-1108.9046462117694,387.30216946126893,263.57131932722405,nothing
1761185140.131214,-1488.8953112596646,-1031.541075728368,476.29308890691027,295.99625194305554,nothing
1761185140.1468318,-1561.3296936014667,-1130.0089016617276,429.0843317662366,277.24065366527066,nothing
1761185140.1468318,-1647.2239758837968,-1176.727731908206,320.9862634469755,219.42554025026038,nothing
1761185140.1475198,-1507.2245609425008,-1072.1077705477364,429.83231175737455,281.264786017593,nothing
1761185140.1475198,-1547.3873465666547,-1090.5379975293763,388.10998785169795,246.2481027324684,nothing
1761185140.161172,-1585.8596974108368,-1122.3907254519872,380.9779986361973,223.25519780488685,nothing
1761185140.161172,-1491.58055942785,-1039.406085335184,446.47486656019464,402.0710343862884,nothing
1761185140.176808,-1551.7966886144131,-1092.6323415045626,407.04136142740026,233.37910698493943,nothing
1761185140.176808,-1609.2864307332784,-1167.2059466210194,359.8662633863278,198.39608279941604,nothing
1761185140.1777413,-1498.0618060510606,-1071.763699751813,460.32745599607006,319.351927166339,nothing
1761185140.1777413,-1566.4720560405403,-1109.0205831103958,353.0820848667063,227.82161565078422,nothing
1761185140.1911955,-1564.8078005602583,-1112.9437381639145,420.75557456491515,254.44222353538498,nothing
1761185140.1911955,-1551.931325012818,-1109.850840900559,407.63600552035496,242.3137279790826,nothing
1761185140.2068048,-1544.0999745056033,-1091.94046001276,403.22292357264087,319.9951899587177,nothing
1761185140.2068048,-1524.8993281330913,-1066.153849818278,463.6372674568556,292.36854898603633,nothing
1761185140.2076943,-1570.0773195978254,-1157.7888785325922,419.442869680468,188.70974191417918,nothing
1761185140.2076943,-1574.9878082396463,-1126.3176204054616,328.97468975232914,179.53202742291614,nothing
1761185140.221151,-1595.9836065908894,-1132.8961044275202,352.663216071669,189.2221082081087,nothing
1761185140.221151,-1545.4500783896074,-1122.2710486534052,434.6605226001702,211.62784884264693,nothing
1761185140.2368844,-1574.3071464477107,-1112.1022606738843,387.6499801571481,280.7038010242395,nothing
1761185140.2368844,-1506.764553247951,-1043.4264777875505,463.1249011629261,303.2703573568724,nothing
1761185140.2375891,-1553.2477697972208,-1148.1100174472667,435.3449242920615,195.43782193446532,nothing
1761185140.2375891,-1624.728477650322,-1177.3747346005403,331.364485824015,173.79128099093214,nothing
1761185140.251145,-1576.3491318235174,-1095.1904330742545,359.72788708796725,255.82972641894594,nothing
1761185140.251145,-1512.3257844820619,-1133.849778916221,465.8737276303582,235.4285721606575,nothing
1761185140.2668884,-1570.395211094059,-1116.0927339266054,368.72982628131285,200.46798737486824,nothing
1761185140.2668884,-1567.5117482282221,-1098.6984592326917,381.6885796277784,268.64262366713956,nothing
1761185140.2675092,-1507.897742934525,-1073.10258393595,456.2360054445453,309.6394069814123,nothing
1761185140.2675092,-1550.2034912332892,-1136.3031532871537,401.7344433902763,210.5993763548322,nothing
1761185140.2812726,-1576.7006824193522,-1137.784153669607,369.7582987691276,229.51205043075606,nothing
1761185140.2812726,-1517.161475124769,-1054.7321953536011,439.72808704013005,244.40433205431327,nothing
1761185140.2968214,-1516.6752881305292,-1105.6509332503192,442.9032621025108,240.66817199857906,nothing
1761185140.2968214,-1611.1788201108575,-1153.2635995862074,353.1194838662632,198.16046910220757,nothing
1761185140.297544,-1516.0469849379733,-1080.3953888495453,419.67474347772077,295.36794875049964,nothing
1761185140.297544,-1538.9276928668842,-1116.133872826118,429.851011257153,256.372011912521,nothing
1761185140.311103,-1556.4229448596016,-1121.5417681620456,403.3164210715331,214.6010693074204,nothing
1761185140.311103,-1530.9617059612647,-1084.5990363997407,420.90143066318706,276.7432469711639,nothing
1761185140.3268468,-1513.361736769788,-1073.5027532312088,446.5721039590426,273.12676371401176,nothing
1761185140.3268468,-1602.1955804172903,-1170.418520682957,369.4067481732927,109.55849925195798,nothing
1761185140.3277135,-1611.8407824030146,-1133.9993749144487,296.7928506336175,204.05081153241917,nothing
1761185140.3277135,-1481.1873774509877,-1062.103538166266,498.45947594428435,330.71374323172495,nothing
1761185140.3410892,-1531.331956056878,-1102.5281167873181,439.25311974575743,253.85505924234167,nothing
1761185140.3410892,-1616.4483391484246,-1187.3939265818335,325.59382019238546,180.01447451720014,nothing
1761185140.35687,-1469.6759653873742,-1024.6447002100758,485.1753513016738,333.402731299866,nothing
1761185140.35687,-1525.2583585288376,-1111.6459928792901,452.66066108690575,214.79928400507197,nothing
1761185140.3575964,-1630.2971886843443,-1206.3851385568269,313.9515116303228,143.72248534718528,nothing
1761185140.3575964,-1531.2870772574097,-1062.3840306629427,402.3552667829208,269.0390530624427,nothing
1761185140.3711197,-1505.2012750664726,-1094.0909024872817,472.67660564975813,303.2740972568281,nothing
1761185140.3711197,-1629.7137642912567,-1165.9381205360405,326.6222926802002,163.15126561699435,nothing
1761185140.386911,-1500.8143724184483,-1091.8881014133804,433.8115653102286,253.75408194353804,nothing
1761185140.386911,-1538.9015135671943,-1081.749232633505,398.7724426253699,253.45862984703854,nothing
1761185140.3876452,-1572.698989466764,-1126.530794702936,415.9535430218093,225.83946867426857,nothing
1761185140.3876452,-1598.1153495656326,-1151.6704022050835,356.69482822390273,234.1719657755457,nothing
1761185140.4011319,-1502.0560192037374,-1065.4993673260324,427.064785790164,241.85372028453276,nothing
1761185140.4011319,-1521.309024175629,-1104.2484707669355,461.2399915852584,281.590157313738,nothing
1761185140.41685,-1511.854557087645,-1071.9843538491987,456.00039174733683,247.59446671651676,nothing
1761185140.41685,-1577.1906093135476,-1122.633818949107,336.4806689633988,213.01535172620788,nothing
1761185140.41756,-1556.886692454107,-1124.129778931383,440.7752590277232,213.70349331805483,nothing
1761185140.41756,-1609.1891933344305,-1159.853303308133,329.7712884428911,202.20704085426405,nothing
1761185140.4311013,-1579.6888624839485,-1105.579875151161,363.7744588400237,222.84006890980527,nothing
1761185140.4311013,-1500.444122322835,-1057.181829824578,443.7409996925853,280.939414721448,nothing
1761185140.4468925,-1544.2869695033878,-1102.9843845819123,424.2149820239283,248.70147710340098,nothing
1761185140.4468925,-1527.6032758010551,-1105.688332249876,477.47863719286397,290.599576306995,nothing
1761185140.4477642,-1553.3936258954927,-1106.690625438001,391.6815923093818,190.3702574945055,nothing
1761185140.4477642,-1565.87367204763,-1111.9414449757896,356.50035342620686,226.85298156226054,nothing
1761185140.4611795,-1635.2749955253676,-1177.763684195932,333.9487566933967,165.75423598615453,nothing
1761185140.4611795,-1508.971094221808,-1061.8567047691904,426.4477022974752,301.972612072248,nothing
1761185140.4768963,-1497.3661846593022,-1054.6199983549304,449.0778369293548,242.16039208089933,nothing
1761185140.4768963,-1611.208739310503,-1187.8015756770037,356.1936816298403,134.92624065140262,nothing
1761185140.4777,-1631.2396434731781,-1128.2735880822875,306.10894142324105,222.76527091069147,nothing
1761185140.4777,-1457.846661827527,-1019.7603908679448,495.12722508376464,340.0971522205509,nothing
1761185140.491269,-1614.1445607757196,-1154.2284937747754,340.0298340213485,142.48831836180761,nothing
1761185140.491269,-1580.2423676773906,-1119.9597904807888,407.5163287217729,227.13721395889297,nothing
1761185140.5069797,-1476.4825833067298,-1052.2526416829787,491.45090342732146,318.71240427391604,nothing
1761185140.5069797,-1571.311486583203,-1112.5959274680354,382.6796531160362,181.91434369469061,nothing
1761185140.5075464,-1608.1981198461726,-1144.7104483875446,348.7475408180617,216.7926506814547,nothing
1761185140.5075464,-1505.2947725653648,-1058.086885613855,402.6955976788886,304.18663284601644,nothing
1761185140.5211425,-1584.8274850230664,-1114.4995365454815,406.23728293692693,187.56907242769375,nothing
1761185140.5211425,-1600.811817433685,-1134.418243709486,375.9291336960159,227.4214463555254,nothing
1761185140.5369143,-1567.9455766230822,-1112.3042152714916,402.6881178789772,233.61846058210358,nothing
1761185140.5369143,-1502.0036606043577,-1058.2589210118167,439.9412613376044,294.0926428656094,nothing
1761185140.5376992,-1577.2018290134147,-1119.5932802851312,389.3852937365882,223.80870299832895,nothing
1761185140.5376992,-1615.6367808580399,-1158.3124645263888,334.05347389215603,151.04520946042612,nothing
1761185140.5511231,-1524.6076159365475,-1052.4396366807632,431.2235545408912,303.96223884867504,nothing
1761185140.5511231,-1541.0743954414502,-1089.7713180384599,418.91180388676,236.4308653487824,nothing
1761185140.5669208,-1596.279058687389,-1136.2545345877297,346.64571704296395,177.48256224719808,nothing
1761185140.5669208,-1550.4204054307193,-1079.0976435649209,387.1750128627755,248.32748710783198,nothing
1761185140.56754,-1533.6170349298045,-1061.69214917114,450.0913498173468,264.1771831200458,nothing
1761185140.56754,-1540.0010441541672,-1095.7177589680068,418.1152051961981,208.71820667712018,nothing
1761185140.5811863,-1577.452402310446,-1105.6434534504078,353.3700571632944,230.55548251839355,nothing
1761185140.5811863,-1488.4240838652477,-1025.3178822021,454.7138661625795,306.1201611231081,nothing
1761185140.5968544,-1603.3474696036428,-1135.4504560972564,346.9636085391976,180.2874872139655,nothing
1761185140.5968544,-1544.9302322957665,-1100.467431911733,429.20774846477434,258.97498228168115,nothing
1761185140.597639,-1512.901729075238,-1035.6886247792281,431.8555976334028,267.2476409836672,nothing
1761185140.597639,-1580.7397743714973,-1105.2171048554592,386.14654037496075,213.37064222199842,nothing
1761185140.6112137,-1571.6293780794367,-1120.8685861700214,399.04545532213524,226.5350900660269,nothing
1761185140.6112137,-1540.2665770510212,-1054.1562507604249,392.4557516002096,267.0382065861486,nothing
1761185140.6268997,-1566.7675081370398,-1095.6392210689373,400.6984911025502,199.68634828412905,nothing
1761185140.6268997,-1571.8238528771326,-1120.8311871704645,406.1063864384778,193.20510166091844,nothing
1761185140.627699,-1572.4184969700873,-1103.13398058014,376.43776008998975,227.59348175348714,nothing
1761185140.627699,-1513.904022263363,-1072.5004600430839,439.0810843477957,258.11480529187247,nothing
1761185140.6575797,-1561.2249764027074,-1123.1835842425935,413.90781774604693,211.7886645407416,nothing
1761185140.6575797,-1611.8819213025272,-1166.487885829527,335.2577216778882,173.1031393990852,nothing
1761185140.6583612,-1498.5592127451673,-1019.0049310768954,446.7216999572702,319.4641241650097,nothing
1761185140.6583612,-1596.1257227892056,-1128.3932648808695,375.1549744051881,136.6017158315517,nothing
1761185140.6589713,-1593.769585817121,-1149.9201290258206,383.21819870965555,179.12437832774594,nothing
1761185140.6589713,-1527.9024677975103,-1071.0680783600546,453.03091118251905,243.0953670698218,nothing
1761185140.6712222,-1522.3038375638425,-1055.9551426391117,404.4720501578413,250.71728317951784,nothing
1761185140.6712222,-1610.3111633211374,-1162.0748038818128,362.9255015500821,192.26638677204028,nothing
1761185140.6868172,-1557.227023350075,-1103.1975588793866,384.0596761996858,250.01044208789244,nothing
1761185140.6868172,-1501.6072312090546,-1045.4684631633572,421.5484333555214,298.1878333170898,nothing
1761185140.6875336,-1555.102760175243,-1108.0743884216063,407.52380852168426,178.89250453049317,nothing
1761185140.6875336,-1591.2900321464986,-1114.6491325437091,373.03071123035625,222.24542481685057,nothing
1761185140.7012095,-1532.984991837293,-1064.6391903362237,421.83640565210953,280.90575562184677,nothing
1761185140.7012095,-1505.2162346662953,-1063.599498148542,455.2785910558887,237.63885303447023,nothing
1761185140.716966,-1609.110655435361,-1159.21378041571,360.8573368745856,185.51960725197569,nothing
1761185140.716966,-1549.362013743259,-1065.1739960298873,404.7301032547839,252.53861445793882,nothing
1761185140.7176938,-1506.4055228522047,-1060.379444286693,460.5032312939875,264.60353171499446,nothing
1761185140.7176938,-1580.5602591736242,-1128.5129416794516,389.2693568379618,187.6289108269848,nothing
1761185140.7312095,-1557.0512480521575,-1088.297797455918,408.3652860117145,225.82076917449012,nothing
1761185140.7312095,-1520.826577081345,-1071.2662930577062,423.57171923154965,296.9835855313577,nothing
1761185140.7468908,-1531.223498958163,-1079.6436689584516,423.16407013637945,223.494551402051,nothing
1761185140.7468908,-1633.3938258476555,-1164.677774250973,337.34832575311884,180.26878771418706,nothing
1761185140.7475755,-1514.3789895577356,-1051.4822222921066,420.4339431687258,273.594251208473,nothing
1761185140.7475755,-1548.4494781540707,-1101.5557427988388,422.78634024085477,246.49493612954393,nothing
1761185140.7611372,-1587.1013441961259,-1120.4721567747183,379.3548820554279,186.03945334581658,nothing
1761185140.7611372,-1547.383606666699,-1085.0328647946008,395.9001994594,243.23374336818233,nothing
1761185140.7769625,-1511.96301418636,-1072.1077705477364,457.3168365317397,253.04350095195696,nothing
1761185140.7769625,-1580.0628524795175,-1127.723822788801,386.40459347190335,181.49921479960904,nothing
1761185140.7776918,-1574.4754419457167,-1104.4429455646314,367.570457295049,253.56708694575354,nothing
1761185140.7776918,-1479.2613289738074,-1044.1894173785113,471.5471558631398,276.31315847625956,nothing
1761185140.7912228,-1600.6771810352802,-1143.390263703186,377.17452038126066,208.69950717734173,nothing
1761185140.7912228,-1577.7815135065466,-1118.5386284976266,383.5398301058449,212.33468993427232,nothing
1761185140.8068388,-1502.7254612958059,-1054.3656851579435,425.75956070562825,276.7357671712525,nothing
1761185140.8068388,-1535.84227540344,-1100.3327955133282,452.6008226876147,233.25569028640166,nothing
1761185140.807626,-1604.248785492964,-1154.0751578765921,359.6007304894738,176.15489776292816,nothing
1761185140.807626,-1534.5744493184611,-1088.828863249626,415.53467422677204,256.33835281291977,nothing
1761185140.8211591,-1528.5906093893573,-1075.1370895118453,443.2585525983013,245.33556714328006,nothing
1761185140.8211591,-1551.9687240123749,-1126.4559967038222,405.56784084485844,212.83957642829046,nothing
1761185140.8368847,-1548.3709402550012,-1104.603761262726,400.0552283101715,240.82150789676234,nothing
1761185140.8368847,-1508.5896244263276,-1059.5978051959537,418.94546298636124,254.0607537399046,nothing
1761185140.83761,-1556.6996974563226,-1125.371425716672,420.9612690624781,211.29499774659052,nothing
1761185140.83761,-1587.243460394442,-1144.6244306885637,376.3480024910532,218.44194656191394,nothing
1761185140.8518236,-1515.2410364975221,-1054.6237382548861,426.7768134935759,270.68834894290194,nothing
1761185140.8525724,-1542.1234373790212,-1106.4026531414129,425.90915670385584,231.4567984077148,nothing
1761185140.8525724,-1604.310493842233,-1164.7076934506185,373.55429722415283,171.23692932119593,nothing
1761185140.8661711,-1506.220397804398,-1051.3401060937904,441.95706741372123,303.8612615498714,nothing
1761185140.8661711,-1529.4339568293653,-1093.859028690029,426.2494875998236,235.7950823563151,nothing
1761185140.8818913,-1583.494210688863,-1140.6750963353552,408.3652860117145,187.09036523336545,nothing
1761185140.8818913,-1520.5778737342916,-1066.602637812961,413.2421155539341,268.7847398654558,nothing
1761185140.8825788,-1502.3944801497273,-1079.9839998544194,434.9746741964482,256.53282761061564,nothing
1761185140.8825788,-1579.731871333439,-1131.18697014777,378.5321040651761,192.80493236565962,nothing
1761185140.8961418,-1591.7257304913364,-1148.3755503441207,370.92140765534714,201.93776805745438,nothing
1761185140.8961418,-1499.492317784112,-1042.323207300622,450.3381832144223,285.1617617714219,nothing
1761185140.9118707,-1547.179782119114,-1111.3879397823475,427.12836408941075,241.82754098484293,nothing
1761185140.9118707,-1568.5794896655716,-1125.8463930110447,386.1727196746506,199.4432547870092,nothing
1761185140.912624,-1533.4094704822637,-1078.0055927778594,397.66917213844135,266.0022542984225,nothing
1761185140.912624,-1507.7313173864968,-1067.0439460077323,440.4199685319327,253.20057675009593,nothing
1761185140.9262989,-1577.5627293591388,-1139.7812602459453,383.62584780482575,198.1529893022962,nothing
1761185140.9262989,-1555.8900091159157,-1092.108755510766,412.89430485805497,251.99632896436378,nothing
1761185140.9418495,-1494.4471927438863,-1058.0719260140322,440.5994837298058,272.5246398211457,nothing
1761185140.9418495,-1554.6296628308482,-1118.1309794024564,404.5094491573982,215.37148869829252,nothing
1761185140.9425464,-1562.580690136645,-1114.3349809474312,393.8282948839478,215.4575063972734,nothing
1761185140.9425464,-1522.6535182096995,-1066.5614989134483,418.75098818866536,266.76145398942754,nothing
1761185140.9561841,-1536.6070849443786,-1098.0327570405789,427.57715208409354,240.48117700079456,nothing
1761185140.9561841,-1586.1121406578459,-1149.639636529144,389.44513213587925,199.26747948909178,nothing
1761185140.9719236,-1514.665091904346,-1069.6955350763164,432.371703827288,279.76882603531703,nothing
1761185140.9719236,-1529.81168672489,-1087.9537266599946,412.5464941621758,244.1761981570162,nothing
1761185140.972601,-1565.2247994053178,-1136.0151809905656,390.1669328273274,192.43094237009063,nothing
1761185140.972601,-1536.9249764406122,-1097.101521951612,409.63685199664906,248.59675990464166,nothing
1761185140.9861047,-1503.4528718371876,-1053.1015989729203,443.4455475960858,280.0680180317722,nothing
1761185140.9861047,-1576.8521483675577,-1137.649517271202,405.16019174968824,203.65812203707173,nothing
1761185141.0018096,-1550.351217281539,-1124.8366200230084,403.97464346373454,231.55777570651844,nothing
1761185141.0018096,-1512.600667128805,-1054.7658544532023,422.64048414258286,293.03051127819344,nothing
1761185141.002661,-1553.6049302429892,-1109.8097020010464,431.50778693752363,237.30226203845814,nothing
1761185141.002661,-1580.322775526438,-1130.195896659512,397.70657113799825,222.33518241578713,nothing
1761185141.016189,-1519.657858345192,-1069.6431764769368,418.4368365923874,265.5459865038283,nothing
1761185141.016189,-1511.9948033359833,-1073.1287632356398,444.7769519803114,248.99692919990048,nothing
1761185141.0319772,-1571.1824600347318,-1130.1023991606198,386.88704056618735,197.73412050725892,nothing
1761185141.0319772,-1540.2235682015307,-1084.1876474046148,392.246317202691,243.51797576481476,nothing
1761185141.0325863,-1503.1835990403779,-1061.860444669146,452.40634788991883,270.9950207392685,nothing
1761185141.0325863,-1570.636434641201,-1131.0934726488777,402.7255168785341,207.66729478957132,nothing
1761185141.046307,-1558.059151090216,-1111.4477781816386,396.0236161579378,222.54461681330577,nothing
1761185141.046307,-1508.1539260814898,-1049.6234920141287,419.2895337822847,274.61150399642065,nothing
1761185141.0618503,-1539.6364039084874,-1095.43726647133,415.42621712805703,226.6435471647419,nothing
1761185141.0618503,-1582.372240702156,-1152.8409908912145,379.36984165525064,200.2622928773053,nothing
1761185141.0625572,-1520.0655074403621,-1064.2315412410535,420.8490720638074,278.7814924470149,nothing
1761185141.0625572,-1528.2259691436775,-1076.2403599987738,438.50887965457514,259.64068447379395,nothing
1761185141.076168,-1582.6415134989657,-1137.8365122689866,384.1269943988882,204.27146562980488,nothing
1761185141.076168,-1529.9762423229404,-1093.0886092991568,406.48785623395815,243.1664251689799,nothing
1761185141.0918927,-1513.1653920221142,-1059.2238152003847,432.154789629858,278.9946667444892,nothing
1761185141.0918927,-1557.636542395223,-1121.8185207587667,409.7004302958958,212.33095003431663,nothing
1761185141.0926828,-1552.2473465590738,-1112.816581565421,398.9182987236418,233.2444705865346,nothing
1761185141.0926828,-1513.3336875201203,-1043.5835535856895,428.2652936759405,276.09250437887385,nothing
1761185141.1062057,-1522.6572581096552,-1096.5779359578155,433.1159439184703,236.37476684944704,nothing
1761185141.1062057,-1584.7508170739748,-1138.1357042654417,376.8192298854701,210.80881075235084,nothing
1761185141.1218708,-1506.0820215060376,-1066.7410141113214,421.86258495179936,281.13762941909954,nothing
1761185141.1218708,-1503.6660461346619,-1060.8506716811098,447.81001084437594,278.9984066444449,nothing
1761185141.1225915,-1568.7141260639764,-1136.093718889635,403.23414327250794,213.9391070152633,nothing
1761185141.1225915,-1538.604191520717,-1084.980506195221,403.52585546905175,252.4712962587364,nothing
1761185141.1361463,-1509.7620830624364,-1074.246993322391,436.54169227788225,266.69039589026943,nothing
1761185141.1361463,-1547.071325020399,-1110.7596365897916,417.5504803028889,231.30720240948722,nothing
1761185141.151942,-1577.7497243569233,-1126.5756735024042,395.7244241614826,236.1279334523715,nothing
1761185141.151942,-1502.2860230510123,-1052.4209371809848,441.0108727249317,275.9915270800702,nothing
1761185141.1526206,-1540.3731641997583,-1100.0859621162526,430.46809474984184,232.30201579770073,nothing
1761185141.1526206,-1570.397081044037,-1115.5616681328975,401.7718423898332,229.13806043518707,nothing
1761185141.1661775,-1521.1575582274236,-1066.1837690179236,409.203023601789,269.5813385560177,nothing
1761185141.1661775,-1513.1541723222472,-1069.5608986779116,442.7424464044161,254.9134509298019,nothing
1761185141.181874,-1577.8806208553724,-1134.4257235093974,409.3563594999723,212.0429777377285,nothing
1761185141.181874,-1539.4942877101712,-1085.3170971912332,412.72226946009323,261.1852631554939,nothing
1761185141.1825879,-1505.4350188137032,-1059.436989497859,444.2982447859831,286.72503995290026,nothing
1761185141.1825879,-1565.112602406647,-1121.9868162567727,406.34200013568625,224.7960365866311,nothing
1761185141.212583,-1548.6495628017,-1116.1376127260737,396.1993914558552,239.19465141603723,nothing
1761185141.212583,-1495.3634682330303,-1046.9494635458104,439.64954914106056,291.65048819454387,nothing
1761185141.2132833,-1547.9352419101633,-1100.1869394150563,440.7079408285208,226.96891846088693,nothing
1761185141.2132833,-1586.1121406578459,-1132.5146346320398,397.40363924158737,222.8288492099382,nothing
1761185141.2139993,-1508.3596205790527,-1051.007254997734,429.0095337671228,277.91383565729484,nothing
1761185141.2139993,-1535.1036451621912,-1082.4037151257508,422.7826003408991,261.2937202542089,nothing
1761185141.2262168,-1569.540643954184,-1149.7144345282577,392.21639800304547,202.61468994943425,nothing
1761185141.2262168,-1542.3366116764955,-1083.1404754170217,411.8433929705061,273.5643320088275,nothing
1761185141.2418516,-1508.198804880958,-1074.2619529222138,441.4110420201905,265.2131354077719,nothing
1761185141.2418516,-1564.5890164128505,-1141.2660005283542,407.2096569254063,215.33408969873562,nothing
1761185141.2425935,-1563.7176197231747,-1112.8951194644906,382.85168851399794,229.97205812530592,nothing
1761185141.2425935,-1512.7053843275644,-1071.6851618527435,437.39064956782386,268.2611538716592,nothing
1761185141.2562168,-1556.3799360101111,-1106.110940944869,431.0851782425307,238.25967642711475,nothing
1761185141.2562168,-1586.0036835591309,-1144.2504406929947,378.6480409638025,197.39004971133545,nothing
1761185141.271905,-1524.0036220937036,-1081.3079244387336,406.9254245287739,260.2203689669259,nothing
1761185141.271905,-1531.453502805438,-1104.2858697664924,428.64302357146516,242.59422047575936,nothing
1761185141.272548,-1589.8445608136244,-1150.567131718155,386.7673637676053,194.90675614075735,nothing
1761185141.272548,-1564.4356805146672,-1119.3875857875682,396.7603764492087,239.26196961523965,nothing
1761185141.2861316,-1508.198804880958,-1067.0140268080868,427.09844488976523,278.17188875423744,nothing
1761185141.2861316,-1592.2156573855318,-1142.3243922158144,390.58954152232036,186.4732817406766,nothing
1761185141.3018177,-1602.7958343601786,-1138.3189593632706,367.98932609008625,201.7844321592711,nothing
1761185141.3018177,-1475.9945263625123,-1050.8726185993291,454.14914126927033,298.3374293153174,nothing
1761185141.30262,-1550.4521945803426,-1132.0321875377558,418.83326598769054,196.24938022485003,nothing
1761185141.30262,-1587.1742722452618,-1170.358682283666,381.8007766264491,189.5138204046525,nothing
1761185141.3162231,-1513.0793743231334,-1062.2045154650696,427.2929196874611,284.31280448148027,nothing
1761185141.3162231,-1517.511155770626,-1081.364022938069,445.55111127113923,255.98306231712922,nothing
1761185141.3317933,-1581.9421522072516,-1145.162976282183,389.460091735702,203.16071534296498,nothing
1761185141.3317933,-1545.4968271390535,-1108.957004811149,395.21953766746446,241.7976217851974,nothing
1761185141.3325844,-1483.717419771012,-1055.1174050490372,447.4622001484968,300.1176216942258,nothing
1761185141.3325844,-1554.1397359366529,-1103.638867074158,413.4440701515414,243.8059480614029,nothing
1761185141.346217,-1581.938412307296,-1127.8771586869843,372.21167314006016,221.98737171990797,nothing
1761185141.346217,-1508.258643280249,-1057.2977667232044,423.2276484356262,285.9022619626485,nothing
1761185141.3618567,-1542.1421368787996,-1099.6745731211267,429.8584910570644,242.7288568741642,nothing
1761185141.3618567,-1588.6029140283354,-1147.7360274516977,374.0816231179051,205.6739281131886,nothing
1761185141.362564,-1524.1756574916653,-1073.3007986336015,429.08807166619226,283.9014154863544,nothing
1761185141.362564,-1527.7958806487732,-1087.9350271602161,429.49946066131815,254.19165023835376,nothing
1761185141.376214,-1581.9346724073403,-1154.6099635702558,382.8217693143524,191.7727199778892,nothing
1761185141.376214,-1542.8639375702478,-1093.0212910999544,399.23245031991974,266.05461289780214,nothing
1761185141.3918896,-1509.406792566646,-1067.0813450072892,443.6774213933386,270.8229853413068,nothing
1761185141.3918896,-1559.057704378385,-1139.253934352193,411.8359131705947,197.12451681448147,nothing
1761185141.3926141,-1560.8939952566288,-1123.1125261434354,393.9517115824856,217.33867607498541,nothing
1761185141.3926141,-1506.9347186959349,-1061.5986516722478,429.69019555905834,286.43706765631214,nothing
1761185141.4062643,-1516.037635188084,-1113.6206600558944,419.8131197760813,233.47260448383167,nothing
1761185141.4062643,-1580.6631064224057,-1147.418135955464,371.3440163503401,193.64266995573416,nothing
1761185141.4217844,-1532.6128717917018,-1077.986893278081,411.68257727241144,268.4705882691778,nothing
1761185141.4217844,-1529.052487033885,-1106.4437920409255,440.259152833838,240.55597499990836,nothing
1761185141.4225929,-1573.374041408766,-1142.2869932162575,408.97862960444763,215.5996225955896,nothing
1761185141.4225929,-1544.6366501492448,-1114.664092143532,396.3078485545702,235.0919811646454,nothing
1761185141.4360745,-1510.068754858803,-1070.3724569682963,437.4841470667161,278.8226313465275,nothing
1761185141.4360745,-1584.3469078787602,-1151.8386977030896,387.470464959275,200.27351257717237,nothing
1761185141.451893,-1554.7792588290758,-1121.369732764084,395.70946456165984,234.88254676712677,nothing
1761185141.451893,-1538.4284162227996,-1095.3250694726594,408.8103341064416,257.08633280405775,nothing
1761185141.4525735,-1544.3898167521693,-1112.7006446667947,429.1479100654833,236.0232162536122,nothing
1761185141.4525735,-1590.9403515006416,-1157.0147192417644,378.73779856273904,199.0393455917947,nothing
1761185141.4661453,-1518.4049918600358,-1070.4322953675874,434.21173460548744,299.0891492064111,nothing
1761185141.4661453,-1530.4175505177118,-1083.6117028114386,423.2276484356262,251.7345359674655,nothing
1761185141.481845,-1560.2582122641616,-1131.9611294385977,405.8109343419783,215.3453093986027,nothing
1761185141.481845,-1542.1832757783122,-1107.9734111228026,398.8061017249711,275.43428198667243,nothing
1761185141.4825983,-1516.0488548879512,-1069.4524415791966,444.0401916890405,275.28468598844483,nothing
1761185141.4825983,-1552.60637695482,-1124.118559231516,422.27023404696956,235.04336246522143,nothing
1761185141.4961615,-1578.838035244029,-1124.4775896272622,378.07583627058193,220.54003043705598,nothing
1761185141.4961615,-1498.4825447960757,-1052.9557428746484,425.340691910591,301.7893569744192,nothing
1761185141.5118754,-1538.3648379235528,-1097.3221760489978,418.2984602940269,246.74176952661946,nothing
1761185141.5118754,-1579.4812980364077,-1140.6863160352223,377.5746896765195,208.88276227517053,nothing
1761185141.5125618,-1519.332487049047,-1082.8151041208766,419.86547837546095,274.57784489681944,nothing
1761185141.5125618,-1521.1089395279996,-1079.374396161642,437.54772536596283,259.56588647468016,nothing
1761185141.5261,-1556.4135951097123,-1145.8585976739414,410.9233775814064,215.98857219098136,nothing
1761185141.5261,-1539.8757575056516,-1083.9520337074064,396.6893183500506,268.97547476319596,nothing
1761185141.5418239,-1519.1417521513067,-1071.7337805521674,435.8460708861239,275.46420118631795,nothing
1761185141.5418239,-1575.580582382623,-1140.5591594367288,409.4386372989975,215.20319320028648,nothing
1761185141.5426395,-1566.6497012884356,-1115.6102868323214,400.1075869095512,252.994882252533,nothing
1761185141.5426395,-1503.4640915370546,-1065.2674935287796,438.98384694894776,276.39169637532905,nothing
1761185141.556134,-1533.5590664804913,-1112.7156042666174,433.01870651962236,232.18981879903004,nothing
1761185141.556134,-1570.0604900480248,-1123.4117181398906,394.0265095815994,224.06675609527156,nothing
1761185141.5719564,-1515.9628371889703,-1053.419490469154,428.0820385781117,290.95860670274124,nothing
1761185141.5719564,-1509.489070365671,-1083.824877108913,441.46340061957017,253.92611734149978,nothing
1761185141.5725539,-1577.0129640656523,-1139.9009370445274,395.9862171583809,207.09882999630645,nothing
1761185141.5725539,-1525.7426755730994,-1091.5926493168809,417.27746760612354,276.4926736741327,nothing
1761185141.5861936,-1501.1116944649257,-1064.9196828329004,451.8678022962995,285.54323156690225,nothing
1761185141.5861936,-1565.1462615062483,-1130.558666955214,401.2519962959923,215.61832209536806,nothing
1761185141.6018348,-1545.0405593444593,-1110.6399597912095,391.3973599127494,244.4342512539588,nothing
1761185141.6018348,-1507.1553727933206,-1059.7773203938268,427.1807226887904,287.3683027452789,nothing
1761185141.6026435,-1544.1953419544734,-1112.8689401648007,413.04390085628256,232.45535169588402,nothing
1761185141.6026435,-1566.1560344942845,-1134.6314180069603,388.37178084859625,223.37861450342461,nothing
1761185141.616168,-1522.4104247125797,-1073.585031030234,434.60816400079057,287.02049204939976,nothing
1761185141.616168,-1506.9721176954918,-1085.7584053860046,456.3407226433046,263.97522852243856,nothing
1761185141.6319094,-1610.4401898696087,-1153.9629608779214,375.2634315039031,192.5543590686284,nothing
1761185141.6319094,-1539.7822600067593,-1083.0095789185725,401.8316807891242,266.13315079687163,nothing
1761185141.632586,-1501.0219368659891,-1068.1135573950596,446.39632866112515,275.91298918100074,nothing
1761185141.632586,-1572.4876851192676,-1138.543353360612,412.7671482595615,208.6396687780507,nothing
1761185141.6461325,-1564.7909710104577,-1131.8040536404587,382.15232722228393,218.236252064351,nothing
1761185141.6461325,-1502.1139876530506,-1070.522052966524,429.3610843629576,283.194574394729,nothing
1761185141.6619096,-1553.9303015391342,-1111.9713641754352,419.334412581753,231.88688690261915,nothing
1761185141.6619096,-1580.8613211200573,-1146.116650770884,380.6152283404954,194.82821824168786,nothing
1761185141.6626933,-1522.8218137077056,-1094.8987208777107,414.1022925437428,261.34607885358855,nothing
1761185141.6626933,-1525.735195773188,-1089.52822454134,434.98963379627094,240.93370489543304,nothing
1761185141.6761348,-1588.210224532988,-1154.9540343661793,385.866047878284,186.0357134458609,nothing
1761185141.6761348,-1548.8702168990858,-1117.7831687065773,386.4345126715489,233.78301618015394,nothing
1761185141.69191,-1508.5914943763055,-1086.3493095790036,427.65568998316303,241.947217783425,nothing
1761185141.69191,-1572.626061417628,-1142.8928570090793,399.34464731859043,199.88082308182493,nothing
1761185141.6925516,-1565.004145307932,-1120.5432148738764,381.2323118331842,227.55608275393024,nothing
1761185141.6925516,-1506.1792589048855,-1061.7033688710071,428.64676347142085,271.4438087339513,nothing
1761185141.722556,-1550.6354496781714,-1125.2779282177798,415.2429620302282,210.36376265762374,nothing
1761185141.722556,-1581.0408363179304,-1135.0353272021748,389.10480123991147,205.13538251956925,nothing
1761185141.7233744,-1521.236096126493,-1070.6155504654162,436.4930735784583,271.2268945365213,nothing
1761185141.7233744,-1532.126684797462,-1098.0402368404903,448.8272636323236,234.54969567107037,nothing
1761185141.7239783,-1581.6541799106635,-1148.9253156376071,399.45310441730544,201.10751026729122,nothing
1761185141.7239783,-1532.0818059979938,-1081.3116643386893,409.12448570271954,262.01926084561273,nothing
1761185141.736205,-1513.131732922513,-1092.0189979118295,423.93822942720726,252.96122315293178,nothing
1761185141.736205,-1558.7884315815754,-1146.8908100617118,406.3980986350216,194.1101574501954,nothing
1761185141.7518473,-1567.5884161773138,-1111.6983514786698,390.19311212701723,227.82161565078422,nothing
1761185141.7518473,-1522.2084701149724,-1075.9523877021857,429.31246566353366,278.9647475448437,nothing
1761185141.7526295,-1555.1794281243347,-1109.3758736061864,413.8816384463571,231.4567984077148,nothing
1761185141.7526295,-1585.771809761878,-1152.7400135924108,378.66300056362525,204.3799227285199,nothing
1761185141.766209,-1506.994557095226,-1055.517574344296,422.75268114125356,302.2830237685703,nothing
1761185141.766209,-1533.3384123831056,-1098.4815450352617,425.7371213058941,244.56514775240794,nothing
1761185141.7818894,-1567.3827216797508,-1133.621645018924,399.74481661384925,213.39682152168825,nothing
1761185141.7818894,-1522.070093816612,-1089.722699339036,413.2084564543329,270.68460904294625,nothing
1761185141.7825236,-1505.6743724108674,-1076.1805215994827,431.83689813362435,252.35161946015432,nothing
1761185141.7825236,-1583.0155034945346,-1162.9574202713557,399.93555151158944,183.74315477302298,nothing
1761185141.7961893,-1547.071325020399,-1106.9150194353424,407.04510132735595,262.8831777353771,nothing
1761185141.7961893,-1510.0350957592018,-1070.1144038713537,443.35205009719357,273.6279103080742,nothing
1761185141.81185,-1532.8110864893533,-1113.239190260414,418.45927599212155,230.24507082207128,nothing
1761185141.81185,-1571.059043336194,-1136.819259481039,386.240037873853,223.30007660435513,nothing
1761185141.8125713,-1534.5015212693252,-1090.9306870247237,412.12388546718284,260.2241088668816,nothing
1761185141.8125713,-1527.0666001574136,-1089.8797751371749,428.94221556792036,255.9942820169963,nothing
1761185141.826133,-1568.5233911662363,-1151.9508947017603,379.95700594829395,206.380769204814,nothing
1761185141.826133,-1553.825584340375,-1109.2150579080917,395.10734066879377,241.51712928852066,nothing
1761185141.8418677,-1513.8946725134738,-1071.1578359589912,437.8132582628168,264.801746412646,nothing
1761185141.8418677,-1561.7504323464818,-1119.282868588809,404.5917269564234,226.51265066629276,nothing
1761185141.8425205,-1563.8784354212694,-1138.7415680582635,382.9339663130231,212.6002228311263,nothing
1761185141.8425205,-1517.8253073669039,-1053.576566267293,450.36436251411214,291.61308919498697,nothing
1761185141.8569727,-1549.8781199371442,-1111.466477681417,420.0618231231347,229.28765643341467,nothing
1761185141.8575726,-1577.4486624104902,-1148.1773356464691,369.1318655265495,199.2637395891361,nothing
1761185141.8575726,-1496.4835682697594,-1047.4693096396513,425.4210997596383,294.9079410559498,nothing
1761185141.8712196,-1537.8132026800886,-1102.2588439905085,419.02587083540857,224.7960365866311,nothing
1761185141.8712196,-1559.1979506267235,-1129.3244999698363,415.29719057958573,216.21670608827844,nothing
1761185141.886889,-1543.8419214086607,-1101.9933110936545,394.26025332883,243.30480146734044,nothing
1761185141.886889,-1510.2763193063438,-1068.7792595871724,447.0639008032158,278.84133084630594,nothing
1761185141.8875437,-1580.2161883777007,-1147.335858156439,394.959614620544,176.82059995504096,nothing
1761185141.8875437,-1571.4984815809876,-1123.7109101363458,382.8161594644189,219.61627514800057,nothing
1761185141.9011889,-1501.8503247061744,-1066.8120722104795,434.168725755997,269.60751785570756,nothing
1761185141.9011889,-1551.362860219553,-1123.116266043391,416.6510343635455,213.40056142164394,nothing
1761185141.9169247,-1586.4019829044119,-1146.3560043680482,375.5495338505134,191.47352798143402,nothing
1761185141.9169247,-1521.7765116700903,-1080.084977153223,409.9790528425947,266.61185799119994,nothing
1761185141.9176247,-1524.263545140624,-1091.8581822137348,426.40095354802907,250.2497956850566,nothing
1761185141.9176247,-1581.9963807566091,-1151.7526800041087,387.8164057051763,191.68670227890834,nothing
1761185141.9311936,-1540.737804445438,-1093.907647389453,395.5879178130999,248.1030931104906,nothing
1761185141.9311936,-1509.2590665183961,-1061.306939475704,451.00949525646865,263.6648168261163,nothing
1761185141.9469767,-1569.1273850090802,-1138.2853002636693,399.69058806449175,194.72350104292855,nothing
1761185141.9469767,-1571.3675850825384,-1128.8121336759068,387.5471329083666,226.1311808708124,nothing
1761185141.9476182,-1511.2449533948675,-1059.822199193295,420.8322425140068,273.75506690656766,nothing
1761185141.9476182,-1550.3044685320929,-1115.8272010297514,413.0794299058616,217.57428977219388,nothing
1761185141.9611735,-1576.0798590267077,-1140.6676165354438,376.615405337885,198.20160800172016,nothing
1761185141.9611735,-1509.2515867184848,-1082.605669723358,428.4541586237028,268.9530353634618,nothing
1761185141.9769485,-1514.7828987529501,-1082.2167201279663,426.9394991416484,247.58698691660538,nothing
1761185141.9769485,-1581.0240067681298,-1143.6782359997742,381.7278485773131,185.64302395051345,nothing
1761185141.9775977,-1533.1308479355648,-1089.1355350459926,400.9284949498251,244.00790265901014,nothing
1761185141.9775977,-1524.8170503340662,-1080.7207601456903,420.74248491507024,252.55731395771727,nothing
1761185141.9912086,-1576.981174916029,-1134.0704330136068,405.633289094083,194.89927634084597,nothing
1761185141.9912086,-1555.8432603664696,-1125.7566354121082,382.8161594644189,219.96782574383542,nothing
1761185142.0070267,-1504.4458152754232,-1060.487901385408,428.37188082467765,274.9742742921226,nothing
1761185142.0070267,-1549.459251142107,-1114.480837045703,411.29175772704184,224.9082335853018,nothing
1761185142.0076137,-1575.4814750337973,-1144.381337191444,371.2449090015143,199.14406279055402,nothing
1761185142.0076137,-1523.407108050771,-1084.0978898056783,416.07134987041354,260.3624851652421,nothing
1761185142.021164,-1537.5925485827029,-1092.3406293080188,433.469364464283,247.8749592131935,nothing
1761185142.021164,-1578.2490010010079,-1134.5341806081124,396.12646340671927,192.71143486676738,nothing
1761185142.0368605,-1550.6971580274403,-1096.716312256176,398.7182140760124,246.52485532918945,nothing
1761185142.0368605,-1517.2961115231737,-1072.5677782422863,422.7171520916745,261.53681375132874,nothing
1761185142.0376704,-1583.9897474329919,-1144.2392209931277,397.16615559440106,190.61709089158103,nothing
1761185142.0376704,-1560.9744031056762,-1120.6554118725471,385.38921063393354,222.2005460173823,nothing
1761185142.051128,-1509.165569019504,-1064.9234227328561,429.1946588149294,264.7269484135322,nothing
1761185142.051128,-1546.878720172681,-1111.503876680974,423.66708668041974,223.87602119753137,nothing
1761185142.0669932,-1567.8221599245444,-1140.2450078404509,394.4023695271462,210.39368185726926,nothing
1761185142.0669932,-1517.9992127148435,-1076.3301175977103,409.46668654866517,263.31700613023713,nothing
1761185142.067672,-1528.4148340914398,-1084.9356273957528,427.69869883265346,235.56320855906233,nothing
1761185142.067672,-1587.7408670885488,-1143.644576900173,394.8249782221392,188.54144641617313,nothing
1761185142.0811117,-1546.2765962798148,-1096.9145269538276,411.7592452215031,237.2760827387683,nothing
1761185142.0811117,-1509.7228141129017,-1074.273172622081,437.0895876213908,245.53378184093162,nothing
1761185142.0969212,-1574.9765885397792,-1144.560852389317,403.7408997165039,193.8521043532528,nothing
1761185142.0969212,-1563.098666280508,-1117.9626839044504,379.3604919053614,225.8282489744015,nothing
1761185142.097587,-1511.7236605891958,-1067.9452618970536,425.43605935946107,272.9360288162716,nothing
1761185142.097587,-1555.4804900707677,-1115.0156427393667,419.88604782521725,215.31165029900149,nothing
1761185142.11122,-1574.9578890400007,-1133.2925338228233,380.05237339716405,203.77405893569812,nothing
1761185142.11122,-1531.8929410502315,-1071.3373511568643,415.9479331718758,271.64950323151425,nothing
1761185142.1268291,-1533.2168656345457,-1093.4812987945043,421.2024926096201,238.7608230211772,nothing
1761185142.1268291,-1595.4001821978018,-1150.447454919573,388.7102417945862,193.7361674546264,nothing
1761185142.1276045,-1546.9460383718833,-1099.0051310290582,401.8111113393679,246.84648672537878,nothing
1761185142.1276045,-1506.5401592506096,-1077.0893172887154,428.9777446174994,260.75517466058955,nothing
1761185142.1411493,-1566.1205054447055,-1133.35611212207,400.53580545447767,196.90012281714007,nothing
1761185142.1411493,-1563.7419290728867,-1128.1763506834395,385.19473583623767,228.33772184466943,nothing
1761185142.1569092,-1511.1327563961968,-1055.6447309427895,428.4204995241016,276.57495147315785,nothing
1761185142.1569092,-1548.999243447557,-1109.200098308269,414.81474348530173,212.00183883821592,nothing
1761185142.1575875,-1582.2656535534188,-1144.2803598926403,381.53337377961725,199.37967648776248,nothing
1761185142.1575875,-1515.7178737418726,-1081.2854850389995,418.019837747328,272.2179680247791,nothing
1761185142.1711657,-1515.7178737418726,-1092.4378667068668,423.0874021872878,242.53064217651263,nothing
1761185142.1711657,-1587.703468088992,-1150.507293318864,380.75921448878944,192.7002151669003,nothing
1761185142.1868312,-1536.6762730935588,-1092.6660006041639,394.1592760300264,243.2786221676506,nothing
1761185142.1868312,-1510.8709633992985,-1073.693488128949,437.67675191443413,264.87280451180413,nothing
1761185142.1876428,-1585.5754650142044,-1140.604038236197,401.231426846236,192.54687926871702,nothing
1761185142.1876428,-1572.4596358695999,-1130.9064776510932,393.75910673476756,222.15566721791402,nothing
1761185142.2012317,-1497.7364347549155,-1065.129117230419,413.1991067044437,270.4078564462252,nothing
1761185142.2012317,-1546.9460383718833,-1126.1530648074113,411.95745991915464,205.42709471611306,nothing
1761185142.2169116,-1580.6874157721177,-1153.678728481289,374.94367005769163,196.76174651877955,nothing
1761185142.2169116,-1526.2643916169181,-1096.0992287634872,411.6507881227881,264.8428853121586,nothing
1761185142.2175944,-1534.0359037248418,-1096.4320798595436,435.18223864398897,236.5355825475417,nothing
1761185142.2175944,-1601.1297089299187,-1159.8458235082217,380.52734069153666,183.09989198064432,nothing
1761185142.2312553,-1535.311209609732,-1096.3086631610058,400.88361615035683,256.96665600547567,nothing
1761185142.2312553,-1509.7153343129903,-1082.5046924245544,431.6181139862165,262.71862213732675,nothing
1761185142.2469232,-1572.9308632640168,-1137.8028531693853,394.5893645249307,201.88540945807472,nothing
1761185142.2469232,-1571.5919790798798,-1120.7489093714394,387.09834491368383,230.25629052193835,nothing
1761185142.247567,-1500.5937183210626,-1065.9331957208924,438.33871420659125,267.5804920797236,nothing
1761185142.247567,-1553.4347647950053,-1120.2627223771997,426.763723843731,207.24842599453405,nothing
1761185142.2611759,-1588.2195742828771,-1142.8554580095224,376.5480871386826,195.41538253473118,nothing
1761185142.2611759,-1500.9003901174292,-1059.0106409029104,425.18548606242985,276.24584027705714,nothing
1761185142.2769156,-1514.7754189530388,-1083.1292557171546,434.63995315041393,242.22397038014606,nothing
1761185142.2769156,-1575.2458613365889,-1141.7110486230813,383.5454399557784,200.85693697026,nothing
1761185142.2776325,-1534.7464847164229,-1084.4531803014688,400.65174235310405,253.2491954495199,nothing
1761185142.2776325,-1508.8401977233589,-1061.1349040777422,436.8390143243596,263.15619043214247,nothing
1761185142.29119,-1584.6255304254591,-1134.9193903035484,405.307917797938,198.25396660109982,nothing
1761185142.29119,-1567.8483392242342,-1108.452118317131,384.24106134753674,230.51434361888096,nothing
1761185142.30699,-1505.328431664966,-1058.8161661052145,435.2084179436788,277.60716386092827,nothing
1761185142.30699,-1550.700897927396,-1115.711264131125,408.8346434561536,206.76223900029436,nothing
1761185142.3076398,-1583.6419367371127,-1143.2369278050028,377.9281102223322,211.17532094800845,nothing
1761185142.3076398,-1516.0843839375302,-1063.3676243512891,435.3879331415519,269.6598764550872,nothing
1761185142.321185,-1534.7390049165115,-1094.0909024872817,427.9866711292416,243.57033436419442,nothing
1761185142.321185,-1594.2931718109176,-1154.0377588770352,382.730141765438,194.19991504913196,nothing
1761185142.336867,-1544.8479544967413,-1096.4133803597651,389.7686334820464,249.15774489799514,nothing
1761185142.336867,-1509.5395590150729,-1062.597204960417,443.8064479418099,264.0238472218625,nothing
1761185142.3376307,-1565.6230987505987,-1139.9345961441286,404.6459555057809,200.3707499760203,nothing
1761185142.3376307,-1561.385792100802,-1115.1390594379045,384.7459478415549,216.42614048579708,nothing
1761185142.3512335,-1510.2875390062109,-1074.729440416675,430.8252551956102,265.7816002010368,nothing
1761185142.3512335,-1553.3450071960688,-1117.9739036043175,407.9632467664778,210.84994965186343,nothing
1761185142.3669918,-1585.8746570106596,-1141.7783668222837,372.105085991323,201.58621746161953,nothing
1761185142.3669918,-1517.8421369167045,-1059.6352041955106,418.76781773846596,267.46455518109724,nothing
1761185142.367632,-1526.7094397116452,-1091.0915027228184,439.40832559391856,236.74875684501603,nothing
1761185142.367632,-1580.1713095782325,-1138.808886257466,388.9608150916174,193.17892236122862,nothing
1761185142.3811843,-1535.793656704016,-1089.045777447056,406.8300570799038,249.15026509808376,nothing
1761185142.3811843,-1517.1539953248575,-1073.4017759324051,443.07342755049467,253.25667524943128,nothing
1761185142.396904,-1573.3833911586553,-1144.1943421936594,404.6010767063126,194.8543975413777,nothing
1761185142.396904,-1566.1915635438636,-1134.3359659104608,377.79721372388303,216.53833748446777,nothing
1761185142.3976157,-1505.5191665627062,-1070.4435150674544,431.30396238993853,258.35041898908094,nothing
1761185142.3976157,-1547.1479929694906,-1120.0009293803014,426.4533121474087,208.46015358017758,nothing
1761185142.411294,-1592.0978505369276,-1150.8064853153192,385.7781602293253,185.4036703533493,nothing
1761185142.411294,-1531.0365039603785,-1073.7084477287717,429.1348204156384,267.3037394830026,nothing
1761185142.427081,-1542.5067771244794,-1090.2986439322121,421.7522579031065,231.87566720275208,nothing
1761185142.427081,-1592.0866308370605,-1145.4995672781952,371.2897878009826,188.5900651155971,nothing
1761185142.4276268,-1545.6557728871703,-1086.345569679048,406.92355457879603,248.89595190109685,nothing
1761185142.4276268,-1512.6960345776752,-1073.5513719306327,433.51424326375127,255.6165521214716,nothing
1761185142.4412878,-1575.9901014277712,-1136.2844537873752,400.09075735975057,190.48619439313188,nothing
1761185142.4412878,-1571.3526254827157,-1121.4482706631534,381.35011868178844,220.491411737632,nothing
1761185142.4569201,-1511.9218752868474,-1057.338905622717,430.74297739658505,270.4527352456935,nothing
1761185142.4569201,-1550.5176428295672,-1122.297227953095,411.32915672659874,209.9374140626751,nothing
1761185142.4576309,-1586.701174900867,-1139.6428839475848,380.48994169197977,188.6985222143121,nothing
1761185142.4576309,-1515.0521715497598,-1063.3227455518208,429.9912575054914,276.27575947670266,nothing
1761185142.471202,-1532.427746743895,-1090.7025531274267,436.96991082280874,235.81004195613787,nothing
1761185142.471202,-1580.5079005742446,-1138.7415680582635,398.228287181817,192.71143486676738,nothing
1761185142.48689,-1542.6339337229729,-1089.4459467423148,389.1440701894462,245.34678684314713,nothing
1761185142.48689,-1497.044553263113,-1062.765500458423,449.7341893715784,266.7689337893389,nothing
1761185142.4875753,-1568.779574313201,-1117.7943884064443,417.4588527539745,201.61613666126505,nothing
1761185142.4875753,-1562.9041914828122,-1116.171271825675,386.0249936264008,214.36545561021194,nothing
1761185142.5011532,-1512.8493704758584,-1067.1150041068904,418.019837747328,263.9677487225272,nothing
1761185142.5011532,-1556.1200129631907,-1108.8522876123898,423.8765210779384,231.98786420142278,nothing
1761185142.5170012,-1583.5708786379546,-1137.253087875899,367.2918347483501,200.13887617876753,nothing
1761185142.5170012,-1516.6565886307508,-1070.1331033711322,420.73500511515886,267.8497648765333,nothing
1761185142.5175416,-1524.0428910432383,-1085.1001829938032,430.92997239436954,246.92876452440396,nothing
1761185142.5175416,-1584.4497551275417,-1151.2216142104007,366.33816025964916,182.38557108910754,nothing
1761185142.53121,-1526.5710634132847,-1091.1363815222867,407.1629081759602,263.49652132811025,nothing
1761185142.53121,-1506.8804901465774,-1076.4610140961595,438.2751359073445,253.60074604535475,nothing
1761185142.5469365,-1565.522121451795,-1134.8184130047448,412.73161920998245,198.3736433996819,nothing
1761185142.5469365,-1560.4545570118353,-1118.377812799532,392.704454947263,220.27823744015768,nothing
1761185142.5475445,-1501.820405506529,-1055.0800060494803,438.6528658028692,274.1514963018708,nothing
1761185142.5475445,-1552.7578429030254,-1123.9689632332884,403.42674812022597,212.58152333134785,nothing
1761185142.5612204,-1592.3035450344905,-1138.977181755472,375.4298570519313,206.3770293048583,nothing
1761185142.5612204,-1518.4330411097035,-1068.9625146850012,407.7538123689592,269.9665482514538,nothing
1761185142.576893,-1537.1736797876656,-1096.282483861316,427.19007243867964,236.56924164714292,nothing
1761185142.576893,-1574.639997543767,-1131.9125107391737,389.5105803851038,193.70998815493658,nothing
1761185142.5777028,-1537.4429525844753,-1097.1912795505486,407.33120367396623,244.32579415524378,nothing
1761185142.5777028,-1512.6960345776752,-1079.1724415640347,436.27054953109473,249.56539399316534,nothing
1761185142.5911312,-1586.5777582023293,-1145.0171201839112,394.65668272413313,183.55615977523848,nothing
1761185142.5911312,-1561.7560421964154,-1125.8389132111333,383.71373545378447,223.976998496335,nothing
1761185142.606808,-1502.7666001953185,-1060.5253003849648,437.08210782147944,272.0272331270389,nothing
1761185142.606808,-1559.1455920273438,-1129.5601136670448,408.5354514596984,201.27580576529726,nothing
1761185142.6076493,-1563.7905477723107,-1123.7632687357254,388.5943048959598,218.18015356501564,nothing
1761185142.6076493,-1503.7988125830889,-1061.4079167745076,422.0813690992072,288.36685603344813,nothing
1761185142.6211622,-1520.766738682054,-1075.6419760058634,441.51762916892767,248.57432050490752,nothing
1761185142.6211622,-1583.7653534356505,-1136.901537280064,389.60781778395176,206.31719090556726,nothing
1761185142.6369157,-1520.729339682497,-1083.1142961173318,408.43821406085044,271.3652708348818,nothing
1761185142.6369157,-1516.099343537353,-1077.5119259837084,444.6628850316629,264.00888762203977,nothing
1761185142.6375127,-1565.1817905558273,-1113.8338343533687,406.53834488335997,216.92354717990384,nothing
1761185142.6375127,-1553.1542722983286,-1100.69556580903,389.1029312899336,236.7599765448831,nothing
1761185142.65121,-1477.8775659902021,-1033.5830611041747,447.6510650962591,299.18638660525903,nothing
1761185142.65121,-1540.461051848717,-1110.4978435928933,425.14060726296157,232.18233899911866,nothing
1761185142.6668456,-1580.635057172738,-1127.4059312925674,394.24903362896293,213.5314579200931,nothing
1761185142.6668456,-1506.5925178499892,-1049.2495020185597,422.2085256977007,303.5732892532833,nothing
1761185142.6676564,-1519.3418367989361,-1070.305138769094,427.4331659357995,262.2137356433086,nothing
1761185142.6676564,-1564.8863384593278,-1122.3907254519872,398.28064578119665,216.05963029013947,nothing
1761185142.6811864,-1531.7583046518266,-1074.1123569239862,412.3912883140147,275.34826428769156,nothing
1761185142.6811864,-1493.9628756996244,-1055.7606678414159,455.79656719975173,285.6030699661933,nothing
1761185142.6969242,-1571.8537720767781,-1122.4692633510567,398.02259268425405,206.76597890025005,nothing
1761185142.6969242,-1554.4707170827314,-1089.8722953372635,399.69058806449175,256.6899034087546,nothing
1761185142.6976268,-1500.6423370204866,-1052.5705331792124,437.81512821279466,279.69028813624755,nothing
1761185142.6976268,-1549.7098244391382,-1111.9339651758783,414.81100358534604,211.32117704628035,nothing
1761185142.7111804,-1570.3578120945022,-1113.4187054582871,391.9003764567897,222.81014971015975,nothing
1761185142.7111804,-1511.5366655914113,-1067.9116027974524,422.1187680987641,273.94954170426354,nothing
1761185142.7269115,-1510.8485239995643,-1067.9901406965218,453.61246562562883,281.76967251161113,nothing
1761185142.7269115,-1575.3206593357027,-1141.6699097235687,390.95044186804444,203.22055374225602,nothing
1761185142.7276058,-1529.6864000763744,-1070.207901370246,410.3081640386954,271.9187760283239,nothing
1761185142.7276058,-1499.4530488345772,-1063.6855158475228,445.5754206208512,281.68739471258596,nothing
1761185142.7411165,-1567.5229679280892,-1126.8000674997456,390.340838175267,206.3732894049026,nothing
1761185142.7411165,-1552.4212519070134,-1094.9286400773562,400.483446855098,249.01188879972324,nothing
1761185142.7568736,-1512.553918379359,-1057.7315951180644,442.9163517523557,271.83275832934305,nothing
1761185142.7568736,-1531.0140645606443,-1102.6066546863876,426.78242334350944,243.86204656073824,nothing
1761185142.7577403,-1557.3728794483468,-1127.592926290352,387.5209536086768,204.8548900228925,nothing
1761185142.7577403,-1499.456788734533,-1048.931610522326,430.36898740101606,291.3026774986647,nothing
1761185142.7712898,-1511.020559397526,-1078.2973049744032,449.33775997627527,255.41085762390867,nothing
1761185142.7712898,-1569.7033296022564,-1132.1481244363822,397.43542839121073,215.94369339151308,nothing
1761185142.786883,-1520.6059229839593,-1068.3229917925783,394.3761902274564,263.71343552554026,nothing
1761185142.786883,-1507.583591338247,-1064.478374638129,444.96955682802945,265.4375294051133,nothing
1761185142.787578,-1573.3572118589655,-1129.6274318662472,393.86756383348256,218.15397426532581,nothing
1761185142.787578,-1560.0543877165765,-1116.025415727403,390.774666570127,236.23265065113083,nothing
1761185142.8011465,-1501.5436529098079,-1054.9079706515186,445.4370443224907,292.54432428395376,nothing
1761185142.8011465,-1551.4937567180023,-1103.3434149776585,415.8955745724961,219.9416464441456,nothing
1761185142.8169537,-1558.8987586302683,-1114.2265238487162,385.56872583180666,227.7243782519363,nothing
1761185142.8169537,-1515.1269695488736,-1067.010286908131,413.7114729983732,272.5096802213229,nothing
1761185142.8176503,-1520.5236451849341,-1081.8352503324859,433.07667496893555,253.2454555495642,nothing
1761185142.8176503,-1586.4543415037915,-1128.217489582952,379.34927220549434,203.38884924026206,nothing
1761185142.8311884,-1531.836842550896,-1082.6617682226934,395.3710036156699,265.76290070125833,nothing
1761185142.8311884,-1516.3947956338525,-1070.4322953675874,430.3428081013262,258.5074947872199,nothing
1761185142.846897,-1568.5664000157267,-1130.173457259778,411.4974522246048,205.3335972172208,nothing
1761185142.846897,-1567.923137223348,-1110.4978435928933,392.3080255519599,229.74392422800884,nothing
1761185142.8475685,-1505.6089241616428,-1056.9312565275468,416.24712516833097,276.5674716732465,nothing
1761185142.8475685,-1587.9241221863776,-1118.9649770925753,398.6770751764998,198.72519399551675,nothing
1761185142.8620136,-1570.1408978970721,-1120.9882629686035,391.0532891168259,221.7723274724558,nothing
1761185142.8627577,-1512.2846455825493,-1061.8230456695892,423.8222925285809,273.93271215446293,nothing
1761185142.8627577,-1535.7487779045478,-1108.3735804180615,413.38423175225034,227.4420158052817,nothing
1761185142.8762395,-1584.7826062235981,-1153.7797057800926,379.92334684869274,183.03070383146405,nothing
1761185142.8762395,-1518.1824678126723,-1071.0680783600546,416.6192452139221,274.03742935322225,nothing
1761185142.8919168,-1506.7832527477294,-1064.8860237332992,442.0505649126135,274.74427044484764,nothing
1761185142.8919168,-1580.2161883777007,-1136.2694941875525,391.41605941252783,203.45055758953094,nothing
1761185142.892592,-1548.7486701505259,-1095.7439382676966,406.6262325323187,256.19062676467,nothing
1761185142.892592,-1496.1170580741018,-1051.6542576900683,444.384262484964,289.1092261746526,nothing
1761185142.9061315,-1552.2230372093618,-1119.7054772838019,404.1653783614747,207.49712934158742,nothing
1761185142.9061315,-1575.5712326327339,-1124.6458851252683,384.6879793922417,219.75652139633894,nothing
1761185142.9222465,-1520.2057536887005,-1062.7019221591763,403.9148050644435,273.0650553647429,nothing
1761185142.9222465,-1517.4344878215343,-1074.0861776242964,433.94246180867776,258.70009963493794,nothing
1761185142.9227097,-1598.6501552592963,-1152.1042305999435,378.5321040651761,181.4562059501186,nothing
1761185142.9227097,-1525.916580921039,-1083.7052003103308,412.8756053582765,258.228872240521,nothing
1761185142.9362488,-1507.3965963404626,-1086.9626531717367,424.39075732184574,255.9699726672843,nothing
1761185142.9362488,-1571.13197138533,-1145.2190747815184,382.2832237207331,189.19405895844102,nothing
1761185142.9518485,-1571.023514286615,-1127.4208908923902,380.1963595454581,217.63225822150707,nothing
1761185142.9518485,-1496.4611288700253,-1044.1968971784227,434.09953760681674,299.9885951457545,nothing
1761185142.952664,-1560.6565116094425,-1127.9706561858766,406.04280813923106,195.8735202793032,nothing
1761185142.952664,-1577.8824908053502,-1131.7965738405474,388.4316192478873,211.397844995372,nothing
1761185142.9662404,-1515.4560807449743,-1061.9128032685257,411.24126907764,268.59587491769344,nothing
1761185142.9662404,-1516.3947956338525,-1096.1553272628225,431.1824156413786,230.41149637009948,nothing
1761185142.98197,-1570.8926177881658,-1135.214842400048,390.5371829229407,203.4318580897525,nothing
1761185142.98197,-1536.0629295008257,-1086.958913271781,393.4917038879357,262.41008039098233,nothing
1761185142.9826815,-1513.1373427724466,-1069.3739036801271,424.5104341204278,258.39716773852706,nothing
1761185142.9826815,-1572.8336258651689,-1132.6717104301788,394.29204247845337,208.86593272536993,nothing
1761185142.9961188,-1557.8104477431625,-1104.4541652644984,395.6047473629005,229.9253093758598,nothing
1761185142.9961188,-1490.409970741719,-1048.5613604267128,435.31126519246027,281.8089414611459,nothing
1761185143.011862,-1541.6166809350252,-1115.7187439310364,409.3638392998837,212.74046907946467,nothing
1761185143.011862,-1573.604045256041,-1125.6070394138806,373.9320271196775,211.94013048894703,nothing
1761185143.012608,-1518.1675082128495,-1066.0192134198733,414.6221386375837,278.62628659885377,nothing
1761185143.012608,-1528.6878467882052,-1090.7025531274267,429.8098723576404,249.6383220423013,nothing
1761185143.0261576,-1574.1051918501034,-1135.1811833004467,388.2334045502357,209.6550516160205,nothing
1761185143.0261576,-1523.6689010476694,-1076.5245923954062,410.12303899088874,269.14938011113554,nothing
1761185143.0418472,-1503.9820676809177,-1071.2887324574403,443.13513589976355,274.4226390486583,nothing
1761185143.0418472,-1575.3692780351266,-1145.6117642768659,385.7875099792145,195.09936098847538,nothing
1761185143.0425673,-1554.8110479786992,-1111.9152656760998,383.8352822023444,244.29400500562042,nothing
1761185143.0425673,-1502.2205748017877,-1066.4754812144674,435.05695199547336,278.7646628972143,nothing
1761185143.0561638,-1565.342606253922,-1121.6352656609379,401.52126909280196,212.2842012848705,nothing
1761185143.0561638,-1579.030640091747,-1133.7338420175947,383.25933760916814,218.93000350613147,nothing
1761185143.07191,-1514.988593250513,-1048.7072165249847,435.2327272933908,302.61026501469314,nothing
1761185143.07191,-1533.7628910280764,-1100.7142653088085,425.7371213058941,231.05849906243384,nothing
1761185143.0726063,-1567.717442725785,-1126.7813679999672,387.0179370646365,229.4466021815315,nothing
1761185143.0726063,-1531.5526101542637,-1082.8973819199018,403.2865018718876,267.7506575277075,nothing
1761185143.086274,-1510.2202208070084,-1059.0966586018912,444.4515806841664,271.1277871876955,nothing
1761185143.086274,-1579.4233295870945,-1141.3183591277339,387.0441163643263,196.82345486804843,nothing
1761185143.1019292,-1554.5155958821997,-1098.1711333389394,394.59123447490856,247.92170796263963,nothing
1761185143.1019292,-1517.9393743155524,-1075.1109102121554,425.8605380044319,249.4139280449599,nothing
1761185143.1026156,-1561.146438503638,-1118.66578509612,396.12085355678573,208.49568262975663,nothing
1761185143.1026156,-1588.9750340739265,-1138.3152194633149,376.69955308688805,199.542362135835,nothing
1761185143.1161935,-1523.661421247758,-1071.5168663547374,407.9987758160569,262.4661788903177,nothing
1761185143.1161935,-1530.6101553654298,-1096.1964661623351,416.64168461365625,234.60766412038356,nothing
1761185143.1318295,-1593.4629140207544,-1157.852456831839,378.33014946756884,178.83827598113567,nothing
1761185143.1318295,-1536.9343261905015,-1087.8228301615454,409.1805842020549,254.12994188908488,nothing
1761185143.1326363,-1522.610509360209,-1080.7880783448927,434.4436084027402,253.5652169957757,nothing
1761185143.1326363,-1586.5889779021963,-1147.2535803574137,385.6827927804552,191.99898392520845,nothing
1761185143.146158,-1572.0033680750057,-1118.0187824037857,375.7122194985859,230.34791807085276,nothing
1761185143.146158,-1509.9659076100215,-1061.4677551737987,429.2526272642426,271.6177140818909,nothing
1761185143.1618984,-1550.9028525250033,-1118.8453002939932,426.7805533935316,221.91444367077202,nothing
1761185143.1618984,-1576.981174916029,-1127.3535726931877,383.827802402433,225.60198502708226,nothing
1761185143.162548,-1506.3681238526478,-1064.0295866434462,427.5921116839163,281.2442165678367,nothing
1761185143.162548,-1531.7508248519152,-1082.9534804192372,439.25311974575743,259.3807614268735,nothing
1761185143.1761825,-1581.0875850673765,-1136.841698880773,378.21421256894246,202.7586760977283,nothing
1761185143.1761825,-1531.0439837602898,-1086.4203676781617,394.44911827659234,252.6040627071634,nothing
1761185143.19187,-1502.108377803117,-1061.8118259697221,443.20993389887735,275.33517463784665,nothing
1761185143.19187,-1571.289047183469,-1134.9156504035927,409.86124599399045,212.40387808345258,nothing
1761185143.1926286,-1565.5370810516179,-1114.8174280417152,383.453812406864,230.02254677470773,nothing
1761185143.1926286,-1517.3746494222432,-1060.2896866877563,432.24454722879454,279.8342742845416,nothing
1761185143.2061682,-1556.0601745638996,-1113.4299251581542,413.7283025481738,223.07755255699158,nothing
1761185143.2061682,-1584.977081021294,-1144.994680784177,369.4553668727167,205.5075025651604,nothing
1761185143.2218502,-1497.8336721537635,-1047.0541807445697,432.7718731225468,295.0369676044211,nothing
1761185143.2218502,-1529.8995743738487,-1098.9153734301217,426.1185911013745,239.35359716415405,nothing
1761185143.2226076,-1586.4767809035257,-1148.9365353374742,381.03783703548834,190.55538254231215,nothing
1761185143.2226076,-1534.5781892184168,-1074.2170741227455,408.5896800090559,279.66223888657987,nothing
1761185143.2361596,-1524.7908710343763,-1090.5604369291104,419.8392990757711,247.9703266620636,nothing
1761185143.2361596,-1569.755688201636,-1135.394357597921,402.172011685092,216.89549793023616,nothing
1761185143.2518277,-1553.8798128897324,-1108.8522876123898,399.92433181172237,231.7429007543251,nothing
1761185143.2518277,-1520.0112788910046,-1072.777212639805,426.05875270208344,271.65885298140347,nothing
1761185143.2525964,-1548.456957953982,-1125.8164738113992,406.2896415363066,220.05945329274982,nothing
1761185143.2525964,-1589.4836604679003,-1148.0987977473997,374.57902981201187,193.47998430766165,nothing
1761185143.2825532,-1515.6243762429804,-1070.6155504654162,422.7302417415194,273.3081488618627,nothing
1761185143.2825532,-1545.0050302948803,-1107.3600675300695,412.82324675889686,220.9570292821154,nothing
1761185143.2833438,-1587.12378359586,-1144.8114256863482,390.0135969291441,204.99513627123088,nothing
1761185143.2833438,-1528.8449225863442,-1080.1560352523811,411.4694029749371,272.18617887515575,nothing
1761185143.2840335,-1497.8112327540293,-1067.1524031064473,439.0736045478843,272.279676374048,nothing
1761185143.2840335,-1574.8120329417288,-1143.7231147992425,393.2448704908602,205.08489387016743,nothing
1761185143.2962208,-1545.8315481850877,-1101.0620760046877,397.48217714065686,260.24841821659356,nothing
1761185143.2962208,-1482.4776429357007,-1050.221876007039,452.66066108690575,303.8145128004253,nothing
1761185143.311947,-1553.1206131987274,-1106.9898174344562,412.2809612653218,215.956783041358,nothing
1761185143.311947,-1567.9081776235253,-1115.3223145357333,387.9342125537805,229.51018048077822,nothing
1761185143.3126707,-1507.8117252355441,-1049.0438075209968,430.7485872465186,289.83102686610073,nothing
1761185143.3126707,-1521.320243875496,-1083.6004831115715,440.4124887320213,250.0048322379589,nothing
1761185143.3262162,-1582.8154188469052,-1138.4199366620742,393.07283509289846,193.18827211111784,nothing
1761185143.3262162,-1514.749239653349,-1067.7620067992248,416.12931831972674,281.0497417701408,nothing
1761185143.3419402,-1495.1072850860655,-1050.7379822009243,453.17676728079095,301.357398529537,nothing
1761185143.3419402,-1558.468670135364,-1131.897551139351,414.34912594081834,220.45588268805295,nothing
1761185143.3426545,-1550.229670532979,-1103.3209755779244,407.2807150245644,258.43830663803965,nothing
1761185143.3426545,-1494.3219060953707,-1044.9224377698265,440.2180139343254,291.3157671485096,nothing
1761185143.3561912,-1554.1116866869852,-1121.5791671616025,415.72166922455654,224.52863373979926,nothing
1761185143.3561912,-1567.814680124633,-1127.5854464904405,393.2373906909488,224.76424743700773,nothing
1761185143.3719757,-1502.5870849974453,-1067.0776051073335,421.4025772572495,292.15724463853985,nothing
1761185143.3719757,-1532.4801053432748,-1094.3078166847117,430.7448473465629,227.49437440466136,nothing
1761185143.372688,-1583.529739738442,-1144.4486553906463,393.2897492903285,194.50845679547638,nothing
1761185143.372688,-1540.0197436539456,-1097.7859236435033,389.77798323193565,245.4533739918843,nothing
1761185143.386151,-1510.0594051089138,-1078.4618605724536,435.109310594853,267.70577872823924,nothing
1761185143.386151,-1600.220913240686,-1139.1791363530792,392.6838854975067,194.67675229348242,nothing
1761185143.4020183,-1556.5239221584052,-1099.8727878187783,392.25753690255806,242.296898429282,nothing
1761185143.4020183,-1508.0361192328855,-1065.2226147293113,444.2645856863819,265.32346245646477,nothing
1761185143.4026644,-1568.7459152135998,-1126.276481505949,413.38423175225034,212.77786807902157,nothing
1761185143.4026644,-1565.6717174500227,-1124.2008370305412,387.02915676450357,217.34054602496326,nothing
1761185143.416152,-1502.4262692993507,-1054.081452761311,419.12497818423435,270.4695647954941,nothing
1761185143.416152,-1519.1398822013289,-1087.0037920712493,426.0026542027481,238.97212736867368,nothing
1761185143.4319963,-1582.7593203475699,-1149.505000130739,383.3490952081047,192.40663302037865,nothing
1761185143.4319963,-1537.2559575866908,-1084.4681399012916,411.0019154804759,262.84764868579805,nothing
1761185143.4325693,-1516.7687856294215,-1070.522052966524,441.2277869223617,261.3816079031676,nothing
1761185143.4325693,-1572.0258074747398,-1151.4273087079637,392.37347380118445,188.65925326477736,nothing
1761185143.4461932,-1546.6879852749407,-1101.2415912025608,398.4021925297566,243.71806041244417,nothing
1761185143.4461932,-1503.4510018872097,-1056.6171049312688,432.49512052582577,273.06879526469857,nothing
1761185143.4620235,-1554.452017582953,-1131.3627454456873,415.2504418301396,194.7590300925076,nothing
1761185143.4620235,-1587.5837912904099,-1143.6520567000844,383.5286104059778,201.22531711589545,nothing
1761185143.4625795,-1500.747054219246,-1058.6142115076073,428.54204627266154,293.9262173175812,nothing
1761185143.4625795,-1539.2979429624975,-1108.257643519435,427.46869498537853,238.702854571864,nothing
1761185143.4762352,-1570.866438488476,-1138.2703406638466,389.15341993933544,203.9479642836377,nothing
1761185143.4762352,-1516.8847225280479,-1075.959867502097,411.92941066948697,280.2456632796675,nothing
1761185143.4918392,-1522.068223866634,-1087.2319259685464,425.20231561223045,244.77271219994873,nothing
1761185143.4918392,-1574.9092703405768,-1135.9216834916733,398.4395915293135,213.88487846590579,nothing
1761185143.4925468,-1566.356119141914,-1115.434511534404,377.7953437739052,230.90142326429486,nothing
1761185143.4925468,-1511.9592742864043,-1070.4659544671886,420.90143066318706,259.9006075207144,nothing
1761185143.5062168,-1548.565415052697,-1108.5418759160675,415.4075176282786,220.89345098286867,nothing
1761185143.5062168,-1578.6678697960451,-1133.8946577156894,367.64899519411847,204.07886078208685,nothing
1761185143.521924,-1498.237581348978,-1071.5168663547374,437.13633637083694,274.21694455109537,nothing
1761185143.521924,-1523.190193853341,-1102.2925030901097,434.518406401854,243.852696810849,nothing
1761185143.5227437,-1586.678735501133,-1158.731333321426,371.14206175273284,188.32640216872096,nothing
1761185143.5227437,-1527.3190434044227,-1091.8619221136905,399.1800917205401,259.29100382793695,nothing
1761185143.5361414,-1512.5800976790488,-1086.8317566732876,434.69418169977143,252.4170677093789,nothing
1761185143.5361414,-1589.7342337649316,-1161.2819450912066,392.0518424049951,183.72258532326669,nothing
1761185143.5518212,-1553.5993203930557,-1117.6934111076407,384.2765903971158,226.75387421343476,nothing
1761185143.5518212,-1507.4003362404183,-1066.1837690179236,420.67703666584566,264.7923966627568,nothing
1761185143.5525863,-1569.6771503025666,-1144.6954887877218,401.71200399054214,186.24701779335737,nothing
1761185143.5525863,-1551.9275851128623,-1127.4321105922572,390.3202687255107,227.67014970257878,nothing
1761185143.5663044,-1520.9873927794397,-1088.769024850335,414.71937603643164,255.39776797406375,nothing
1761185143.5663044,-1537.0951418885961,-1111.0999674857594,421.6307111545466,217.97258911747485,nothing
1761185143.5819168,-1579.2438143892214,-1149.9799674251117,382.0214307238348,209.08284692279994,nothing
1761185143.5819168,-1537.1138413883746,-1096.7424915558659,398.6976446262561,254.09628278948367,nothing
1761185143.5826445,-1516.5630911318585,-1096.910787053872,421.5222540558316,245.07190419640392,nothing
1761185143.5826445,-1572.0519867744297,-1137.361544974614,385.9034468778409,198.04266225360334,nothing
1761185143.5962892,-1560.8135874075815,-1102.4869778878056,402.3664864827879,238.71407427173108,nothing
1761185143.5962892,-1513.5150726679713,-1078.1851079757325,428.8561978689395,256.66559405904263,nothing
1761185143.6118896,-1548.2924023559317,-1128.5615603788756,410.85979928215966,215.59401274565607,nothing
1761185143.6118896,-1562.496542387642,-1131.8825915395282,381.524024029728,205.52620206493884,nothing
1761185143.6126668,-1522.9882392557338,-1063.8238921458833,417.8534121992998,267.77309692744166,nothing
1761185143.6126668,-1543.826961808838,-1109.3496943064965,411.8097338709049,213.2528353733942,nothing
1761185143.626273,-1580.1002514790744,-1146.3560043680482,380.99669813597575,185.28586350474507,nothing
1761185143.626273,-1532.5586432423443,-1070.8773434623145,399.9430313115008,260.1960596172139,nothing
1761185143.6418867,-1520.3029910875484,-1077.7998982802965,425.0452398140915,244.69417430087924,nothing
1761185143.6418867,-1564.041121069342,-1135.9516026913188,391.5282564111985,202.6876179985702,nothing
1761185143.6425645,-1560.5817136103287,-1114.420998646412,382.3019232205115,226.46216201689094,nothing
1761185143.6425645,-1505.9268156578764,-1050.7118029012345,434.783939298708,288.08449358679354,nothing
1761185143.6563857,-1567.863298824057,-1134.6987362061627,404.4421309581958,193.18827211111784,nothing
1761185143.6563857,-1554.1677851863205,-1104.663599662017,396.48736375244334,240.91687534563243,nothing
1761185143.671894,-1512.4641607804224,-1071.752480051946,425.6997223063372,275.1967983394861,nothing
1761185143.671894,-1535.5019445074722,-1102.5243768873625,424.05790622578934,224.39025744143873,nothing
1761185143.6725943,-1583.0510325441137,-1135.9964814907871,375.31953000323847,198.81308164447546,nothing
1761185143.6725943,-1535.636580905877,-1092.2508717090823,394.14618638018146,251.65038821846247,nothing
1761185143.6861796,-1505.979174257256,-1076.4011756968684,439.5336122424342,268.2705036215484,nothing
1761185143.6861796,-1589.5509786671028,-1165.268678443972,382.33558232011274,185.1961059058085,nothing
1761185143.7019076,-1563.6596512738615,-1123.2471625418402,380.62270814040676,228.0366598982364,nothing
1761185143.7019076,-1509.9771273098886,-1071.1877551586367,428.86741756880656,268.9810846131295,nothing
1761185143.7026231,-1561.531648199074,-1131.800313740503,392.0518424049951,202.81103469710797,nothing
1761185143.7026231,-1576.8315789178014,-1136.3143729870208,376.06377009442076,206.68183115124702,nothing
1761185143.7161772,-1517.0230988264084,-1080.4514873488806,413.7245626482181,259.2685644282028,nothing
1761185143.7161772,-1538.677119569853,-1103.3882937771268,422.1019385489635,224.67074993811548,nothing
1761185143.731906,-1585.2725331177935,-1152.534319094848,391.96956460596994,197.45175806060433,nothing
1761185143.731906,-1530.3820214681327,-1083.18535421649,408.33910671202466,265.6002150531858,nothing
1761185143.732618,-1515.9460076391697,-1084.2474858039059,429.54059956083074,250.57703693117946,nothing
1761185143.732618,-1569.8342261007056,-1135.454195997212,396.7267173496075,206.94362414814532,nothing
1761185143.7462409,-1550.2857690323144,-1124.7506023240276,381.84565542591736,214.08683306351304,nothing
1761185143.7462409,-1495.3241992834955,-1069.5870779776014,424.9928812147118,263.7115655755624,nothing
1761185143.7618213,-1554.4744569826871,-1119.3950655874796,419.551326779183,221.0355671811849,nothing
1761185143.7618213,-1560.7126101087779,-1126.8599058990367,382.18224642192945,226.6267176149413,nothing
1761185143.7626112,-1510.575511302799,-1075.9075089027174,419.285793882329,265.77973025105894,nothing
1761185143.7626112,-1531.0739029599354,-1109.25993670756,420.49378156801686,222.0341204693541,nothing
1761185143.776238,-1582.493787450716,-1140.1328108417802,375.0427774065174,201.797521809116,nothing
1761185143.776238,-1532.4240068439394,-1085.2759582917206,397.4672175408341,265.7273716516793,nothing
1761185143.791867,-1545.5360960885882,-1104.375627365429,426.8104725931771,223.37674455344677,nothing
1761185143.791867,-1567.9941953225061,-1127.6864237892441,401.04256189847365,208.73503622692078,nothing
1761185143.7925606,-1551.2357036210597,-1105.172226055991,384.7478177915327,241.332004240714,nothing
1761185143.7925606,-1500.975188116543,-1069.688055276405,442.0169058130123,269.5084105068818,nothing
1761185143.806315,-1562.5713403867558,-1141.1463237297721,401.1360593973659,201.6554056107998,nothing
1761185143.806315,-1566.1579044442624,-1127.349832793232,385.67157308058813,233.19772183708847,nothing
1761185143.821833,-1503.810032282956,-1068.3192518926226,413.7245626482181,270.4546051956713,nothing
1761185143.821833,-1544.9938105950132,-1109.3758736061864,413.98261574516073,225.7366214254871,nothing
1761185143.822574,-1587.135003295727,-1137.5074010728858,375.7159593985416,205.1297726696357,nothing
1761185143.822574,-1542.61897412315,-1081.0648309416138,399.11651342129335,250.76777182891965,nothing
1761185143.8361585,-1517.243752923794,-1071.7973588514142,424.68246951838955,260.6111885122955,nothing
1761185143.8361585,-1575.6946493312716,-1140.2113487408496,384.4561055949889,185.6822929000482,nothing
1761185143.8518524,-1555.6188663691282,-1092.314450008329,407.22461652522907,255.92135396786034,nothing
1761185143.8518524,-1522.9770195558667,-1067.4553350028582,429.64531675959006,260.36809501517564,nothing
1761185143.8526232,-1552.668085304089,-1120.9321644692682,404.8086411538534,222.90925705898553,nothing
1761185143.8526232,-1558.214356938377,-1101.2827301020734,395.3205149662681,243.34407041687518,nothing
1761185143.8668985,-1512.9447379247285,-1058.133634363301,424.0560362758115,277.47252746252343,nothing
1761185143.867623,-1528.7121561379172,-1083.5873934617266,429.235797714442,248.4733432061039,nothing
1761185143.867623,-1570.1091087474488,-1129.184253721498,380.3740047933534,210.53579805558547,nothing
1761185143.8811424,-1534.5501399687491,-1078.3290941240266,408.3484564619139,258.97498228168115,nothing
1761185143.8811424,-1499.2529641869478,-1063.1226609041914,442.1421924615279,264.30433971853927,nothing
1761185143.8968823,-1566.7095396877266,-1137.19137952663,407.2751051746309,213.05649062572047,nothing
1761185143.8968823,-1553.9714404386468,-1104.3101791162044,391.896636556834,254.23652903782204,nothing
1761185143.8975203,-1487.057150431443,-1042.4597136490047,438.64164610300213,295.98877214314416,nothing
1761185143.8975203,-1547.0451457207091,-1116.954780866392,414.6127888876945,229.05952253611758,nothing
1761185143.9111133,-1561.567177248653,-1124.7113333744928,388.3362517990172,242.0220157825388,nothing
1761185143.9111133,-1509.7134643630125,-1064.6261006863788,424.1981524741277,295.7232392462902,nothing
1761185143.9268644,-1515.1363192987628,-1084.9674165453762,439.9767903871834,258.6159518859349,nothing
1761185143.9268644,-1574.604468494188,-1137.7374049201608,376.09181934408844,215.47620589705184,nothing
1761185143.927572,-1515.906738689635,-1068.9868240347132,418.3040701439604,281.6312962132506,nothing
1761185143.927572,-1493.5533566544764,-1068.3660006420687,449.30784077662975,282.8131045992486,nothing
1761185143.9411936,-1566.9264538851567,-1145.9764045225456,386.481261420995,209.07349717291072,nothing
1761185143.9411936,-1536.9212365406565,-1103.4911410259083,403.72220021672547,260.4709422639571,nothing
1761185143.9569578,-1503.4042531377636,-1060.269117238,431.26282349042594,282.72334700031206,nothing
1761185143.9569578,-1551.0804977728985,-1099.998074467294,422.31324289646,238.26341632707044,nothing
1761185143.9577448,-1580.9809979186393,-1136.75755113177,372.0976061914116,216.05589039018378,nothing
1761185143.9577448,-1515.327054196503,-1052.4602061305195,434.34076115395874,298.1878333170898,nothing
1761185143.9711585,-1542.7255612718873,-1104.2989594163373,421.14639411028475,228.59951484156772,nothing
1761185143.9711585,-1579.2681237389334,-1136.5107177346945,388.470888197422,219.04407045478,nothing
1761185143.9868248,-1538.0432065273635,-1082.327047176659,405.4911728957668,263.3618849297054,nothing
1761185143.9868248,-1524.818920284044,-1081.3172741886228,434.29588235449046,262.67374333785847,nothing
1761185143.9876113,-1571.7733642277308,-1130.5904561048374,396.3059786045924,217.35363567480817,nothing
1761185143.9876113,-1558.4742799852975,-1102.3093326399103,387.1918424125761,256.0690800161101,nothing
1761185144.0013156,-1495.3372889333405,-1060.0185439409688,438.03952221013606,291.5195916960947,nothing
1761185144.0013156,-1548.7430603005923,-1122.0971433054656,414.485632289201,228.0198303484358,nothing
1761185144.01693,-1574.447392696049,-1136.1928262384608,375.7814076477662,220.06132324272767,nothing
1761185144.01693,-1494.282637145836,-1056.6975127803162,414.17148069292307,290.20688681164756,nothing
1761185144.0176516,-1548.3391511053778,-1110.3949963441119,408.8570828558877,224.10789499478415,nothing
1761185144.0176516,-1571.5975889298134,-1129.9397135125473,377.6924965251237,206.36580960499123,nothing
1761185144.0312228,-1534.6585970674641,-1079.78391520679,411.65452802274376,266.64925699075684,nothing
1761185144.0312228,-1516.7332565798424,-1094.9828686267138,427.66129983309656,251.5774601693265,nothing
1761185144.0468984,-1557.9319944917224,-1140.7517642844468,396.2685796050355,212.0055787381716,nothing
1761185144.0468984,-1544.8909633462317,-1106.6102175889537,395.5280794138089,255.89330471819267,nothing
1761185144.047602,-1517.4176582717337,-1070.5351426163688,428.0577292283997,264.259460919071,nothing
1761185144.047602,-1556.477173408959,-1116.6705484697595,407.31998397409916,214.58236980764195,nothing
1761185144.0611916,-1562.169301141519,-1125.8856619605795,396.1040240069851,229.3100958331488,nothing
1761185144.0611916,-1503.4528718371876,-1066.8812603596598,430.2867096019909,282.7869252995588,nothing
1761185144.0768244,-1535.2457613605075,-1114.217174098827,427.74731753207743,225.84694847417995,nothing
1761185144.0768244,-1576.4220598726533,-1146.4850309165195,380.72181548923254,201.14116936689243,nothing
1761185144.0775604,-1530.5521869161166,-1083.980082957074,405.68938759341836,262.90561713511124,nothing
1761185144.0775604,-1531.6778968027793,-1091.8338728640229,414.751165186055,247.70292381523177,nothing
1761185144.0911689,-1573.1833065110259,-1142.004630769603,386.8963903160766,203.9722736333497,nothing
1761185144.0911689,-1558.9155881800689,-1109.9050694499165,386.7841933174059,238.8019619206898,nothing
1761185144.10693,-1502.40943974955,-1055.1005754992366,435.8703802358359,280.31485142884776,nothing
1761185144.10693,-1580.4237528252415,-1135.5084245465696,404.07001091260463,198.08941100304946,nothing
1761185144.1076095,-1568.0110248723067,-1129.9883322119713,374.09471276775,221.3067099279724,nothing
1761185144.1076095,-1512.8250611261465,-1067.0532957576215,421.613881604746,277.43512846296653,nothing
1761185144.1211853,-1552.7223138534464,-1109.8190517509356,418.6892798393965,234.15700617572293,nothing
1761185144.1211853,-1590.6561191040091,-1159.1371124666184,376.4770290395245,188.6686030146666,nothing
1761185144.1368997,-1529.849085724447,-1081.653865184635,408.13154226448387,261.46201575221494,nothing
1761185144.1368997,-1515.2372965975665,-1082.9815296689048,417.9076407486573,255.05930702807382,nothing
1761185144.1376455,-1583.4904707889073,-1151.0402290625498,379.49512830376625,185.68416285002604,nothing
1761185144.1376455,-1559.2334796763025,-1116.206800875254,388.0632391022518,238.97773721860722,nothing
1761185144.1512642,-1506.4971504011191,-1062.909486606717,441.75324286613613,279.09938394324854,nothing
1761185144.1512642,-1555.4487009211443,-1130.4034611070529,411.58720982354134,205.19896081881598,nothing
1761185144.1668792,-1581.347508114297,-1139.9963044933975,383.3584449579939,203.5234856386669,nothing
1761185144.1668792,-1515.5140491942875,-1064.7719567846507,434.651172850281,283.7892184876837,nothing
1761185144.1676507,-1545.081698243972,-1111.5169663308188,420.48443181812763,223.6478873002343,nothing
1761185144.1676507,-1583.9429986835457,-1150.374526870437,374.5584603622556,192.60671766800806,nothing
1761185144.1812935,-1520.3497398369946,-1077.008909439668,409.73969924543053,268.79595956532285,nothing
1761185144.1812935,-1533.719882178586,-1084.4887093510479,415.2784910798073,235.32759486185387,nothing
1761185144.1968603,-1582.20394520415,-1142.2252848669887,389.1478100894019,185.7365214494057,nothing
1761185144.1968603,-1560.1273157657124,-1106.546639289707,391.5189066613093,231.43809890793636,nothing
1761185144.1976073,-1516.5761807817034,-1072.6481860913336,420.6377677163109,247.64308541594073,nothing
1761185144.1976073,-1569.8024369510822,-1130.8036304023117,395.3074253164232,192.0756518743001,nothing
1761185144.211208,-1580.3564346260391,-1136.914626929909,371.67873739637434,204.05829133233055,nothing
1761185144.211208,-1524.6468848860823,-1068.9307255353779,403.4903264194727,250.68362407991663,nothing
1761185144.2268195,-1545.6688625370152,-1102.5524261370301,423.2669173851609,224.04431669553742,nothing
1761185144.2268195,-1586.6955650509335,-1156.212510701269,374.6594376610592,174.55422058189288,nothing
1761185144.227638,-1524.759081884753,-1070.1274935211986,403.0490182247013,256.4655094114132,nothing
1761185144.227638,-1522.417904512491,-1075.6550656557083,431.0159900933504,244.34449365502223,nothing
1761185144.2412236,-1582.1515866047703,-1154.039628827013,383.19762925989926,173.9184375894256,nothing
1761185144.2412236,-1544.1691626547836,-1094.6500175306574,391.9190759565681,245.30564794363454,nothing
1761185144.256862,-1499.0846686889417,-1063.2535574026406,440.0291489865631,268.8520580646582,nothing
1761185144.256862,-1578.295749750454,-1141.9821913698688,389.0318731907755,180.8447323073633,nothing
1761185144.257634,-1551.8322176639922,-1120.5189055241644,389.91074968036264,226.57622896553949,nothing
1761185144.257634,-1526.0194281698205,-1077.0313488394022,417.37283505499363,261.0281873573549,nothing
1761185144.2713325,-1543.8176120589487,-1108.1809755703434,425.47345835901797,212.9368138271384,nothing
1761185144.2713325,-1575.0345569890924,-1138.242291414179,385.61734453123063,201.8928892579861,nothing
1761185144.2868292,-1536.723021843005,-1093.6514642424881,402.54039183072746,249.72246979130432,nothing
1761185144.2868292,-1514.3472004081123,-1074.0581283746287,431.539576087147,250.9154978771694,nothing
1761185144.2876308,-1592.0024830880575,-1136.372341436334,395.6701956121251,195.924008928705,nothing
1761185144.2876308,-1554.8540568281896,-1112.986747013405,386.79915291722864,229.07822203589603,nothing
1761185144.3012064,-1500.685345869977,-1062.8608679072931,449.04230787977576,274.5628852969967,nothing
1761185144.3012064,-1568.1942799701355,-1132.0452771876007,397.91039568558335,208.68080767756328,nothing
1761185144.3168411,-1573.2992434096523,-1128.1071625342593,385.4827081328258,218.91691385628656,nothing
1761185144.3168411,-1525.6678775739856,-1075.7261237548664,425.07328906375915,267.0307267862372,nothing
1761185144.317638,-1538.4171965229325,-1104.665469611995,430.8065556958318,224.39960719132796,nothing
1761185144.317638,-1589.2424369207583,-1144.1588131440803,384.12138454895467,192.67777576716617,nothing
1761185144.3312292,-1524.0933796926402,-1071.9226454999298,417.971219047904,263.67603652598336,nothing
1761185144.3312292,-1518.1469387630932,-1082.401845175773,443.6867711432278,251.8018541666679,nothing
1761185144.3469944,-1577.3645146614872,-1148.8486476885155,383.64641725458205,199.69008818408474,nothing
1761185144.3469944,-1556.3986355098896,-1100.3271856633946,394.0358593314886,241.04590189410374,nothing
1761185144.3476677,-1512.7016444276087,-1065.4413988767192,435.66842563822865,267.61415117932484,nothing
1761185144.3476677,-1563.508185325656,-1129.618082116358,406.4560670843348,202.19956105435267,nothing
1761185144.3612623,-1566.017658195924,-1120.4067085254937,394.84367772191763,235.98955715401098,nothing
1761185144.3612623,-1502.6787125463597,-1050.1676474576816,440.0553282862529,296.4899187372066,nothing
1761185144.3769443,-1554.596003731247,-1114.1049771001562,427.59772153384984,215.85019589262083,nothing
1761185144.3769443,-1574.3015365977772,-1123.6978204865009,393.8900032332167,224.10415509482846,nothing
1761185144.3775785,-1525.903491271194,-1078.5460083214566,411.54981082398444,268.4070099699311,nothing
1761185144.3775785,-1522.6759576094337,-1081.8184207826853,429.0263633169234,250.11889918660745,nothing
1761185144.3912313,-1567.4126408793963,-1129.9247539127246,394.8623772216961,202.24069995386526,nothing
1761185144.3912313,-1563.4184277267195,-1105.447108702734,396.09280430711806,245.6123197400011,nothing
1761185144.4068823,-1515.0203824001364,-1072.9660775875673,429.2694568140432,261.6639703498222,nothing
1761185144.4068823,-1577.390693961177,-1142.1467469679192,419.4522194303572,193.8184452536516,nothing
1761185144.407578,-1572.278250721749,-1128.918720824644,391.0850782664493,223.30381650431082,nothing
1761185144.407578,-1509.9415982603095,-1077.7980283303186,420.0618231231347,264.9924813103862,nothing
1761185144.4211774,-1546.6636759252287,-1113.566431506537,411.5722502237186,219.1188684538938,nothing
1761185144.4211774,-1582.1254073050804,-1124.2288862802088,392.7418539468199,222.3090031160973,nothing
1761185144.4369287,-1535.926423152443,-1091.9984284620732,399.29041876923293,250.93045747699216,nothing
1761185144.4369287,-1518.9734566533007,-1073.4447847818956,438.3574137063697,256.52534781070426,nothing
1761185144.437726,-1578.6622599461116,-1147.4574049049988,387.4012768100947,199.64894928457215,nothing
1761185144.437726,-1570.3148032450117,-1113.0278859129176,377.56907982658595,239.6509192106314,nothing
1761185144.4512393,-1515.7571426914074,-1081.6202060850337,419.153027433902,259.11709847999737,nothing
1761185144.4512393,-1550.7663461766206,-1121.7268932098523,418.52098434139043,212.5628238315694,nothing
1761185144.4668903,-1577.6786662577651,-1139.240844702348,377.471842427738,201.94524785736576,nothing
1761185144.4668903,-1514.3546802080236,-1073.5794211803004,424.7479177676141,277.887656357605,nothing
1761185144.4676287,-1536.554726344999,-1108.3380513684824,432.47829097602516,220.74198503466323,nothing
1761185144.4676287,-1586.5347493528388,-1155.3261544117704,373.0288412803784,189.49138100491837,nothing
1761185144.4976237,-1520.031848340761,-1073.4447847818956,404.933927802369,274.83963789371774,nothing
1761185144.4976237,-1523.7530487966724,-1089.937743586488,414.3509958907962,243.2113039684482,nothing
1761185144.4982626,-1582.1515866047703,-1155.3448539115489,387.0684257140383,200.19497467810288,nothing
1761185144.4982626,-1532.8223061892204,-1091.7889940645546,408.2960978625342,273.01830661529675,nothing
1761185144.4990916,-1506.8786201965995,-1069.6787055265158,441.11371997371316,260.7663943604566,nothing
1761185144.4990916,-1557.7711787936278,-1133.6870932681486,402.57779083028436,203.97975343326107,nothing
1761185144.5111427,-1563.2613519285806,-1110.406216043979,388.1567366011441,233.22577108675614,nothing
1761185144.5111427,-1501.096734865103,-1054.0122646121308,432.69894507341087,276.99008036823943,nothing
1761185144.526935,-1527.4892088524066,-1085.4685631394386,438.03952221013606,239.86783340806141,nothing
1761185144.526935,-1575.5170040833764,-1133.2644845731556,384.1064249491319,210.43482075678185,nothing
1761185144.527641,-1528.884191535879,-1068.7923492370173,421.7522579031065,274.80223889416084,nothing
1761185144.527641,-1506.138120005373,-1056.9667855771258,444.5880870325491,281.4779603150673,nothing
1761185144.5411384,-1578.9651918425225,-1137.3746346244588,382.34493207000196,194.95163494022563,nothing
1761185144.5411384,-1523.6184123982675,-1089.2009832952172,406.4560670843348,260.6616771616973,nothing
1761185144.556944,-1494.4883316433989,-1054.6929264040664,438.7201840020716,278.64685604861006,nothing
1761185144.556944,-1560.3292703633197,-1117.7775588566437,402.5553514305502,211.22019974747673,nothing
1761185144.557587,-1565.909201097209,-1121.584777011536,390.6288104718551,218.85333555703983,nothing
1761185144.557587,-1506.3699938026257,-1061.8697944190353,432.5830081747845,279.43223503930494,nothing
1761185144.5711818,-1542.209455078002,-1100.6824761591852,413.3150436030701,226.61362796509638,nothing
1761185144.5711818,-1577.1550802639686,-1137.8944807182997,367.2132968492806,211.3361366461031,nothing
1761185144.5868936,-1513.6440992164426,-1072.2891556955874,414.51181158889085,272.08707152632996,nothing
1761185144.5868936,-1509.9079391607083,-1074.4358582701534,441.27079577185214,270.16102304914966,nothing
1761185144.587618,-1576.3435219735838,-1134.9773587528616,397.09883739519864,210.8985683512874,nothing
1761185144.587618,-1549.3713634931482,-1098.4310563858598,405.4575137961656,261.37599805323407,nothing
1761185144.601344,-1501.6128410589881,-1058.6123415576294,429.66962610930204,284.1968675828539,nothing
1761185144.601344,-1558.395742086228,-1132.0228377878666,398.43398167937994,202.9699804452248,nothing
1761185144.617026,-1556.6305093071423,-1119.8831225316972,384.1438239486888,219.50407814932987,nothing
1761185144.617026,-1501.8484547561966,-1070.5949810156599,423.74562457948923,280.9768137210049,nothing
1761185144.617756,-1538.6565501200967,-1105.0581591073424,426.62534754537046,234.4973370716907,nothing
1761185144.617756,-1563.979412720073,-1118.3572433497757,405.6370289940387,236.03817585343495,nothing
1761185144.631245,-1540.9154496933334,-1087.4245308162645,404.16724831145257,264.05376642150804,nothing
1761185144.631245,-1532.6203515916131,-1086.104346131906,423.6783063802868,249.13156559830531,nothing
1761185144.6469443,-1575.4197666845284,-1136.7837304314598,393.94984163250774,198.27266610087827,nothing
1761185144.6469443,-1527.9230372472666,-1099.0369201786816,396.39947610348463,249.4382373946719,nothing
1761185144.6476212,-1488.4483932149597,-1051.5401907414198,440.6836314788088,292.9033546797,nothing
1761185144.6476212,-1568.9946185606532,-1135.1606138506904,390.8532044691965,197.71916090743616,nothing
1761185144.6612868,-1562.8237836337648,-1112.2462468221784,392.1060709543526,230.43206581985578,nothing
1761185144.6612868,-1513.9432912128977,-1051.7758044386283,429.2096184147522,284.24922618223354,nothing
1761185144.6769328,-1552.568977955263,-1102.4477089382708,416.8342894613743,233.70073838112876,nothing
1761185144.6769328,-1565.389355003368,-1122.1607216047123,385.93897592741996,228.74163103988394,nothing
1761185144.6777704,-1518.2179968622513,-1076.7732957424596,398.69577467627823,269.3345051589422,nothing
1761185144.6777704,-1515.33827389637,-1067.7264777496457,431.5769750867039,265.16825660830364,nothing
1761185144.691341,-1574.050963300746,-1133.0700097754598,397.17737529426813,217.02826437866315,nothing
1761185144.691341,-1545.635203437414,-1101.819405745715,386.5224003205076,244.3519734549336,nothing
1761185144.7070367,-1497.091302012559,-1048.5557505767792,444.7302032308653,292.9744127788581,nothing
1761185144.7070367,-1563.9046147209592,-1131.1439612982795,402.46185393165797,217.57428977219388,nothing
1761185144.7076533,-1552.4941799561493,-1116.8986823670566,385.28075353521854,235.350034261588,nothing
1761185144.7076533,-1511.4487779424526,-1059.0237305527553,422.1673867981881,269.86931085260585,nothing
1761185144.7213216,-1513.9732104125433,-1079.3313873121515,442.4675637576729,264.2856402187608,nothing
1761185144.7213216,-1591.935164888855,-1145.333141730167,381.4735353803262,183.42900317674503,nothing
1761185144.737138,-1507.4957036892883,-1055.601722093299,423.7867634790018,297.3874947265722,nothing
1761185144.737138,-1511.8826063373126,-1070.3743269182742,444.576867332682,271.72804113058373,nothing
1761185144.737615,-1585.158466169145,-1147.5135034043342,376.8472791351378,177.82289314316586,nothing
1761185144.737615,-1554.8577967281453,-1099.0967585779727,382.2925734706223,242.78495537349954,nothing
1761185144.7512577,-1500.1393204764463,-1060.4486324358732,440.2498030839488,276.4141357750632,nothing
1761185144.7512577,-1555.4187817214988,-1128.1483014337718,411.46753302495927,220.29693693993613,nothing
1761185144.766858,-1563.2576120286249,-1116.315257973969,365.7659555664286,218.32600966328755,nothing
1761185144.766858,-1519.366146148648,-1057.5389902703464,406.489726183936,272.01227352721617,nothing
1761185144.767656,-1540.0664924033917,-1092.9857620503753,420.3161363201216,241.2441165917553,nothing
1761185144.767656,-1583.0155034945346,-1141.3239689776674,381.57077277917415,201.34312396449968,nothing
1761185144.781201,-1525.4659229763784,-1069.603907527402,408.853342955932,263.1711500319652,nothing
1761185144.781201,-1518.7341030561365,-1085.330186841078,427.0591759402305,246.03866833494976,nothing
1761185144.7968566,-1581.5195435122587,-1138.8631148068234,395.24010711722076,202.28183885337785,nothing
1761185144.7968566,-1550.3175581819378,-1099.4333495739847,382.3224926702678,244.1350592575036,nothing
1761185144.7976613,-1518.6443454572,-1057.8419221667573,427.463085135445,272.35260442318395,nothing
1761185144.7976613,-1573.8377890032716,-1120.971433418803,398.87154997419566,205.8945822105743,nothing
1761185144.8111842,-1564.0467309192754,-1109.4712410550565,382.2551744710654,234.10464757634327,nothing
1761185144.8111842,-1512.0172427357174,-1070.8754735123366,420.4619924183935,283.6433623894118,nothing
1761185144.826824,-1542.3328717765398,-1103.891310321167,429.11612091585994,230.44328551972285,nothing
1761185144.826824,-1576.9119867668487,-1141.4548654761165,382.5207073679194,205.30741791753098,nothing
1761185144.8276284,-1519.6952573447488,-1070.3107486190274,424.4562055710703,281.62007651338354,nothing
1761185144.8276284,-1512.4996898300014,-1080.9507639929652,421.32590930815786,248.40976490685716,nothing
1761185144.8412323,-1565.7371656992473,-1130.1828070096672,397.23721369355917,219.74717164644971,nothing
1761185144.8412323,-1552.0715712611564,-1091.807693564333,400.7078408524394,247.30275451997295,nothing
1761185144.8568754,-1518.075880663935,-1079.084553915076,427.7136584324762,264.4314963170327,nothing
1761185144.8568754,-1561.398881750647,-1118.2749655507505,392.0088335555047,221.85647522145882,nothing
1761185144.8576517,-1580.8463615202345,-1142.7937496602535,362.2055708086118,199.1141435909085,nothing
1761185144.8576517,-1508.0604285825975,-1064.9327724827453,432.11178078036755,283.6396224894561,nothing
1761185144.871911,-1563.691440423485,-1136.8248693309724,396.82395474845544,195.50888003362343,nothing
1761185144.872579,-1583.0977812935598,-1138.2909101136029,376.29564389167354,205.31489771744236,nothing
1761185144.872579,-1542.680682472419,-1097.0959121016786,390.33522832533345,252.46381645882502,nothing
1761185144.8863487,-1533.6525639793836,-1094.8669317280874,404.18781776120886,237.6500727343373,nothing
1761185144.8863487,-1589.2199975210242,-1146.3316950183362,386.4307727715932,194.61504394421354,nothing
1761185144.9018571,-1556.0059460145421,-1107.0066469842568,380.1327812462114,238.54764872370288,nothing
1761185144.9018571,-1515.8805593899451,-1072.704284590669,431.5264864373021,262.0753593449481,nothing
1761185144.9025507,-1582.5255766003393,-1158.7593825710937,397.8673868360929,186.02075384603813,nothing
1761185144.9025507,-1581.55320261186,-1118.2113872515038,377.7916038739495,223.6067484007217,nothing
1761185144.9164028,-1530.8027602131478,-1080.5468547977507,406.90298512903973,257.5762596982531,nothing
1761185144.9164028,-1563.1267155301757,-1123.5856234878302,405.8445934415795,211.55305084353313,nothing
1761185144.9318964,-1602.2685084664263,-1157.1175664905459,361.0405919724144,176.3643321604468,nothing
1761185144.9318964,-1539.2773735127412,-1092.144284560345,406.01288893958554,258.3653785889037,nothing
1761185144.9327586,-1523.8128871959634,-1097.9635688913986,424.86198471626267,248.18911080947146,nothing
1761185144.9327586,-1583.1277004932053,-1152.0462621506304,390.8999532186426,186.89215053571388,nothing
1761185144.9462223,-1560.0824369662441,-1117.1754349637777,402.14957228535786,237.18632513983175,nothing
1761185144.9462223,-1508.3596205790527,-1068.1977051440626,434.4398685027845,269.6673562549986,nothing
1761185144.9618895,-1581.298889414873,-1155.2251771129668,388.22218485036865,188.93787581147626,nothing
1761185144.9618895,-1576.8858074671589,-1124.2214064802974,370.46887976070866,224.96433208463714,nothing
1761185144.9625945,-1508.138966481667,-1054.0870626112446,425.0414999141358,278.68051514821127,nothing
1761185144.9625945,-1543.1780891665258,-1115.844030579552,426.72445489419624,228.85382803855464,nothing
1761185144.9762387,-1590.3494473076425,-1150.8532340647653,385.1629466866143,202.895182446111,nothing
1761185144.9762387,-1526.1652842680924,-1077.480136834085,407.104939726647,274.7012615953572,nothing
1761185144.9919024,-1524.8488394836895,-1086.1417451314628,419.876698075328,257.5014616991393,nothing
1761185144.9919024,-1589.0105631235056,-1149.8771201763302,384.73659809166566,199.35349718807265,nothing
1761185144.9927423,-1552.969147250522,-1100.9293095562607,379.8560286494903,244.28839515568689,nothing
1761185144.9927423,-1503.206038440112,-1060.643107233569,432.98130752006546,282.54383180243894,nothing
1761185145.0061805,-1568.9385200613178,-1129.8088170140982,400.96402399940416,205.98807970946655,nothing
1761185145.0061805,-1573.0037913131528,-1130.1902868095785,374.54163081245497,216.92354717990384,nothing
1761185145.0218947,-1511.0785278468393,-1067.4833842525259,426.7693336936645,276.4814539742656,nothing
1761185145.0218947,-1552.378243057523,-1108.016419972293,417.01941450918093,228.43121934356168,nothing
1761185145.022588,-1584.7545569739304,-1141.376327577047,381.6474407282658,203.81145793525502,nothing
1761185145.022588,-1527.350832554046,-1069.1027609333396,409.52091509802267,276.7095878715627,nothing
1761185145.0362306,-1525.8885316713713,-1079.2715489128605,414.8427927349694,241.7602227856405,nothing
1761185145.0362306,-1584.7994357733987,-1148.4709177929908,393.1251936922781,204.4846399272792,nothing
1761185145.0518188,-1550.2278005830012,-1106.0193133959547,395.08116136910394,245.15231204545125,nothing
1761185145.0518188,-1511.673171939794,-1075.875719753094,425.75582080567256,269.3681642585434,nothing
1761185145.052637,-1574.4511325960048,-1132.1911332858726,396.431265253108,217.09558257786557,nothing
1761185145.052637,-1560.856596257072,-1131.6151886926964,382.91900671320036,229.2053786343895,nothing
1761185145.0662076,-1510.8242146498524,-1067.337528154254,421.98226175038144,283.43018809193745,nothing
1761185145.0662076,-1549.060951796826,-1107.3282783804461,413.33935295278206,232.3169753975235,nothing
1761185145.0818863,-1580.5845685233362,-1136.54063693434,400.67231180286035,228.62195424130186,nothing
1761185145.0818863,-1523.9213442946784,-1076.1599521497265,402.014935886953,269.8206921531819,nothing
1761185145.0826333,-1518.9771965532564,-1080.0457082036883,421.372658057604,259.46116927592084,nothing
1761185145.0826333,-1578.6510402462445,-1137.4980513229966,383.6408074046485,197.73038060730323,nothing
1761185145.0962179,-1551.30489177024,-1091.2990671703592,391.51329681137577,251.92153096524999,nothing
1761185145.0962179,-1494.521990743,-1058.4552657594904,437.570164765697,277.9736740565859,nothing
1761185145.1118195,-1569.0843761595897,-1132.2023529857397,400.59003400383517,211.77370494091883,nothing
1761185145.1118195,-1574.3576350971125,-1129.9733726121485,373.6739740227349,224.68757948791608,nothing
1761185145.1125371,-1508.5653150766157,-1070.063915221952,426.1821694006212,291.24657899932936,nothing
1761185145.1125371,-1553.0140260499902,-1110.9148424379528,410.0744202914648,229.09692153567448,nothing
1761185145.1261969,-1581.081975217443,-1129.2216527210549,380.7461248389445,217.2750977757387,nothing
1761185145.1261969,-1546.069031832274,-1088.3146270057186,407.78186161862686,262.49048824002966,nothing
1761185145.141791,-1524.1345185921527,-1083.8192672589794,419.00904128560796,256.94421660574153,nothing
1761185145.141791,-1588.7936489260755,-1153.4412448341027,368.4942125841044,191.24913398409262,nothing
1761185145.1425836,-1548.7131411009468,-1105.4695481024683,392.9381986944936,246.24062293255702,nothing
1761185145.1425836,-1520.428277736064,-1078.4001522231847,430.4381755501963,263.60497842682526,nothing
1761185145.1562023,-1579.8552880319767,-1132.3033302845433,393.25983009068295,186.07685234537348,nothing
1761185145.1562023,-1566.017658195924,-1123.649201787077,372.6006227354519,221.54980342509225,nothing
1761185145.1718504,-1511.9200053368695,-1061.3985670246184,421.30907975835726,272.6742358193733,nothing
1761185145.1718504,-1550.9982199738733,-1109.9985669488087,414.4388835397549,214.81798350485042,nothing
1761185145.1726136,-1584.9191125719808,-1134.405154059641,372.5744434357621,192.78997276583686,nothing
1761185145.1726136,-1529.9538029232062,-1077.4240383347496,405.6239393441938,264.83540551224723,nothing
1761185145.1861444,-1518.3825524603017,-1079.940991004929,424.327179022599,258.08862599218264,nothing
1761185145.1861444,-1588.5692549287342,-1151.3319412590936,379.4483795543201,187.4045168296434,nothing
1761185145.2018702,-1551.0730179729871,-1094.0366739379242,402.93869117600843,253.38757174788043,nothing
1761185145.2018702,-1515.1250995988958,-1072.6818451909348,435.1242701946758,262.19877604348585,nothing
1761185145.2026825,-1566.5674234894104,-1133.7244922677055,395.07368156919256,192.89842986455187,nothing
1761185145.2026825,-1574.6755265933461,-1117.762599256821,376.048810494598,216.53459758451208,nothing
1761185145.2162056,-1526.2812211667188,-1066.5671087633818,413.4066711519845,272.42366252234206,nothing
1761185145.2162056,-1549.4648609920405,-1099.5492864726111,411.63769847294316,229.02212353656068,nothing
1761185145.2319355,-1601.0829601804726,-1134.7230455558747,383.36405480792746,200.19497467810288,nothing
1761185145.2319355,-1524.9685162822716,-1070.7183977141976,418.320899693761,271.1446167374961,nothing
1761185145.2326477,-1513.6104401168413,-1076.2534496486187,430.7523271464743,245.62353943986818,nothing
1761185145.2326477,-1584.7807362736203,-1146.369094017893,377.51485127722844,187.9206230235286,nothing
1761185145.2461977,-1541.341798288282,-1094.930510027334,394.5426157754846,251.8392531662248,nothing
1761185145.2461977,-1519.29508804949,-1074.5517951687798,418.9492028863169,254.00091534061357,nothing
1761185145.2621176,-1564.8059306102805,-1120.4815065246075,405.15645184973255,213.8568292162381,nothing
1761185145.2621176,-1569.996911748778,-1118.099190252833,389.5274099349044,228.0871485476382,nothing
1761185145.262602,-1512.7689626268111,-1072.2891556955874,417.5803995025344,260.7327352608554,nothing
1761185145.262602,-1525.9184508710168,-1095.6410910189152,422.00844105007127,238.59252752317116,nothing
1761185145.276192,-1586.1158805578016,-1137.2362583260983,379.9420463484712,204.24528633011505,nothing
1761185145.276192,-1517.6457921690308,-1069.8993596239015,411.6900570723228,268.45936856931075,nothing
1761185145.2921393,-1519.9757498414256,-1077.2108640372753,445.98493966599926,265.68062290223315,nothing
1761185145.2921393,-1579.1895858398639,-1130.594196004793,392.6764056975953,198.2951055006124,nothing
1761185145.2926683,-1535.552433156874,-1090.3566123815253,395.9936969582923,255.38093842426315,nothing
1761185145.2926683,-1506.3924332023598,-1062.1166278161108,438.811811550986,287.6300957421772,nothing
1761185145.306209,-1563.0107786315493,-1125.687447262928,412.8868250581436,212.3758288337849,nothing
1761185145.306209,-1565.041544307489,-1121.1808678163216,386.9468789654784,230.3123890212737,nothing
1761185145.3218832,-1509.032802571077,-1051.1101022465155,420.19458957156166,285.76014576433226,nothing
1761185145.3218832,-1534.142490873579,-1104.9010833092034,424.6338508189656,232.13746019965038,nothing
1761185145.322771,-1586.3926331545226,-1141.7241382729262,388.9402456418611,209.492365967948,nothing
1761185145.322771,-1535.6347109558992,-1068.5230764402077,407.912758117076,270.79680604161695,nothing
1761185145.3362253,-1521.105199628044,-1078.9723569164053,434.6306034005247,249.4681565943174,nothing
1761185145.3362253,-1581.8935335078277,-1140.9237996824086,377.35777547908947,197.86501700570807,nothing
1761185145.351879,-1547.2433604183607,-1096.7069625062868,393.7273175851442,244.9092185483314,nothing
1761185145.351879,-1523.6071926984005,-1069.5478090280667,435.1878484939225,261.0244474573992,nothing
1761185145.3528042,-1572.880374614615,-1138.9977512052283,397.89730603573844,192.19906857283786,nothing
1761185145.3528042,-1573.9200668022968,-1118.5442383475602,372.1144357412122,217.36111547471955,nothing
1761185145.3661387,-1515.446730995085,-1075.670025255531,432.68959532352164,263.23472833121195,nothing
1761185145.3661387,-1557.7711787936278,-1126.626162151806,406.1063864384778,211.0070254500024,nothing
1761185145.3818576,-1591.658412292134,-1142.1056080684066,370.61847575893626,195.8492109295912,nothing
1761185145.3818576,-1527.9641761467792,-1079.843753606081,407.19843722553924,263.1823697318323,nothing
1761185145.3825932,-1533.8320791772567,-1093.857158740051,430.31475885165855,234.47115777200088,nothing
1761185145.3825932,-1589.0442222231068,-1149.4919104808941,386.5354899703525,189.16226980881765,nothing
1761185145.3961694,-1547.819305011537,-1098.9209832800552,396.6930582500063,254.4758826349862,nothing
1761185145.3961694,-1513.0569349233992,-1065.7854696726426,438.64351605298,276.5225928737782,nothing
1761185145.4118693,-1567.416380779352,-1135.21297245007,404.60294665629044,208.5985298785381,nothing
1761185145.4118693,-1584.5638220761903,-1122.9909793948755,370.25196556327865,225.1962058818899,nothing
1761185145.4126885,-1522.634818709921,-1060.4224531361833,418.83326598769054,282.1474024071358,nothing
1761185145.4126885,-1538.34987832373,-1103.9025300210342,415.8787450226955,230.574182018172,nothing
1761185145.4262192,-1582.3385816025548,-1141.3501482773572,375.4878255012445,201.8554902584292,nothing
1761185145.4262192,-1516.8604131783359,-1062.7112719090655,404.27383546018973,284.0734508843161,nothing
1761185145.4419374,-1524.0260614934377,-1077.6633919319138,419.98515517404303,249.40457829507068,nothing
1761185145.4419374,-1581.1006747172214,-1132.6474010804668,387.14883356308565,205.32985731726512,nothing
1761185145.4426343,-1546.502860227134,-1100.1252310657874,397.36998014198616,255.04808732820675,nothing
1761185145.4426343,-1509.5002900655381,-1062.2250849148259,434.98963379627094,285.0794839723967,nothing
1761185145.4561772,-1574.4885315955617,-1137.554149822332,392.63526679808274,194.61504394421354,nothing
1761185145.4561772,-1563.8036374221556,-1120.4777666246518,377.77664427412674,230.50686381896958,nothing
1761185145.4719138,-1508.355880679097,-1054.7976436028257,431.8256784337573,277.43512846296653,nothing
1761185145.4719138,-1539.3222523122095,-1100.3907639626414,414.618398737628,234.73295076889917,nothing
1761185145.4726672,-1594.781228755135,-1138.3470086129382,379.2726042564027,201.24214666569605,nothing
1761185145.4726672,-1525.8099937723018,-1057.7446847679093,413.5413075503893,277.91757555725053,nothing
1761185145.486206,-1521.8083008197136,-1078.216897125356,432.0425926311873,251.3942050714977,nothing
1761185145.486206,-1580.0460229297169,-1142.8685476593673,381.39686743123457,200.54278537398204,nothing
1761185145.5019364,-1556.6005901074968,-1104.3176589161158,370.8690490559675,243.41699846601114,nothing
1761185145.5019364,-1492.895134262275,-1045.0402446184307,439.02124594850466,297.21171942865476,nothing
1761185145.5025575,-1575.580582382623,-1130.9644461004063,387.47420485923067,203.07095774402842,nothing
1761185145.5025575,-1569.2938105571084,-1120.1000367291272,390.7690567201935,226.54256986593828,nothing
1761185145.5164218,-1519.6952573447488,-1056.0093711884692,434.91483579715714,270.42281604604796,nothing
1761185145.5164218,-1543.1219906671904,-1109.9200290497392,414.00879504485056,224.1976525937207,nothing
1761185145.531932,-1575.9171733786352,-1138.6013218099251,383.7604842032306,204.09195043193176,nothing
1761185145.531932,-1529.860305424314,-1067.408586253412,416.2901340178214,274.05799880297855,nothing
1761185145.5326056,-1530.7204824141227,-1086.3549194289371,437.5140662663616,244.33327395515516,nothing
1761185145.5326056,-1592.563468081411,-1141.5857619745657,391.4721579118632,191.5932047800161,nothing
1761185145.5462537,-1553.414195345249,-1089.0065084975213,387.3956669601612,252.44885685900226,nothing
1761185145.5462537,-1513.0943339229561,-1069.8507409244776,423.5231005321257,266.0396532979794,nothing
1761185145.5618508,-1585.2145646684803,-1136.9071471299976,391.172965915408,191.02473998675123,nothing
1761185145.5618508,-1576.8745877672918,-1119.2435996392742,376.55743688857183,219.2385452524759,nothing
1761185145.5626333,-1516.6135797812603,-1064.5475627873093,423.9157900274731,268.3995301700197,nothing
1761185145.5626333,-1550.1193434842862,-1110.8176050391048,426.1073714015074,222.02103081950918,nothing
1761185145.5762708,-1586.5609286525287,-1139.0089709050953,381.8232160261832,196.5186530216597,nothing
1761185145.5762708,-1512.5857075289823,-1056.3571818843484,418.5602532909252,286.6652015536092,nothing
1761185145.5918677,-1539.5055074100383,-1093.2176358476281,428.5869250721298,241.63306618714705,nothing
1761185145.5918677,-1560.2208132646047,-1114.2620528982952,405.6239393441938,228.63691384112462,nothing
1761185145.5925875,-1560.1534950654022,-1097.982268391177,391.2066250150092,246.00126933539286,nothing
1761185145.5925875,-1501.0742954653688,-1048.522091477178,438.9950666488148,290.7192531055771,nothing
1761185145.6062331,-1577.027923665475,-1126.4653464537114,399.48302361695096,211.17906084796414,nothing
1761185145.6062331,-1560.0151187670417,-1104.231641217135,389.29179623769596,243.7648091618903,nothing
1761185145.6216931,-1509.694764863234,-1047.6768740871921,435.6328965886496,302.3503419677727,nothing
1761185145.6216931,-1553.414195345249,-1103.4986208258197,418.56399319088086,228.77529013948515,nothing
1761185145.636933,-1586.5646685524844,-1127.9388670362532,386.9767981651239,216.0820696898736,nothing
1761185145.636933,-1527.1675774562173,-1067.445985252969,418.53407399123535,276.50763327395543,nothing
1761185145.637725,-1538.084345426876,-1075.2100175609812,446.2317730630748,254.81995343090966,nothing
1761185145.637725,-1590.9141722009517,-1137.494311423041,388.25958384992555,204.8586299228482,nothing
1761185145.651873,-1534.9802284636535,-1076.3020683480427,410.37735218787566,277.4762673624791,nothing
1761185145.651873,-1511.0897475467063,-1056.9106870777905,434.735320599284,283.8901957864873,nothing
1761185145.652638,-1559.9851995673962,-1114.2957119978964,417.79731369996443,226.33687536837533,nothing
1761185145.652638,-1570.3821214442141,-1110.6605292409658,378.5321040651761,228.56585574196652,nothing
1761185145.6662197,-1516.3106478848495,-1058.8404754549265,438.5238392543979,276.6048706728034,nothing
1761185145.6662197,-1549.2367270947434,-1110.623130241409,415.48605552734807,222.13696771813557,nothing
1761185145.681833,-1567.1059690830298,-1123.5856234878302,391.2402841146104,214.2308192118071,nothing
1761185145.681833,-1524.4860691879876,-1060.6094481339678,427.50235408497974,284.9710268736817,nothing
1761185145.6826077,-1521.0491011287086,-1077.2071241373196,419.87295817537233,254.36742553627118,nothing
1761185145.6826077,-1583.5503091881983,-1139.2034457027912,388.1586065511219,205.53929171478376,nothing
1761185145.6961503,-1543.5670387619175,-1089.6871702894568,388.69715214474127,249.29986109631136,nothing
1761185145.6961503,-1504.122313929256,-1062.4831380117685,437.787078963127,276.39543627528474,nothing
1761185145.7118866,-1565.5501707014628,-1127.2469855444506,403.63057266781107,214.07000351371244,nothing
1761185145.7118866,-1573.0524100125767,-1116.266639274545,384.4336661952548,217.72014587046579,nothing
1761185145.712541,-1523.8802053951658,-1053.3166432203725,424.2897800230421,277.94749475689605,nothing
1761185145.712541,-1533.0840991861187,-1091.4411833686754,430.35215785121545,252.90138475364074,nothing
1761185145.7262332,-1579.0362499416806,-1142.2365045668557,365.3115577218123,201.01401276839897,nothing
1761185145.7262332,-1499.7354112812318,-1047.6843538871035,425.5875253076665,304.84111533826217,nothing
1761185145.741851,-1515.7160037918948,-1079.6193596087396,440.61818322958425,252.3628391600214,nothing
1761185145.741851,-1576.4519790722989,-1146.7991825127974,385.9857246768661,199.4469946869649,nothing
1761185145.742571,-1543.5333796623163,-1088.2959275059402,409.89490509359166,250.2871946846135,nothing
1761185145.742571,-1512.5557883293368,-1059.7193519445136,458.76791771454737,285.18046127120033,nothing
1761185145.7726128,-1574.1295011998154,-1122.5721105998382,391.0121502173133,209.25301237078384,nothing
1761185145.7726128,-1557.744999493938,-1109.777912851423,386.32979547278956,240.64199269888923,nothing
1761185145.7732751,-1503.7109249341302,-1055.5157043943182,430.5092336493544,283.8864558865316,nothing
1761185145.7732751,-1555.7516328175552,-1120.7021606219932,415.4673560275696,217.58176957210526,nothing
1761185145.7740972,-1583.4306323896162,-1134.8988208537921,378.7639778624289,201.664755360689,nothing
1761185145.7740972,-1518.6480853571557,-1060.620667833835,426.5150204966776,285.21038047084585,nothing
1761185145.7862449,-1535.335518959444,-1084.8776589464396,430.06418555462733,249.20262369746342,nothing
1761185145.7862449,-1591.7032910916023,-1144.1101944446564,390.0846550283022,198.06697160331532,nothing
1761185145.8018646,-1552.3371041580103,-1098.1655234890059,401.40533219417557,251.4764828705229,nothing
1761185145.8018646,-1520.005669041071,-1072.281675895676,427.2929196874611,257.9091107943095,nothing
1761185145.802716,-1577.0952418646775,-1140.7779435841367,399.6139201154001,188.2235549199395,nothing
1761185145.802716,-1564.473079514224,-1122.0111256064847,371.7217462458648,219.5339973489754,nothing
1761185145.8161552,-1513.868493213784,-1071.3205216070637,419.24091508286074,266.5221003922634,nothing
1761185145.8161552,-1556.899782103952,-1124.3261236790568,411.75737527152523,204.9259481220506,nothing
1761185145.831843,-1580.8239221205004,-1145.3668008297682,375.1998532046564,194.06153875077143,nothing
1761185145.831843,-1529.1684239325114,-1078.4412911226973,406.5028158337809,263.728395125363,nothing
1761185145.8325796,-1539.8084393064491,-1097.6194980954751,418.8744048872031,234.19066527532414,nothing
1761185145.8325796,-1586.8788201487623,-1156.7323567951098,369.234712775331,184.87634445959702,nothing
1761185145.8461945,-1546.7908325237222,-1097.0585131021217,388.8280486431904,243.30854136729613,nothing
1761185145.8461945,-1505.3078622152098,-1065.5124569758773,439.1633621468209,271.08851823816076,nothing
1761185145.8618512,-1570.0717097478919,-1140.8602213831618,397.9833237347193,202.80542484717444,nothing
1761185145.8618512,-1561.7466924465261,-1125.6911871628836,388.1735661509447,234.58709467062727,nothing
1761185145.862584,-1512.155619034078,-1059.3939806483686,438.65099585289136,288.3855555332266,nothing
1761185145.862584,-1551.2450533709489,-1111.0158197367564,422.49836794426665,227.96747174905613,nothing
1761185145.876948,-1577.618827858474,-1134.8801213540137,382.92274661315605,206.81459759967402,nothing
1761185145.877684,-1515.1026601991616,-1064.6298405863345,425.57630560779944,275.01915309159085,nothing
1761185145.877684,-1527.7472619493492,-1087.0841999202967,423.9569289269857,248.81367410207167,nothing
1761185145.8912501,-1578.6884392458014,-1142.3599212653935,383.6744665042497,193.05176576273516,nothing
1761185145.8912501,-1541.281959888991,-1104.5345731135458,400.72467040224,257.4752823994495,nothing
1761185145.9069908,-1511.6694320398383,-1070.243430419825,435.91338908532634,262.98041513422504,nothing
1761185145.9069908,-1566.320590092335,-1140.3141959896311,403.3687796709128,200.65872227260843,nothing
1761185145.907683,-1559.349416574929,-1119.9242614312097,389.56106903450564,239.75189650943503,nothing
1761185145.907683,-1514.6538722044788,-1063.76592369657,430.27361995214596,277.6969214598648,nothing
1761185145.9212296,-1547.8267848114483,-1100.914349956438,416.4434699160047,224.39960719132796,nothing
1761185145.9212296,-1577.0466231652535,-1128.496112129651,393.85073428368196,213.2285260236822,nothing
1761185145.9369535,-1521.6886240211315,-1077.5063161337748,417.00819480931386,261.7088491492905,nothing
1761185145.9369535,-1525.4734027762897,-1089.9601829862222,433.3291182159446,247.2503959205933,nothing
1761185145.9376924,-1579.2830833387561,-1144.5066238399595,389.18333913898095,200.31465147668496,nothing
1761185145.9376924,-1545.6277236375026,-1087.8807986108586,402.172011685092,255.30240052519366,nothing
1761185145.9512467,-1512.7427833271213,-1076.309548147954,433.68066881177947,254.66661753272638,nothing
1761185145.9512467,-1573.1122484118678,-1131.3346961960196,396.9099724474363,200.95043446915224,nothing
1761185145.966905,-1564.521698213648,-1119.2361198393628,385.8772675781511,231.25110391015187,nothing
1761185145.966905,-1515.039081899915,-1065.022530081682,422.0645395494066,273.1903420132585,nothing
1761185145.9676669,-1560.7780583580025,-1121.9325877074152,418.4443163922988,208.71820667712018,nothing
1761185145.9676669,-1586.3664538548328,-1143.983037846163,386.96557846525684,205.41961491620168,nothing
1761185145.9813187,-1520.2786817378365,-1069.0803215336055,412.737229059916,281.02169252047315,nothing
1761185145.9813187,-1523.491255799774,-1090.023761285469,437.0428388719447,255.66891072085127,nothing
1761185145.996919,-1588.2999821319245,-1138.578882410191,390.6082410220988,200.3333509764634,nothing
1761185145.996919,-1543.4922407628037,-1086.1716643311083,399.7747358134948,250.60882608080283,nothing
1761185145.9975755,-1511.4525178424083,-1069.3346347305924,444.20848718704656,264.20710231969133,nothing
1761185145.9975755,-1573.2842838098295,-1144.5926415389404,406.2896415363066,200.9990531685762,nothing
1761185146.0112472,-1554.0985970371403,-1115.4737804839388,404.4421309581958,246.94372412422672,nothing
1761185146.0112472,-1513.2514097210951,-1058.2607909617946,453.06831018207595,293.5615770719014,nothing
1761185146.0268886,-1551.7237605652772,-1122.52723180037,417.34478580532596,217.12924167746678,nothing
1761185146.0268886,-1564.8171503101476,-1130.9756658002734,391.63671350991353,218.65138095943257,nothing
1761185146.027596,-1511.4375582425855,-1065.6508332742378,411.22630947781727,283.95003418577835,nothing
1761185146.027596,-1522.3431065133773,-1082.087693579495,433.3702571154572,251.04639437561855,nothing
1761185146.0412648,-1584.3768270784058,-1142.487077863887,381.07149613508955,199.64146948466077,nothing
1761185146.0412648,-1534.2098090727814,-1085.704176836647,402.2168904845603,251.60737936897203,nothing
1761185146.056831,-1501.3211288624443,-1056.7461314797401,441.01835252484307,276.5599918733351,nothing
1761185146.056831,-1579.2830833387561,-1139.3231225013733,408.0286950157024,193.2238011606969,nothing
1761185146.0575707,-1550.3586970814504,-1117.3699097614735,379.377321455162,219.73969184653834,nothing
1761185146.0575707,-1506.0483624064364,-1060.0073242411017,420.12727137235925,268.6239241673611,nothing
1761185146.0712414,-1552.726053753402,-1112.1564892232418,422.819999340456,211.55305084353313,nothing
1761185146.0712414,-1582.0767886056565,-1131.6151886926964,382.61981471674517,214.051304013934,nothing
1761185146.0868456,-1513.7039376157336,-1074.6677320674062,435.3411843921058,259.3302727774717,nothing
1761185146.0868456,-1530.4437298174016,-1087.9331572102383,435.21028789365664,245.62727933982387,nothing
1761185146.0875587,-1567.876388473902,-1135.5607831459492,383.5697493054904,192.4459019699134,nothing
1761185146.0875587,-1528.641098038759,-1079.7016374077648,397.9945434345864,263.38806422939524,nothing
1761185146.1012285,-1504.38784682611,-1053.4176205191761,444.66101508168504,281.7734124115668,nothing
1761185146.1012285,-1566.1971733937971,-1126.7420990504324,416.9520963099785,205.98807970946655,nothing
1761185146.1169286,-1561.3053842517547,-1115.5149193834513,390.8401148193516,236.99185034213588,nothing
1761185146.1169286,-1513.337427420076,-1058.8068163553253,437.95163456117734,284.09963018400595,nothing
1761185146.117651,-1550.0333257853054,-1108.367970568128,413.00650185672566,223.07568260701373,nothing
1761185146.117651,-1565.8643222977407,-1119.3445769380778,382.0251706237905,227.1222543590702,nothing
1761185146.1312351,-1510.008916459512,-1055.6466008927673,427.8539046808146,283.84157708706334,nothing
1761185146.1312351,-1518.2516559618525,-1068.784869437106,440.43118823179975,265.7778603010811,nothing
1761185146.146824,-1576.739951368887,-1129.7826377144083,385.95954537717625,207.80193118797615,nothing
1761185146.146824,-1544.225261154119,-1092.615511954762,414.0349743445404,260.4111038646661,nothing
1761185146.1477184,-1512.9447379247285,-1060.0447232406586,436.6277099768631,281.8519503106363,nothing
1761185146.1477184,-1557.8684161924757,-1123.1106561934575,395.41775236511603,212.47306623263285,nothing
1761185146.1612444,-1556.888562404085,-1106.6476165885106,389.6096877339296,231.56525550642982,nothing
1761185146.1612444,-1512.7727025267668,-1068.7549502374604,430.57655184855685,277.8165982584469,nothing
1761185146.176988,-1540.522760197986,-1109.0374126601964,433.3328581159003,233.311788785737,nothing
1761185146.176988,-1573.1384277115576,-1127.6658543394879,385.18538608634844,207.55509779090062,nothing
1761185146.1775887,-1517.668231568765,-1068.0181899461895,426.7057553944178,263.90043052332476,nothing
1761185146.1775887,-1525.1068925806321,-1079.0995135148987,448.5729504353367,267.60293147945777,nothing
1761185146.1912282,-1580.6294473228045,-1140.400213688612,391.655413009692,187.72988812578842,nothing
1761185146.1912282,-1525.4322638767771,-1078.9199983170256,406.5776138328947,267.7375678778626,nothing
1761185146.2069168,-1500.1954189757816,-1054.4760122066364,437.95537446113303,274.58158479677513,nothing
1761185146.2069168,-1553.3393973461352,-1110.6380898412317,410.34369308827445,208.65836827782914,nothing
1761185146.207644,-1557.311171099078,-1102.8403984336182,393.2747896905057,232.40299309650436,nothing
1761185146.207644,-1494.6603670413606,-1045.3431765148416,445.02752527734265,278.72913384763524,nothing
1761185146.2212384,-1549.120790196117,-1114.108717000112,429.12547066574916,224.7212385875173,nothing
1761185146.2212384,-1564.6600745120086,-1125.0067854709923,385.63417408103123,211.7437857412733,nothing
1761185146.2369273,-1510.345507455524,-1060.2765970379114,424.0728658256121,283.0524581964128,nothing
1761185146.2369273,-1521.0004824292846,-1090.3640921814367,423.6951359300874,237.9866637303494,nothing
1761185146.2376938,-1571.9902784251608,-1136.4247000357136,391.3599609131925,191.99337407527491,nothing
1761185146.2376938,-1533.1065385858528,-1076.130032950081,402.280468783807,264.71198881370947,nothing
1761185146.25117,-1527.6500245505013,-1081.9642768809572,425.56882580788806,254.71897613210604,nothing
1761185146.25117,-1572.7158190165646,-1132.718459179625,401.1061401977204,201.02149256831035,nothing
1761185146.2668793,-1561.5148186492734,-1120.945254119113,391.8386681075208,231.36704080877826,nothing
1761185146.2668793,-1518.3937721601687,-1073.1568124853075,424.0392067260109,269.16246976098046,nothing
1761185146.2675433,-1565.2060999055393,-1125.3209370672703,412.0341278682463,205.43831441598013,nothing
1761185146.2675433,-1597.171024826821,-1156.92309169285,373.95820641936734,190.21318169636652,nothing
1761185146.2811873,-1528.1997898439877,-1080.7301098955795,414.7642548358999,259.31157327769324,nothing
1761185146.2811873,-1511.2281238450669,-1076.4890633458272,427.8838238804601,238.3868330256082,nothing
1761185146.2969415,-1578.4977043480612,-1137.0081244288012,384.5421232939698,190.60213129175827,nothing
1761185146.2969415,-1535.156003761571,-1093.965615838766,398.361053630244,242.74007657403126,nothing
1761185146.2975535,-1515.2148571978323,-1075.165138761513,432.8167519220151,250.60508618084714,nothing
1761185146.2975535,-1558.6350956833921,-1133.5636765696108,389.85278123104945,194.46544794598594,nothing
1761185146.3111887,-1570.5616366420873,-1121.6782745104283,384.3476484962739,218.65512085938826,nothing
1761185146.3111887,-1517.4064385718666,-1073.0483553865924,427.5995914838277,269.08393186191097,nothing
1761185146.3268855,-1560.2694319640286,-1121.5885169114918,419.2932736822404,215.09099620161578,nothing
1761185146.3268855,-1575.9396127783693,-1124.9693864714354,392.1715192035772,219.73595194658265,nothing
1761185146.3275754,-1503.1424601408653,-1055.7251387918368,431.9752744319849,284.1071099839173,nothing
1761185146.3275754,-1524.2728948905133,-1084.1034996556118,427.4350358857773,239.66961871040985,nothing
1761185146.341152,-1586.617027151864,-1147.9996903985739,375.80945689743385,188.15997662069276,nothing
1761185146.341152,-1528.775734437164,-1080.7675088951364,404.78994165407494,257.2434086021967,nothing
1761185146.3569076,-1502.3346417504363,-1049.5655235648155,452.4100877898745,290.9698264026083,nothing
1761185146.3569076,-1570.9281468377449,-1135.9946115408093,399.52790241641924,200.61384347314015,nothing
1761185146.3575697,-1557.1690549007617,-1104.6692095119506,391.6105342102237,239.908972307574,nothing
1761185146.3575697,-1505.7491704099812,-1059.1508871512488,432.83919132174924,280.31485142884776,nothing
1761185146.3711543,-1552.9392280508764,-1117.2651925627142,410.9981755805202,211.50443214410916,nothing
1761185146.3711543,-1577.271017162595,-1136.0843691397458,378.65552076371387,222.5670562130399,nothing
1761185146.3868256,-1528.8542723362334,-1079.4996828101575,422.2964133466594,270.54249284463003,nothing
1761185146.3868256,-1536.9249764406122,-1089.1448847958818,443.65498199360445,245.52630204102024,nothing
1761185146.3876386,-1575.2589509864338,-1136.4733187351376,386.10166157549247,195.21342793712392,nothing
1761185146.3876386,-1537.6243377323262,-1086.4745962275192,402.41884508216754,249.3185605960898,nothing
1761185146.4011748,-1521.6512250215746,-1065.804169172421,428.6579831712879,259.001161581371,nothing
1761185146.4011748,-1576.7175119691528,-1134.6968662561849,396.805255248677,200.60262377327308,nothing
1761185146.416891,-1567.019951384049,-1107.1824222821742,380.55165004124865,241.25907619157806,nothing
1761185146.416891,-1509.4142723665573,-1059.0910487519577,423.76245412928984,272.5994378202595,nothing
1761185146.4176185,-1560.4190279622562,-1117.111856664531,409.6555514964275,209.69806046551093,nothing
1761185146.4176185,-1580.4761114246212,-1143.934419146739,372.4959055366926,198.21656760154292,nothing
1761185146.4312654,-1529.4077775296755,-1066.5596289634705,408.60837950883433,259.1470176796429,nothing
1761185146.4312654,-1531.7265155022033,-1082.2859082771465,421.7728273528628,221.65078072389588,nothing
1761185146.4468544,-1584.9677312714048,-1148.4746576929465,374.32845651498064,179.8798381187953,nothing
1761185146.4468544,-1544.513233450707,-1091.6169586665928,395.75060346117243,256.42063061194494,nothing
1761185146.4476695,-1524.3813519892283,-1061.5668625226244,425.16117671271786,243.75358946202323,nothing
1761185146.4476695,-1583.6101475874893,-1136.0993287395686,399.6924580144696,194.80203894199803,nothing
1761185146.461213,-1571.313356533181,-1115.0997904883698,383.92877970123664,219.77335094613954,nothing
1761185146.461213,-1505.823968409095,-1065.3853003773838,434.6717423000373,277.2182142655365,nothing
1761185146.4769313,-1553.3954958454706,-1110.5034534428269,415.6132121258415,215.96239289129153,nothing
1761185146.4769313,-1590.2335104090162,-1139.7345114964992,366.88231570320204,200.86815667012706,nothing
1761185146.4776056,-1524.1419983920641,-1055.9570125890896,418.8557053874247,276.0289260796271,nothing
1761185146.4776056,-1549.0385123970918,-1102.9488555323333,428.7103417706676,226.07508237147704,nothing
1761185146.4912212,-1579.1970656397752,-1142.027070169337,388.4166596480645,197.01605971576646,nothing
1761185146.4912212,-1532.044406998437,-1097.6194980954751,397.7963287369348,246.21818353282288,nothing
1761185146.5069134,-1504.3205286269076,-1064.5662622870877,431.1599762416445,261.1067252564244,nothing
1761185146.5069134,-1579.0699090412818,-1136.3087631370872,386.8646011664532,192.5543590686284,nothing
1761185146.5076437,-1561.1520483535714,-1113.4168355083093,385.432219483424,236.26256985077634,nothing
1761185146.5076437,-1504.1634528287686,-1049.6702407635748,435.0831312951632,289.24947242299095,nothing
1761185146.5211842,-1558.141428889241,-1107.1525030825287,424.45807552104816,235.51084995968267,nothing
1761185146.5211842,-1577.3719944613986,-1140.1197211919352,373.70389322238043,192.78997276583686,nothing
1761185146.5369463,-1518.102059963625,-1062.2924031140283,415.00734833301976,277.24813346518204,nothing
1761185146.5369463,-1521.0752804283984,-1083.7556889597327,424.68994931830093,244.66238515125588,nothing
1761185146.5376651,-1580.719204921741,-1144.0765353450552,377.72802557470277,180.31366651365533,nothing
1761185146.5376651,-1544.681528948713,-1079.8213142063469,410.6279254849069,259.12457827990875,nothing
1761185146.5512073,-1520.6190126338042,-1074.1478859735653,440.2965518333949,248.16293150978163,nothing
1761185146.5512073,-1576.5903553706594,-1135.2653310494497,397.287702342961,198.08567110309377,nothing
1761185146.566861,-1577.585168758873,-1118.016912453808,390.7952360198833,220.0501035428606,nothing
1761185146.566861,-1502.5291165481322,-1051.05400374718,428.138137077447,273.4035163107328,nothing
1761185146.5676904,-1551.761159564834,-1113.349517309107,406.1699647377245,208.54243137920275,nothing
1761185146.5676904,-1588.9544646241702,-1146.4139728173614,371.0859632533975,192.90964956441894,nothing
1761185146.581149,-1520.7274697325192,-1069.8619606243446,411.1402917788364,263.6535971262492,nothing
1761185146.581149,-1535.829185753595,-1103.277966728434,420.1048319726251,226.04142327187583,nothing
1761185146.5968895,-1580.7229448216967,-1137.4008139241487,388.48397784726694,204.12934943148866,nothing
1761185146.5968895,-1541.2520406893454,-1083.763168759644,411.5815999736078,257.09007270401344,nothing
1761185146.5976973,-1515.2896551969461,-1069.2972357310355,443.0154591011815,255.6913501205854,nothing
1761185146.5976973,-1579.8665077318437,-1140.4450924880803,396.7192375496961,192.43468227004632,nothing
1761185146.611129,-1572.98883171333,-1121.7119336100295,383.4126735073514,229.7551439278759,nothing
1761185146.611129,-1507.0880545941181,-1057.7933034673333,431.87803703313693,284.4474408798851,nothing
1761185146.6268318,-1553.8442838401534,-1118.641475746408,411.3609458762221,208.81170417601243,nothing
1761185146.6268318,-1577.6337874582969,-1144.6711794380099,373.6403149231337,193.57161185657606,nothing
1761185146.627654,-1529.2843608311377,-1081.5042691864073,420.12353147240356,264.8877641116269,nothing
1761185146.627654,-1536.565946044866,-1102.4065700387582,429.09929136605933,239.34050751430914,nothing
1761185146.6411624,-1589.6650456157513,-1153.1532725375146,375.55514370044693,185.2166753555648,nothing
1761185146.6411624,-1538.9594820165075,-1092.241521959193,393.9816307821311,255.70256982045248,nothing
1761185146.6568625,-1526.9880622583441,-1079.084553915076,430.76354684634134,265.9947744985111,nothing
1761185146.6568625,-1581.369947514031,-1149.9593979753554,396.25548995519057,184.40885696513578,nothing
1761185146.6575873,-1554.5212057321332,-1123.3313102908432,380.11034184647724,225.33458218025044,nothing
1761185146.6575873,-1512.638066128362,-1068.3473011422902,432.9588681203313,282.36057670461014,nothing
1761185146.6712627,-1560.0861768661998,-1134.8202829547226,409.3675791998394,198.84113089414313,nothing
1761185146.6712627,-1573.0112711130641,-1148.672872390598,374.3134969151579,208.95008047437295,nothing
1761185146.6869228,-1510.8803131491877,-1061.0881553282961,424.7348281177692,285.58811036637053,nothing
1761185146.6869228,-1536.7866001422517,-1092.6192518547177,430.0043471553363,233.91765257855877,nothing
1761185146.687664,-1592.986076776404,-1150.7335572661832,379.0818693586625,188.4778681169264,nothing
1761185146.687664,-1529.59477252746,-1078.9798367163166,401.6072867917828,269.1101111616008,nothing
1761185146.7012663,-1506.0446225064807,-1058.2458313619718,442.73496660450473,281.83325081085786,nothing
1761185146.7012663,-1577.0728024649434,-1148.1044075973332,388.04266965249553,185.17179655609652,nothing
1761185146.7168925,-1549.640636289958,-1115.04743188899,387.40688666002825,236.44582494860515,nothing
1761185146.7168925,-1497.9290396026336,-1057.0453234761953,439.24190004589036,286.32861055759713,nothing
1761185146.7176943,-1549.483560491819,-1125.3994749663398,415.957282921765,210.98832595022395,nothing
1761185146.7176943,-1569.9931718488224,-1144.9067931352183,382.2682641209103,205.7786453119479,nothing
1761185146.7312295,-1522.5600207108073,-1071.208324608393,418.7809073883109,267.61041127936915,nothing
1761185146.7312295,-1524.818920284044,-1085.3825454404578,431.515266737435,254.35620583640411,nothing
1761185146.7468488,-1572.0501168244518,-1128.6083091283217,395.88523985957727,218.07917626621202,nothing
1761185146.7468488,-1545.5043069389649,-1102.193395741284,402.2916884836741,240.33158100256696,nothing
1761185146.7475963,-1506.1755190049298,-1069.1438998328522,440.14321593521163,259.38637127680704,nothing
1761185146.7475963,-1557.1428756010719,-1119.3333572382107,409.7041701958515,211.99435903830454,nothing
1761185146.7612371,-1554.1434758366086,-1112.092910923995,385.51823718240485,238.03902232972905,nothing
1761185146.7612371,-1512.540828729514,-1063.2872165022418,415.89370462251827,267.09056518552825,nothing
1761185146.7769563,-1545.6389433373697,-1109.2917258571833,417.27372770616785,225.7534509752877,nothing
1761185146.7769563,-1569.0768963596784,-1123.1929339924827,387.8968135542236,211.5231316438876,nothing
1761185146.7776403,-1511.7666694386862,-1059.6856928449124,424.94426251528785,278.5608383496292,nothing
1761185146.7776403,-1525.940890270751,-1087.3198136175051,438.0413921601139,243.42447826592252,nothing
1761185146.7912846,-1598.461290311534,-1151.4254387579858,372.61932223523036,173.23777579749003,nothing
1761185146.7912846,-1537.216688637156,-1086.826146823354,405.9081717408262,255.97932241717353,nothing
1761185146.8071148,-1503.1237606410868,-1048.4659929778427,443.6101031941362,276.68340857187286,nothing
1761185146.8071148,-1574.0584431006573,-1140.3104560896754,385.99694437673315,191.8886568765156,nothing
1761185146.807608,-1570.3035835451446,-1116.169401875697,384.99465118860826,221.20573262916878,nothing
1761185146.807608,-1499.0136105897836,-1053.238105321303,449.50792542425916,292.43960708519444,nothing
1761185146.821249,-1564.461859814357,-1116.8912025671452,427.42007628595456,205.90580191044137,nothing
1761185146.821249,-1596.9915096289478,-1144.6524799382314,374.4518732135184,191.90361647633836,nothing
1761185146.8368883,-1516.3854458839633,-1063.9566585943103,417.1091721081175,279.5631315377541,nothing
1761185146.8368883,-1530.185676720459,-1091.4524030685425,427.6332505834289,238.0165829299949,nothing
1761185146.837618,-1581.4746647127904,-1134.4201136594638,390.45116522395983,206.8594763991423,nothing
1761185146.837618,-1542.344091476407,-1085.0721337441355,393.7235776851885,253.31651364872232,nothing
1761185146.851278,-1503.9315790315159,-1051.2896174443886,440.10207703569904,270.7407075422816,nothing
1761185146.851278,-1574.7690240922384,-1132.6848000800237,393.59642108669505,193.67632905533537,nothing
1761185146.8669324,-1553.3992357454263,-1110.189301846549,385.80620947899297,232.85552099114284,nothing
1761185146.8669324,-1511.6058537405916,-1060.6618067333475,434.83629789808765,273.5643320088275,nothing
1761185146.8678856,-1560.314310763497,-1111.4571279315278,413.64228484919295,209.31285077007487,nothing
1761185146.8678856,-1584.2496704799123,-1135.8450155425817,386.8272021668963,204.39862222829834,nothing
1761185146.8818488,-1506.414872602094,-1064.4110564389266,429.6602763594128,273.03139626514167,nothing
1761185146.8826315,-1536.7192819430493,-1091.6599675160833,437.8656168621965,235.26588651258498,nothing
1761185146.8826315,-1582.903306495864,-1136.7669008816592,386.25499747367576,201.49085001274943,nothing
1761185146.896232,-1534.5837990683503,-1082.5607909238897,401.7718423898332,258.66270063538104,nothing
1761185146.896232,-1508.9767040717416,-1062.8851772570051,439.80662493919954,261.0936356065795,nothing
1761185146.9118416,-1573.508677807171,-1127.5368277910165,385.5668558818288,198.47649064846337,nothing
1761185146.9118416,-1542.5385662741028,-1100.2168586147018,381.3445088318549,232.64421664364636,nothing
1761185146.9125657,-1508.1838452811353,-1062.5186670613475,432.35300432750955,275.71290453337133,nothing
1761185146.9125657,-1547.0638452204876,-1112.745523466263,419.0389604852535,221.91070377081633,nothing
1761185146.926133,-1587.43606524216,-1138.6592902592383,379.8635084494017,207.6542051397264,nothing
1761185146.926133,-1515.2447763974778,-1070.3687170683406,426.5898184957914,263.3375755799934,nothing
1761185146.9420583,-1526.3074004664086,-1079.2584592630155,432.6671559237875,243.60960331372917,nothing
1761185146.9420583,-1578.2433911510743,-1118.69196439581,385.2714037853293,200.7578296214342,nothing
1761185146.94265,-1537.8412519297563,-1078.2599059748463,410.11555919097736,258.47944553755224,nothing
1761185146.94265,-1502.143906852696,-1066.5988979130052,445.891442167107,262.85138858575374,nothing
1761185146.9562335,-1587.207931344863,-1134.3397058104165,389.6844857330434,191.74093082826585,nothing
1761185146.9562335,-1564.8059306102805,-1113.6468393555842,370.8578293561004,224.0312270456925,nothing
1761185146.971838,-1496.9678853140213,-1056.1309179370292,447.36122284969315,282.3587067546323,nothing
1761185146.971838,-1559.106323077809,-1114.1218066499569,417.41584390448406,216.40931093599647,nothing
1761185146.9727468,-1587.413625842426,-1131.5983591428958,375.5027851010673,211.3567060958594,nothing
1761185146.9727468,-1504.1933720284142,-1043.482576286886,427.7005687826313,285.7732354141772,nothing
1761185146.9861429,-1531.0608133100905,-1094.1993595859967,429.7088950588368,244.46230050362647,nothing
1761185146.9861429,-1566.21213299362,-1124.1970971305855,393.88439338328317,213.61186576914042,nothing
1761185147.0019777,-1530.1333181210794,-1069.134550082963,409.56953379744664,274.41515924874693,nothing
1761185147.0019777,-1510.1098937583156,-1061.1349040777422,443.25107279838994,272.30211577378213,nothing
1761185147.0026164,-1566.6123022888787,-1132.8437458281405,405.15645184973255,206.95858374796808,nothing
1761185147.0026164,-1561.9112480445765,-1116.8855927172117,380.96303903637454,236.2270408011973,nothing
1761185147.016189,-1517.245622873772,-1071.1503561590798,414.0349743445404,262.6382142882794,nothing
1761185147.016189,-1567.3864615797065,-1131.0560736493208,400.19360460853204,201.18791811633855,nothing
1761185147.0318265,-1585.880266860593,-1133.1616373243742,375.409287602175,202.9456710955128,nothing
1761185147.0318265,-1509.851840661373,-1063.7453542468138,408.9823695044033,270.7500572921708,nothing
1761185147.0326226,-1538.1292242263444,-1103.4518720763735,410.5793067854829,218.59715241007507,nothing
1761185147.0326226,-1586.4150725542568,-1144.198082093615,372.06207714183256,185.30456300452352,nothing
1761185147.0462253,-1539.8121792064048,-1087.6395750637166,388.7233314444311,253.94668679125607,nothing
1761185147.0462253,-1523.696950297337,-1075.4811603077687,428.4896876732819,245.84980338718742,nothing
1761185147.0618184,-1586.8414211492054,-1143.524900101591,387.9005534541793,186.1647399943322,nothing
1761185147.0618184,-1561.6980737471022,-1125.8164738113992,377.5298108770512,216.4691493352875,nothing
1761185147.0625627,-1510.622260052245,-1075.249286510516,423.6577369305305,260.8692416092381,nothing
1761185147.0625627,-1563.7475389228202,-1133.4944884204306,397.1605457444675,196.8384144678712,nothing
1761185147.0762513,-1582.5816750996746,-1139.0706792543642,374.20877971639857,195.55562878306955,nothing
1761185147.0762513,-1523.8577659954317,-1073.1362430355512,416.08817942021415,260.17362021747977,nothing
1761185147.0919433,-1536.1283777500503,-1108.788709313143,421.11834486061707,224.3640781417489,nothing
1761185147.0919433,-1579.6720329341479,-1142.5674857129343,384.575782393571,197.36574036162347,nothing
1761185147.0926669,-1529.0786663335748,-1077.8372972798534,395.5860478631221,275.84754093177617,nothing
1761185147.0926669,-1502.252363951411,-1061.5163738732226,448.460753436666,271.2025851868093,nothing
1761185147.1062293,-1569.020797860343,-1135.8730647922494,402.78161537786946,204.38179267849773,nothing
1761185147.1062293,-1553.3580968459137,-1098.9378128298558,391.4908574116416,244.64929550141096,nothing
1761185147.1219108,-1509.272156168241,-1069.8301714747213,422.4422694449313,274.317921849899,nothing
1761185147.1219108,-1554.2893319348805,-1117.1922645135783,411.4357438753359,218.94122320599854,nothing
1761185147.1227045,-1569.4733257549815,-1132.211702735629,374.17138071684167,218.0286876168102,nothing
1761185147.1227045,-1511.2243839451112,-1064.1455235420726,417.6327581019141,278.7908421969041,nothing
1761185147.136178,-1526.4046378652565,-1086.6372818755917,423.50440103234723,236.95632129255682,nothing
1761185147.136178,-1566.0587970954366,-1118.583507297095,391.5095569114201,224.2219619434327,nothing
1761185147.1518743,-1524.7665616846643,-1077.5568047831766,401.79054188961163,279.6472792867571,nothing
1761185147.1518743,-1506.295195803512,-1067.747047199402,440.7004610286094,267.9413924254477,nothing
1761185147.152616,-1562.423614338506,-1124.2457158300094,394.393019777257,217.5499804224819,nothing
1761185147.152616,-1554.4912865324877,-1093.941306489054,403.884885864798,249.20075374748558,nothing
1761185147.1662,-1488.650347812567,-1038.1158198504709,441.16794852307066,298.836705959402,nothing
1761185147.1662,-1544.5917713497765,-1111.574934780132,418.2947203940712,219.46480919979513,nothing
1761185147.1819606,-1577.9441991546191,-1132.0359274377115,382.8255092143081,209.49423591792583,nothing
1761185147.1819606,-1512.5445686294697,-1067.8854234977625,414.23318904219195,273.52506305929273,nothing
1761185147.18261,-1519.523221946787,-1074.7444000164978,423.1378908366896,255.5698033720255,nothing
1761185147.18261,-1572.9850918133743,-1126.1530648074113,384.2765903971158,215.50425514671952,nothing
1761185147.1963,-1528.3269464424811,-1076.8088247920386,414.4650628394447,272.78456286806613,nothing
1761185147.1963,-1515.4018521956168,-1074.9089556145482,430.3035391517915,261.36664830334485,nothing
1761185147.2119668,-1556.4883931088261,-1123.2770817414857,406.1101263384335,220.59799888636917,nothing
1761185147.2119668,-1552.1912480597384,-1097.7634842437692,395.1970982677303,252.0430777138099,nothing
1761185147.2126994,-1510.7307171509601,-1064.4634150383063,430.2212613527663,273.5026236595586,nothing
1761185147.2126994,-1566.7095396877266,-1116.014196027536,409.8836853937246,216.60378573369235,nothing
1761185147.2261512,-1561.4138413504697,-1123.9689632332884,384.40374699560925,236.76932629477233,nothing
1761185147.2261512,-1508.789709073957,-1073.0689248363487,426.97876809118316,274.89012654311955,nothing
1761185147.2419643,-1535.1111249621026,-1093.9001675895415,433.3066788162105,249.8627160396427,nothing
1761185147.2419643,-1582.7163114980794,-1153.3907561847009,374.73236571019515,196.01189657766372,nothing
1761185147.2426455,-1519.1791511508636,-1077.6316027822904,421.52973385574296,276.58804112300277,nothing
1761185147.2426455,-1517.376519372221,-1071.8908563503064,436.57535137748346,262.62325468845665,nothing
1761185147.2561188,-1568.658027564641,-1143.3005061042495,403.2042240728624,212.8788453778252,nothing
1761185147.2561188,-1556.3836759100668,-1115.2849155361764,390.6830390212126,241.05899154394865,nothing
1761185147.2719417,-1509.1449995697476,-1073.3531572329812,432.5923579246737,274.3889799490571,nothing
1761185147.2719417,-1557.7150802942924,-1125.2143499185331,409.75652879523113,207.1754979453981,nothing
1761185147.272627,-1583.1052610934712,-1138.2030224646442,377.25305828033015,202.14533250499517,nothing
1761185147.272627,-1498.273110398557,-1070.7277474640869,433.06358531909063,284.67370482720435,nothing
1761185147.286166,-1543.125730567146,-1111.0027300869115,425.6585834068246,235.57255830895156,nothing
1761185147.286166,-1577.9516789545305,-1149.8976896260865,378.6480409638025,199.65081923455,nothing
1761185147.3022552,-1535.7244685548358,-1097.0491633522324,391.2066250150092,256.19062676467,nothing
1761185147.3022552,-1515.0652611996047,-1082.665508122649,421.3651782576926,258.87961483281106,nothing
1761185147.3026004,-1570.3073234451003,-1145.4621682786383,386.1278408751823,195.52196968346834,nothing
1761185147.3026004,-1562.2590587404557,-1120.247762777377,384.8039162908681,223.52634055167437,nothing
1761185147.3161993,-1515.3008748968132,-1071.0231995605864,438.9314883495681,274.5011769477278,nothing
1761185147.3161993,-1557.539304996375,-1124.7356427242048,409.96970309270546,203.77592888567597,nothing
1761185147.3319232,-1571.3918944322504,-1139.953295643907,374.7809844096191,209.27358182054013,nothing
1761185147.3319232,-1514.8221677024849,-1078.7872318685986,409.07960690325126,264.6727198641747,nothing
1761185147.3326948,-1537.0670926389284,-1089.5469240411185,430.7822463461198,235.27336631249636,nothing
1761185147.3326948,-1586.7965423497371,-1144.6356503884308,373.83852962078527,202.9120119959116,nothing
1761185147.3462145,-1542.789139571134,-1096.667693556752,384.8300955905579,251.6728276181966,nothing
1761185147.3462145,-1511.3403208437376,-1066.6923954118975,432.09495123056695,279.14613269269466,nothing
1761185147.3618946,-1570.397081044037,-1129.750848564785,392.15655960375443,199.3179681384936,nothing
1761185147.3618946,-1553.414195345249,-1100.8975204066373,391.6928120092489,240.43068835139275,nothing
1761185147.3626697,-1504.5374428243376,-1069.3926031799056,432.0051936316304,274.3216617498547,nothing
1761185147.3626697,-1551.787338864524,-1119.5446615857072,410.2801147890277,208.4657634301111,nothing
1761185147.3762164,-1574.8662614910863,-1133.4683091207407,373.7487720218487,210.9901959002018,nothing
1761185147.3762164,-1515.2111172978766,-1065.4096097270958,412.3258400647901,269.29523620940745,nothing
1761185147.3919396,-1527.8519791481085,-1094.2105792858638,411.64517827285454,227.0381066100672,nothing
1761185147.3919396,-1580.3078159266151,-1148.083838147577,374.335936314892,204.0265021827072,nothing
1761185147.3926446,-1534.0901322741993,-1100.2243384146132,391.78630950814113,257.1517810532823,nothing
1761185147.3926446,-1524.239235790912,-1093.2980436966754,429.1404302655719,243.53106541465968,nothing
1761185147.4062333,-1583.494210688863,-1148.8243383388035,384.7104187919758,175.47236602101475,nothing
1761185147.4062333,-1562.434834038373,-1107.2890094309114,379.51195785356686,228.04787959810346,nothing
1761185147.4218564,-1508.4007594785653,-1076.7115873931907,435.49826019024476,268.8314886149019,nothing
1761185147.4218564,-1555.6169964191504,-1120.5170355741866,404.4009920586832,203.44681768957525,nothing
1761185147.4227006,-1576.3136027739383,-1141.2061621290632,366.5943434066139,213.9521966651082,nothing
1761185147.4227006,-1516.5799206816591,-1079.819444256369,409.49099589837715,260.7159057110548,nothing
1761185147.4363544,-1527.2610749551095,-1102.7562506846152,420.3965441691689,229.5887183798477,nothing
1761185147.4363544,-1592.1146800867282,-1155.4551809602417,373.50941842468455,192.1261405237019,nothing
1761185147.4518683,-1540.4479621988721,-1090.2238459330983,381.33702903194353,255.34914927463979,nothing
1761185147.4518683,-1527.7584816492163,-1096.0992287634872,416.37615171680227,236.36167719960213,nothing
1761185147.4526656,-1571.5377505305223,-1145.41728947917,398.89211942395195,196.6439396701753,nothing
1761185147.4526656,-1564.6937336116098,-1127.144138295669,387.5041240588762,219.0347207048908,nothing
1761185147.4661772,-1494.3686548448168,-1058.9582823035307,436.86706357402727,284.0940203340724,nothing
1761185147.4661772,-1551.1066770725884,-1110.7970355893485,417.64397780178115,225.96849522273988,nothing
1761185147.482074,-1569.2638913574629,-1138.7340882583521,372.69038033438846,210.96027670055628,nothing
1761185147.482074,-1493.3439222569577,-1060.5552195846103,434.35011090384796,291.3905651476234,nothing
1761185147.482658,-1534.793233465869,-1112.2780359718017,413.7058631484397,217.75193502008915,nothing
1761185147.482658,-1591.0114095997997,-1146.0755118713714,381.7558978269808,194.018529901281,nothing
1761185147.4961832,-1529.534934128169,-1079.049024865497,403.86244646506384,268.55473601818085,nothing
1761185147.4961832,-1503.8418214325793,-1070.7165277642198,436.62023017695174,264.6839395640418,nothing
1761185147.5119216,-1567.6407747766934,-1121.7960813590325,400.7209305022843,208.2825083322823,nothing
1761185147.5119216,-1549.711694389116,-1104.2447308669798,391.11312751611695,246.5566444788128,nothing
1761185147.512642,-1488.1342416186817,-1057.701675918419,436.1190835828893,284.8681796249002,nothing
1761185147.512642,-1551.3834296693094,-1124.2344961301424,414.23318904219195,215.70246984437108,nothing
1761185147.526242,-1567.3378428802826,-1122.8843922461383,374.07414331799373,227.42705620545894,nothing
1761185147.526242,-1513.8497937140055,-1069.5496789780445,424.1140047251247,276.3150284262374,nothing
1761185147.5418756,-1529.6658306266181,-1095.2166123739444,426.08867190172896,241.97900693304837,nothing
1761185147.5418756,-1572.0089779249392,-1141.9728416199796,375.5701033002697,200.5820543235168,nothing
1761185147.5426,-1520.5516944346018,-1071.9170356499963,401.0911805978976,274.4712577480823,nothing
1761185147.5426,-1493.6692935531028,-1062.959975256119,447.4210612489842,269.84500150289387,nothing
1761185147.5562654,-1562.3600360392593,-1131.8938112393953,399.0529351220466,207.32135404367,nothing
1761185147.5562654,-1556.417335009668,-1097.8906408422627,390.40254652453586,228.0366598982364,nothing
1761185147.571992,-1499.238004587125,-1066.7746732109226,438.6771751525812,279.11621349304914,nothing
1761185147.571992,-1554.1210364368744,-1121.4108716635965,404.4421309581958,209.87196581345052,nothing
1761185147.5725875,-1575.195372687187,-1127.5368277910165,376.0413306946866,206.42377805430442,nothing
1761185147.5725875,-1511.6469926401041,-1070.0433457721956,416.5444472148083,271.26616348605603,nothing
1761185147.5861828,-1529.0487471339293,-1091.3084169202484,425.7333814059384,235.1125506144017,nothing
1761185147.5861828,-1581.938412307296,-1140.3983437386341,377.3802148788236,182.85866843350232,nothing
1761185147.6018696,-1531.296427007299,-1077.1528955879621,398.63780622696504,259.7958903219551,nothing
1761185147.6018696,-1519.9645301415585,-1084.1539883050136,438.4789604549296,242.31185802910477,nothing
1761185147.602658,-1577.8806208553724,-1141.2660005283542,401.1809381968342,201.32629441469908,nothing
1761185147.602658,-1558.227446588222,-1111.7955888775177,384.0185373001732,231.17069606110454,nothing
1761185147.6162283,-1502.615134247113,-1055.8953042398207,425.82687890483066,274.583454746753,nothing
1761185147.6162283,-1563.2987509281375,-1134.8782514040358,393.85073428368196,179.79943026974797,nothing
1761185147.6318903,-1578.1798128518276,-1127.2077165949158,374.73610561015084,208.33860683161765,nothing
1761185147.6318903,-1516.6883777803741,-1057.08459242573,423.27252723509446,269.3924736082554,nothing
1761185147.63264,-1541.5549725857563,-1103.1751194796525,409.5508342976682,212.3552593840286,nothing
1761185147.63264,-1580.128300728742,-1143.6894556996413,371.73670584568754,186.96881848480552,nothing
1761185147.6462312,-1537.5009210337885,-1082.3102176268585,390.5371829229407,253.2286259997636,nothing
1761185147.6462312,-1519.826153843198,-1084.367162602488,432.98878731997684,251.29135782271624,nothing
1761185147.661829,-1583.239897491876,-1146.3784437677823,380.70498593943194,185.94782579690218,nothing
1761185147.661829,-1551.0954573727213,-1108.39227991784,375.5214846008457,234.76100001856685,nothing
1761185147.6626549,-1494.8174428394996,-1059.3958505983464,439.4438546434976,262.413820290938,nothing
1761185147.6626549,-1550.3287778818049,-1125.6967970128171,403.70537066692486,205.81791426148266,nothing
1761185147.6762586,-1578.0863153529353,-1135.6636303947307,364.6084565301426,201.01214281842113,nothing
1761185147.6762586,-1506.1530796051957,-1054.8705716519617,422.3749512457289,278.86190029606223,nothing
1761185147.6920369,-1545.7025216366164,-1096.282483861316,417.01567460922524,227.47193500492722,nothing
1761185147.6920369,-1583.5241298885085,-1141.4305561264046,376.6322348876856,187.1296341829002,nothing
1761185147.6925957,-1534.4117636703886,-1073.3755966327153,405.93435104051605,259.833289321512,nothing
1761185147.6925957,-1523.9475235943682,-1080.6459621465765,443.0004995013587,244.1930277068168,nothing
1761185147.70626,-1580.176919428166,-1146.6888554641046,387.85567465471104,194.26910319831222,nothing
1761185147.70626,-1558.5827370840125,-1112.6894249669276,384.37382779596373,232.0720119504258,nothing
1761185147.7219172,-1512.035942235496,-1055.3829379458912,441.2203071224503,271.73739088047296,nothing
1761185147.7219172,-1562.8424831335433,-1125.2255696184002,406.091426838655,201.26271611545235,nothing
1761185147.722581,-1567.4313403791748,-1118.6957042957656,382.21964542148635,217.6584375211969,nothing
1761185147.722581,-1511.852687137667,-1053.5316874678247,423.71757532982156,281.81268136110157,nothing
1761185147.7362187,-1528.5401207399555,-1094.0048847883008,424.5216538202949,245.4907729914412,nothing
1761185147.7362187,-1580.936119119171,-1138.5209139608778,384.36260809609666,195.29383578617126,nothing
1761185147.7518754,-1522.9751496058889,-1071.8571972507052,403.7315499666147,265.81712925061584,nothing
1761185147.7518754,-1506.2727564037777,-1058.315019511152,437.0316191720776,285.89665211271495,nothing
1761185147.752656,-1574.208039098885,-1147.9903406486847,384.635620792862,198.2408769512549,nothing
1761185147.752656,-1556.1667617126368,-1094.5883091813885,381.1238547344692,249.45880684442818,nothing
1761185147.7662382,-1505.3116021151654,-1064.0408063433133,428.1942355767824,274.6208537463099,nothing
1761185147.7662382,-1555.355203422252,-1099.2631841260009,421.4698954564519,231.297852659598,nothing
1761185147.781919,-1583.591448087711,-1132.970902426634,378.6143818642013,219.68172339722514,nothing
1761185147.781919,-1517.3466001725756,-1064.5943115367554,420.82289276411757,287.1345589980483,nothing
1761185147.7826953,-1538.6303708204068,-1103.567808975,420.7293952652253,225.45238902885467,nothing
1761185147.7826953,-1588.2738028322347,-1139.844838545192,376.9351667840965,195.78002278041095,nothing
1761185147.7961757,-1532.7961268895306,-1086.7606985741295,412.23608246585354,261.3816079031676,nothing
1761185147.7961757,-1515.4990895944647,-1078.2112872754224,439.2718192455359,259.63133472390473,nothing
1761185147.81189,-1581.52702331217,-1137.9113102681004,407.86787931760773,203.3196610910818,nothing
1761185147.81189,-1558.2835450875573,-1111.503876680974,397.26152304327115,249.0100188497454,nothing
1761185147.8126483,-1506.040882606525,-1072.0815912480466,425.1798762124963,266.8381219385192,nothing
1761185147.8126483,-1553.2720791469328,-1129.1300251721404,411.0318346801214,215.8034471431747,nothing
1761185147.8261456,-1572.1997128226794,-1135.925423391629,389.30301593756303,219.35261220112443,nothing
1761185147.8261456,-1515.6000668932684,-1068.5623453897424,420.4414229686372,284.0154824350029,nothing
1761185147.841896,-1531.4086240059696,-1095.4971048706211,429.19652876490727,249.4924659440294,nothing
1761185147.841896,-1589.2648763204925,-1143.981167896185,383.33413560828194,201.37117321416736,nothing
1761185147.842621,-1527.990355446469,-1077.8260775799863,411.93689046939835,272.9715578658506,nothing
1761185147.842621,-1512.178058433812,-1070.6492095650174,442.55171150667593,270.26013039797544,nothing
1761185147.856326,-1572.5026447190903,-1134.7361352057196,391.11312751611695,201.01588271837682,nothing
1761185147.856326,-1552.3745031575672,-1102.2476242906414,381.87931452551857,252.14405501261353,nothing
1761185147.8718767,-1521.7933412198909,-1076.8798828911968,429.7762132580392,264.4670253666118,nothing
1761185147.8718767,-1556.5519714080729,-1121.560467661824,418.41439719265327,217.2844475256279,nothing
1761185147.8726063,-1574.9971579895355,-1132.6904099299572,383.22567850956693,211.12483229860663,nothing
1761185147.8726063,-1507.7574966861866,-1053.999174962286,431.3282717396505,281.348933766596,nothing
1761185147.8868687,-1547.8641838110052,-1107.2871394809335,417.1708804573864,218.9225237062201,nothing
1761185147.887688,-1589.3957728189416,-1133.2757042730227,384.1101648490876,200.89246601983905,nothing
1761185147.887688,-1522.563760610763,-1087.525508115068,386.5971983196214,256.5346975605935,nothing
1761185147.90136,-1506.160559405107,-1067.6554196504876,430.47744449973106,266.0228237481788,nothing
1761185147.90136,-1574.9821983897127,-1144.5515026394278,390.65498977154493,187.55224287789315,nothing
1761185147.9168942,-1546.7983123236336,-1103.158289929852,385.30693283490837,235.5613386090845,nothing
1761185147.9168942,-1516.736996479798,-1070.8792134122923,433.18139216769487,263.7190453754738,nothing
1761185147.917588,-1576.137827476021,-1137.0043845288455,412.11079581733793,197.82948795612901,nothing
1761185147.917588,-1579.5224369359203,-1132.452926282771,384.79082664102316,210.6236857045442,nothing
1761185147.9312625,-1511.7741492385976,-1051.1662007458508,430.5298030991107,288.49588258191943,nothing
1761185147.9312625,-1526.954403158743,-1080.6852310961112,427.81463573127985,265.18134625814855,nothing
1761185147.9468992,-1582.2076851041056,-1145.7744499249384,375.68417024891824,205.73563646245748,nothing
1761185147.9468992,-1523.588493198622,-1070.5501022161916,414.051803894341,279.59492068737745,nothing
1761185147.947728,-1532.6315712914802,-1091.4898020680994,435.30191544257104,243.61334321368486,nothing
1761185147.947728,-1571.373194932472,-1121.573557311669,407.9707265663892,218.66821050923318,nothing
1761185147.9611745,-1551.4769271682017,-1105.3910102033988,395.9282487090677,250.96224662661552,nothing
1761185147.9611745,-1516.6322792810388,-1072.0086631989107,442.75179615430534,276.1579526280984,nothing
1761185147.9932814,-1566.874095285777,-1122.8937419960275,410.18100744020194,205.1709115691483,nothing
1761185147.9932814,-1577.0503630652092,-1134.1433610627428,375.53457425069064,228.09649829752743,nothing
1761185147.9940305,-1499.0173504897393,-1054.9285401012748,430.3802071008831,294.3338664127514,nothing
1761185147.9940305,-1531.1356113092043,-1099.407170274295,435.0588219454512,238.94594806898385,nothing
1761185147.9948828,-1582.3161422028206,-1147.7902560010552,380.50116139184684,192.88160031475127,nothing
1761185147.9948828,-1523.7530487966724,-1074.4620375698432,418.1619539456442,281.6593454629183,nothing
1761185147.9954298,-1504.1746725286357,-1061.245231126435,454.6671174131334,290.9866559524089,nothing
1761185147.9954298,-1580.5770887234248,-1143.9231994468719,402.4094953322783,196.07547487691045,nothing
1761185148.0062423,-1543.7315943599679,-1093.109178748913,411.8527427203953,274.71061134524643,nothing
1761185148.0062423,-1511.5572350411676,-1072.1769586969167,435.507609940134,268.47993801906705,nothing
1761185148.0212,-1554.861536628101,-1107.3881167797372,424.47490507084876,237.45372798666358,nothing
1761185148.0212,-1584.9565115715377,-1142.0083706695586,392.12477045413107,218.86268530692905,nothing
1761185148.0369473,-1506.4597514015622,-1066.2566970670596,441.11745987366885,292.5387144340202,nothing
1761185148.0369473,-1536.0274004512466,-1105.4433688027784,437.9871636107564,239.3685567639768,nothing
1761185148.0376396,-1585.3604207667522,-1142.823668859899,381.94850267469883,214.34114626049995,nothing
1761185148.0376396,-1527.8781584477983,-1080.5618143975735,410.13238874077797,279.950211183168,nothing
1761185148.051199,-1516.2134104860015,-1078.0635612271726,430.77289659623057,260.84306230954826,nothing
1761185148.051199,-1579.705692033749,-1137.4269932238385,385.6360440310091,193.29672920983285,nothing
1761185148.066941,-1568.478512366768,-1095.7009294182062,395.56921831332147,249.09977644868195,nothing
1761185148.066941,-1507.45082488982,-1059.1770664509386,437.48227711673826,267.21211193408817,nothing
1761185148.067639,-1548.4999668034725,-1110.4473549434915,413.7974906973541,215.82588654290885,nothing
1761185148.067639,-1576.1415673759766,-1125.1227223696187,393.994720431976,209.7635087147355,nothing
1761185148.0812614,-1498.9275928908028,-1054.2067394098267,431.382500289008,290.9230776531622,nothing
1761185148.0812614,-1529.8827448240481,-1092.604292254895,431.25534369051456,244.64181570149958,nothing
1761185148.0968652,-1584.242190680001,-1134.019944364205,386.04743302613497,204.1349592814222,nothing
1761185148.0968652,-1530.9897552109323,-1072.5659082923084,421.07533601112664,272.6761057693511,nothing
1761185148.0976355,-1528.304507042747,-1082.3681860761717,437.7365903137252,252.14779491256922,nothing
1761185148.0976355,-1578.766977144871,-1130.6278551043943,408.90944145526737,191.84564802702516,nothing
1761185148.1111825,-1568.093302671332,-1103.700575423427,393.9648012323305,230.23198117222637,nothing
1761185148.1111825,-1522.8218137077056,-1073.4260852821171,438.15545910876244,267.73943782784045,nothing
1761185148.1269271,-1566.0587970954366,-1132.8605753779411,411.07110362965614,209.41943791881204,nothing
1761185148.1269271,-1574.9485392901115,-1124.4121413780376,380.4712421922013,219.18805660307407,nothing
1761185148.127642,-1524.0858998927288,-1072.5995673919097,421.73729830328375,281.9772369591519,nothing
1761185148.127642,-1534.153710573446,-1097.6157581955194,436.52112282812595,250.34890303388238,nothing
1761185148.141189,-1586.6806054511108,-1142.932125958614,389.0393529906869,194.63187349401414,nothing
1761185148.141189,-1528.1436913446523,-1073.040875586681,417.0437238588929,278.828241196461,nothing
1761185148.156948,-1536.5322869452648,-1085.8462930349633,430.6906187972054,250.0833701370284,nothing
1761185148.156948,-1583.385753590148,-1148.5083167925477,400.2927119573578,200.71295082196593,nothing
1761185148.157602,-1566.006438496057,-1121.2033072160557,382.3337123701349,226.1854094201699,nothing
1761185148.157602,-1522.4814828117378,-1082.8244538707659,433.2823694664985,258.3747283387929,nothing
1761185148.171342,-1571.0814827359281,-1144.1101944446564,392.8577908454463,186.32181579247117,nothing
1761185148.171342,-1571.9902784251608,-1147.046015909873,371.04669430386275,198.62982654664665,nothing
1761185148.1868696,-1525.155511280056,-1083.0077089685947,428.5065172230825,255.2369522759691,nothing
1761185148.1868696,-1547.2321407184936,-1117.4746269602329,425.9521655533463,222.37819126527756,nothing
1761185148.187585,-1595.4731102469377,-1152.7456234423444,386.8926504161209,203.94048448372632,nothing
1761185148.187585,-1535.9002438527532,-1086.5755735263228,421.50916440598667,271.43819888401777,nothing
1761185148.2013805,-1525.192910279613,-1089.4515565922484,428.48781772330403,246.68006117735058,nothing
1761185148.2013805,-1580.4200129252858,-1158.8790593696758,389.2899262877181,188.43485926743597,nothing
1761185148.2168753,-1559.6186893717386,-1117.0819374648854,381.0621463852003,239.20026126597077,nothing
1761185148.2168753,-1508.6962115750648,-1062.9992442056537,440.19744448456913,286.30056130792946,nothing
1761185148.2176316,-1561.3577428511344,-1128.7392056267709,415.6113421758637,204.07886078208685,nothing
1761185148.2176316,-1576.4071002728306,-1142.438459164463,384.7309882417321,209.1688646217808,nothing
1761185148.2313008,-1520.6638914332725,-1081.773541983217,419.07448953483254,268.58839511778206,nothing
1761185148.2313008,-1527.3171734544449,-1085.752795536071,435.2869558427483,254.13742168899626,nothing
1761185148.2468429,-1600.0507477927022,-1152.7680628420785,389.58163848426193,190.22627134621143,nothing
1761185148.2468429,-1543.3501245644875,-1091.747855165042,401.9644472375512,254.47401268500835,nothing
1761185148.2475865,-1502.8582277442329,-1067.0719952574,442.3890258586034,261.3928276030347,nothing
1761185148.2475865,-1572.712079116609,-1145.6772125260904,402.3683564327657,196.5728815710172,nothing
1761185148.2612212,-1552.535318855662,-1104.9085631091148,391.79939915798604,242.51007272675633,nothing
1761185148.2612212,-1500.5993281709962,-1058.6721799569204,442.74057645443827,275.0621619410813,nothing
1761185148.2768953,-1562.0758036426269,-1132.7708177790046,411.1646011285484,218.41389731224626,nothing
1761185148.2768953,-1573.8415289032273,-1136.2190055381507,383.97926835063845,218.30918011348695,nothing
1761185148.2776113,-1515.2859152969904,-1072.4088324941695,436.7604764252901,287.29537469614297,nothing
1761185148.2776113,-1533.042960286606,-1110.997120236978,429.41531291231513,234.28229282423854,nothing
1761185148.291263,-1571.975318825338,-1143.2163583552465,391.47028796188533,205.765555662103,nothing
1761185148.291263,-1531.11317190947,-1096.5012680087239,410.5362979359925,255.2706113755703,nothing
1761185148.3069448,-1513.2364501212724,-1081.7548424834386,445.4632236221805,250.4573601325974,nothing
1761185148.3069448,-1574.2529178983532,-1152.7119643427432,394.9670944204554,190.4618850434199,nothing
1761185148.3075705,-1555.1345493248664,-1114.6547423936427,387.7752668056637,229.01277378667146,nothing
1761185148.3075705,-1512.0546417352743,-1060.7590441321954,428.8730274187401,267.0999149354175,nothing
1761185148.3213742,-1550.7663461766206,-1119.2996981386095,416.6734737632796,207.29891464393586,nothing
1761185148.3213742,-1578.3219290501438,-1134.9436996532604,381.0434468854219,201.55816821195185,nothing
1761185148.336922,-1525.3312865779735,-1071.2606832077727,424.5758823696524,266.8979603378102,nothing
1761185148.336922,-1545.1677159429528,-1106.1988285938278,425.70159225631505,208.020715335384,nothing
1761185148.3375497,-1576.908246866893,-1142.2552040666342,394.5631852252409,209.30724092014134,nothing
1761185148.3375497,-1526.711309661623,-1079.5707409093156,415.70109977480024,266.0228237481788,nothing
1761185148.351257,-1513.7039376157336,-1072.6033072918653,441.26331597194076,264.41092686727643,nothing
1761185148.351257,-1569.7500783517025,-1142.5282167633995,409.7957977447659,202.27248910348862,nothing
1761185148.3669116,-1533.8245993773453,-1095.3979975217953,408.7972444565967,257.204139652662,nothing
1761185148.3669116,-1494.0358037487604,-1060.474811735563,454.49882191512734,274.8041088441387,nothing
1761185148.3675768,-1548.9113557985984,-1125.2685784678906,411.10476272925735,211.2519888971001,nothing
1761185148.3675768,-1562.4871926377527,-1120.2758120270446,402.73112672846764,221.79476687218994,nothing
1761185148.3811781,-1513.1018137228675,-1070.2209910200909,438.1741586085409,266.6735663404688,nothing
1761185148.3811781,-1530.9897552109323,-1097.6868162946776,441.6597453672439,239.076844567433,nothing
1761185148.3969057,-1586.13458005758,-1144.2523106429726,393.4187758387998,199.17959184013307,nothing
1761185148.3969057,-1516.9389510774054,-1061.2527109263465,421.1950128097087,269.975898001343,nothing
1761185148.3975892,-1509.4367117662914,-1080.86848619394,429.5761286104098,237.24429358914495,nothing
1761185148.3975892,-1569.0245377602987,-1127.1347885457799,406.4822463840246,204.69220437482,nothing
1761185148.4111483,-1552.920528551098,-1098.7751271817833,403.69228101707995,243.852696810849,nothing
1761185148.4111483,-1501.807315856684,-1052.333049532026,451.16657105460763,288.04709458723664,nothing
1761185148.4269109,-1561.8514096452855,-1131.3683552956209,414.2275791922584,198.21843755152076,nothing
1761185148.4269109,-1592.1595588861965,-1131.2598981969059,381.23792168311775,209.47553641814739,nothing
1761185148.4275875,-1515.0241223000921,-1063.4929109998047,429.0525426166132,272.979037665762,nothing
1761185148.4275875,-1532.7811672897078,-1109.7741729514673,427.6538200331852,228.39569029398263,nothing
1761185148.4412444,-1584.6610594750382,-1159.3989054635167,386.7393145179376,182.91476693283767,nothing
1761185148.4412444,-1508.5353958769701,-1074.7649694662541,442.5797607563436,286.96626350004226,nothing
1761185148.4569247,-1517.7243300681002,-1077.7868086304516,446.37949911132455,263.36749477963895,nothing
1761185148.4569247,-1569.70893945219,-1141.3389285774902,403.378129420802,194.2017849991098,nothing
1761185148.4576452,-1539.400790211279,-1090.6109255785123,400.61434335354716,257.35747555084527,nothing
1761185148.4576452,-1502.1626063524745,-1060.6879860330373,444.5731274327263,270.0581758003682,nothing
1761185148.471218,-1567.405161079485,-1138.567662710324,409.4592067487538,200.14074612874538,nothing
1761185148.471218,-1565.7109863995574,-1131.222499197349,383.67633645422757,215.9156441418454,nothing
1761185148.486859,-1501.9307325552218,-1057.9765585651621,429.5723887104541,290.7360826553777,nothing
1761185148.486859,-1520.899505130481,-1093.6215450428426,436.30046873074025,236.51127319782972,nothing
1761185148.4876208,-1588.210224532988,-1137.4195134239271,400.4460478555411,204.01154258288443,nothing
1761185148.4876208,-1530.9411365115084,-1084.522368450649,419.2764441324398,268.7903497153893,nothing
1761185148.50122,-1518.6032065576874,-1069.7310641258955,446.00550911575556,256.8937279563397,nothing
1761185148.50122,-1578.3181891501881,-1152.038782350719,392.7493337467313,186.4639319907874,nothing
1761185148.51694,-1547.3892165166326,-1101.998920943588,387.49851420894265,227.34103850647807,nothing
1761185148.51694,-1509.201098069083,-1074.3274011714384,435.12240024469793,248.80806425213814,nothing
1761185148.5176256,-1552.9280083510093,-1126.4055080544204,413.412281001918,213.30519397277385,nothing
1761185148.5176256,-1574.110801700037,-1137.8271625190973,391.3730505630374,215.22376265004277,nothing
1761185148.5475316,-1505.6743724108674,-1070.063915221952,428.9553052177653,260.1250015180558,nothing
1761185148.5475316,-1530.765361213591,-1100.394503862597,430.0473560048267,233.553012332879,nothing
1761185148.5483148,-1582.4021599018015,-1144.3906869413331,384.768387241289,187.21565188188106,nothing
1761185148.5483148,-1532.3959575942717,-1073.0932341860607,412.70170001033694,266.85682143829763,nothing
1761185148.5490165,-1519.2726486497559,-1076.9827301399782,454.0313344206661,245.68524778913707,nothing
1761185148.5490165,-1571.1488009351306,-1127.2694249441847,410.02393164206296,209.03796812333167,nothing
1761185148.561276,-1539.531686709728,-1095.6336112190038,416.7220924627036,245.18410119507462,nothing
1761185148.561276,-1495.729978428688,-1056.544176882133,447.48276959825307,268.70807191636413,nothing
1761185148.5768538,-1547.6771888132207,-1114.1012372002006,429.127340615727,214.86847215425223,nothing
1761185148.5768538,-1566.055057195481,-1121.6782745104283,385.26953383535147,226.20410891994834,nothing
1761185148.5776165,-1509.911679060664,-1071.159705908969,429.5462094107643,273.1211538640782,nothing
1761185148.5776165,-1540.6199975968339,-1102.421529638581,431.8312882836908,232.60307774413377,nothing
1761185148.5913327,-1576.6165346703492,-1137.445692723617,398.06747148372233,211.6932970918715,nothing
1761185148.5913327,-1523.6632911977358,-1077.2445231368765,413.2402456039563,267.66089992877096,nothing
1761185148.6069708,-1526.9731026585214,-1083.7556889597327,439.90199238806963,244.4884798033163,nothing
1761185148.6069708,-1581.321328814607,-1136.1816065385938,406.0858169887215,204.93529787193984,nothing
1761185148.607571,-1554.1397359366529,-1103.8987901210785,396.61265040095896,231.27541325986385,nothing
1761185148.607571,-1513.457104218658,-1068.4295789413154,443.41749834641814,262.61951478850096,nothing
1761185148.6212828,-1550.9009825750254,-1120.6049232231453,411.2244395278394,207.5794071406126,nothing
1761185148.6212828,-1562.2553188405,-1129.872395313345,378.27966081816703,212.2094032857567,nothing
1761185148.6369371,-1510.6185201522894,-1070.2135112201795,423.7531043794006,269.78142320364714,nothing
1761185148.6369371,-1531.3637452065013,-1103.3191056279466,432.81114207208157,226.78005351312459,nothing
1761185148.637607,-1590.682298403699,-1153.474903933704,385.6360440310091,178.55404358450323,nothing
1761185148.637607,-1544.599251149688,-1097.1295712012798,416.20972616877407,253.66245439462364,nothing
1761185148.651188,-1523.8764654952101,-1084.630825549364,443.0173290511593,250.66679453011602,nothing
1761185148.651188,-1588.8871464249678,-1161.1716180425137,384.6636700425297,176.35872231051326,nothing
1761185148.666938,-1550.9720406741835,-1100.2037689648569,389.8546511810273,252.9369138032198,nothing
1761185148.666938,-1517.668231568765,-1067.5020837523043,433.37960686534643,265.4132200554013,nothing
1761185148.6676056,-1563.3062307280488,-1133.8815680658445,406.4224079847336,198.14737945236266,nothing
1761185148.6676056,-1593.442344570998,-1137.542930122465,374.09471276775,216.34947253670543,nothing
1761185148.6811883,-1509.8481007614173,-1054.4012142075226,436.85397392418236,289.4981757700443,nothing
1761185148.6811883,-1537.5644993330352,-1113.2410602103919,421.87941450159997,210.81068070232868,nothing
1761185148.696936,-1573.2468848102726,-1143.0817219568416,382.97697516251355,198.6522659463808,nothing
1761185148.696936,-1522.4515636120923,-1074.357320371084,411.9425003193319,271.0268098888919,nothing
1761185148.6976342,-1519.9533104416914,-1080.65157199651,429.34051491320133,252.25625201128423,nothing
1761185148.6976342,-1576.8072695680894,-1135.901114041917,396.7472867993638,200.67181192245334,nothing
1761185148.711258,-1543.6754958606325,-1104.5383130135015,391.27581316418946,246.5566444788128,nothing
1761185148.711258,-1501.433325861115,-1074.8173280656338,422.14868729840964,273.77563635632396,nothing
1761185148.7269564,-1551.4096089689992,-1127.6957735391334,408.1240624645725,213.48096927069128,nothing
1761185148.7269564,-1575.8274157796986,-1131.2112794974819,378.2273022187874,211.2856479967013,nothing
1761185148.7276528,-1518.6742646568455,-1066.5932880630717,419.2465249327943,272.6125274701044,nothing
1761185148.7276528,-1535.2794204601087,-1093.243815147318,429.58734831027687,231.57460525631905,nothing
1761185148.741192,-1584.2459305799566,-1152.943838139996,372.86802558228374,200.11830672901124,nothing
1761185148.741192,-1511.770409338642,-1068.324861742556,410.13986854068935,279.55378178786486,nothing
1761185148.7569027,-1524.721682885196,-1086.1716643311083,425.9035468539223,241.97900693304837,nothing
1761185148.7569027,-1570.1016289475374,-1130.6166354045272,407.33120367396623,221.18890307936817,nothing
1761185148.757643,-1535.9114635526203,-1099.0593595784158,403.01909902505577,255.49874527286738,nothing
1761185148.757643,-1502.0429295538925,-1061.0844154283404,432.29129597824067,278.93295839522034,nothing
1761185148.771169,-1565.0116251078434,-1125.7622452620417,410.0388912418857,208.29746793210506,nothing
1761185148.771169,-1565.2659383048303,-1122.3963353019208,386.01377392653376,226.9184298114851,nothing
1761185148.7868447,-1499.8214289802127,-1060.063422740437,437.3925195178017,283.013189246878,nothing
1761185148.7868447,-1527.0965193570592,-1100.8881706567481,438.7912421012297,240.53914545010775,nothing
1761185148.78768,-1580.7528640213422,-1136.334942436777,381.27158078271896,203.08778729382902,nothing
1761185148.78768,-1521.9466771180741,-1069.7048848262057,409.60132294707,275.26785643864423,nothing
1761185148.8011737,-1523.00880870549,-1082.1774511784315,434.2510035550222,253.70733319409192,nothing
1761185148.8011737,-1562.47223303793,-1128.2530186325312,401.1641086470336,213.73902236763388,nothing
1761185148.8168392,-1523.8615058953874,-1084.440090651624,411.7106265220791,270.67151939310133,nothing
1761185148.8168392,-1501.7624370572157,-1059.9512257417664,437.78520901314914,280.86274677235633,nothing
1761185148.8175724,-1550.833664375823,-1109.5796981537715,427.2499108379707,241.31330474093556,nothing
1761185148.8175724,-1551.3460306697525,-1112.9568278137594,389.1852090889588,238.9646475687623,nothing
1761185148.8312073,-1506.3812135024928,-1054.2740576090291,436.1246934328228,282.96831044740975,nothing
1761185148.8312073,-1507.125453593675,-1071.582314603962,434.56515515130013,259.6500342236832,nothing
1761185148.8469186,-1575.4197666845284,-1130.6615142039955,377.90567082259804,193.48372420761734,nothing
1761185148.8469186,-1513.8385740141384,-1061.6005216222256,418.95107283629477,276.70397802162915,nothing
1761185148.8475888,-1512.5969272288494,-1069.955458123237,442.19829096086323,273.52506305929273,nothing
1761185148.8475888,-1580.9473388190381,-1146.694465314038,397.76827948726714,188.94722556136549,nothing
1761185148.8611991,-1537.2952265362255,-1077.2968817362562,416.2695645680651,268.92124621383846,nothing
1761185148.8611991,-1514.350940308068,-1069.7647232254967,432.4334121765569,259.21620582882315,nothing
1761185148.89332,-1557.9806131911464,-1113.3906562086195,413.6366749992594,219.96969569381326,nothing
1761185148.89332,-1569.080636259634,-1120.862976320088,379.667163701728,223.83675224799663,nothing
1761185148.8940008,-1520.5591742345132,-1072.9249386880547,428.1998454267159,264.3548283679411,nothing
1761185148.8940008,-1537.493441233877,-1109.6993749523535,431.3114421898499,238.94968796893954,nothing
1761185148.894791,-1601.2250763787888,-1164.3093941053376,364.2643857342191,176.66165420692414,nothing
1761185148.8955002,-1510.334287755657,-1049.789917562157,419.15489738387987,289.3149206722155,nothing
1761185148.8955002,-1531.2889472073875,-1090.2294557830319,410.2801147890277,220.48954178765416,nothing
1761185148.9061897,-1571.1637605349533,-1129.2216527210549,397.71031103795394,205.03253527078778,nothing
1761185148.9061897,-1547.6771888132207,-1119.6288093347102,376.3554822909646,225.34393193013966,nothing
1761185148.9219615,-1508.1090472820215,-1066.3651541657746,431.05899894284084,263.25155788101256,nothing
1761185148.9219615,-1572.3455689209513,-1133.6646538684145,395.70198476174846,195.948318278417,nothing
1761185148.9225848,-1576.4183199726976,-1136.129247939214,380.84336223779246,213.85495926626027,nothing
1761185148.9225848,-1515.9590972890146,-1067.4721645526588,421.82892585219815,278.29717540275306,nothing
1761185148.9363716,-1553.8293242403306,-1111.7338805282488,410.8859785818495,220.3249861896038,nothing
1761185148.9363716,-1589.4817905179225,-1143.897020147182,375.84311599703506,188.0571293719113,nothing
1761185148.9520233,-1535.6197513560764,-1081.4294711872935,393.36454728944227,264.3211692683399,nothing
1761185148.9520233,-1521.7335028205998,-1082.1512718787417,428.8225387693383,248.99879914987832,nothing
1761185148.9526875,-1600.9034449825995,-1156.3097481001168,365.06098442478105,170.82741027604789,nothing
1761185148.9526875,-1555.127069524955,-1102.470148338005,375.6486411993392,237.28169258870184,nothing
1761185148.9663656,-1497.9028603029437,-1059.7081322446465,431.79201933415607,267.5412231301889,nothing
1761185148.9663656,-1561.7018136470579,-1123.5108254887164,404.5169289573096,191.5015772311017,nothing
1761185148.9820943,-1581.0782353174873,-1128.8850617250428,372.28273123921826,211.01637519989163,nothing
1761185148.9820943,-1504.8889934201725,-1049.3710487671196,428.1568365772255,281.8014616612345,nothing
1761185148.9826655,-1540.4591818987392,-1115.903868978843,423.57545913150534,216.00540174078196,nothing
1761185148.9826655,-1575.9695319780149,-1141.7091786731035,394.2060247794725,194.50845679547638,nothing
1761185148.9962862,-1521.322113825474,-1081.833380382508,404.48326985770836,265.1289876587689,nothing
1761185148.9962862,-1512.817581326235,-1071.4476782055572,425.2172752120532,250.98468602634966,nothing
1761185149.0119631,-1577.547769759316,-1138.95287240576,381.9017539252527,180.53993046097457,nothing
1761185149.0119631,-1557.8796358923428,-1100.6899559590966,381.4866250301711,240.88321624603122,nothing
1761185149.0126245,-1512.9896167241968,-1066.7802830608562,418.33959919353947,249.33539014589041,nothing
1761185149.0126245,-1570.1577274468727,-1127.4377204421908,391.1318270158954,183.9021005211398,nothing
1761185149.026203,-1562.5993896364234,-1132.4716257825494,377.9038008726202,208.9182913247496,nothing
1761185149.026203,-1514.1789049101062,-1064.1847924916074,431.0664787427522,258.6888799350709,nothing
1761185149.0418737,-1542.9761345689185,-1124.7749116737396,430.7859862460755,212.26924168504775,nothing
1761185149.0418737,-1588.4570579300635,-1150.1725722728297,378.5321040651761,193.14339331164956,nothing
1761185149.042603,-1529.0936259333976,-1086.960783221759,400.4740971052088,263.0496032834053,nothing
1761185149.042603,-1530.885038012173,-1089.0476473970339,432.43154222657904,241.7770523354411,nothing
1761185149.0561953,-1595.2861152491532,-1157.9328646808863,374.8670021086,175.1582144247368,nothing
1761185149.0561953,-1542.9013365698047,-1105.5293865017593,395.47759076440707,245.57305079046637,nothing
1761185149.07193,-1516.3218675847165,-1069.7946424251422,430.50549374939874,261.77055749855936,nothing
1761185149.07193,-1575.4048070847057,-1143.3322952538729,401.9775368873961,179.24592507630587,nothing
1761185149.0725696,-1579.8777274317108,-1138.167493415065,377.3727350789122,199.81537483260036,nothing
1761185149.0725696,-1522.4141646125354,-1078.4637305224314,427.13210398936644,260.06516311876476,nothing
1761185149.086196,-1554.1958344359882,-1113.1139036118984,417.3260863055475,198.59616744704545,nothing
1761185149.086196,-1592.2941952846013,-1160.3151809526607,373.853489220608,182.46971883811057,nothing
1761185149.1019013,-1522.9751496058889,-1090.782960976474,403.8774060648866,250.01605193782598,nothing
1761185149.1019013,-1530.24551511975,-1100.7497943583876,435.5655783894472,239.75376645941287,nothing
1761185149.1026175,-1589.9754573120736,-1144.0840151449665,386.6439470690675,184.27983041666448,nothing
1761185149.1026175,-1557.816057593096,-1108.4240690674633,395.19335836777464,230.99118086323142,nothing
1761185149.1161792,-1522.4478237121366,-1075.8607601532713,427.438775785733,250.232966135256,nothing
1761185149.1161792,-1579.3167424383573,-1149.301175583154,402.497382981237,186.50881079025567,nothing
1761185149.1319537,-1585.48383746529,-1138.470425311476,374.4892722130753,214.56928015779704,nothing
1761185149.1319537,-1524.661844485905,-1079.7764354068786,410.04450109181926,254.3842550860718,nothing
1761185149.1327162,-1555.138289224822,-1116.7790055684745,413.062600356061,203.63381268735975,nothing
1761185149.1327162,-1587.8885931367986,-1152.7082244427875,374.40699441405013,185.9440858969465,nothing
1761185149.146232,-1537.5457998332568,-1083.2620221655816,402.00371618708596,252.0842166133225,nothing
1761185149.146232,-1536.4238298465498,-1106.6588362883776,430.20630175294355,219.87245829496533,nothing
1761185149.1619365,-1596.759635831695,-1165.3790054926649,391.0906881163828,174.7842244291678,nothing
1761185149.1619365,-1558.4406208856963,-1109.7031148523092,399.04171542217955,234.79091921821237,nothing
1761185149.1626527,-1521.1986971269362,-1093.460729344748,432.46146142622456,260.39427431486547,nothing
1761185149.1626527,-1575.6815596814267,-1146.5673087155446,397.88608633587137,189.60170805361122,nothing
1761185149.1762571,-1563.9569733203389,-1116.206800875254,392.93071889458224,240.38954945188016,nothing
1761185149.1762571,-1518.752802555915,-1072.9847770873457,430.71866804687306,273.95889145415276,nothing
1761185149.1919343,-1542.8452380704693,-1109.9873472489417,424.20750222401693,224.0686260452494,nothing
1761185149.1919343,-1579.2157651395537,-1144.248570743017,394.96522447047755,204.04894158244133,nothing
1761185149.1925626,-1511.3141415440477,-1075.2025377610698,410.12303899088874,278.6562057984993,nothing
1761185149.1925626,-1520.2300630384125,-1094.7846539290622,433.5647319131531,245.14670219551772,nothing
1761185149.2061868,-1575.8498551794328,-1152.8017219416797,397.987063634675,189.24641755782068,nothing
1761185149.2061868,-1540.6461768965237,-1097.0398136023432,388.061369152274,250.21052673552185,nothing
1761185149.2218254,-1521.92423771834,-1069.689925226383,433.5983910127543,258.4495263379067,nothing
1761185149.2218254,-1577.4729717602022,-1134.2106792619452,409.9136045933701,194.62439369410276,nothing
1761185149.2226248,-1572.061336524319,-1120.6273626228794,378.1880332692526,224.24440134316683,nothing
1761185149.2226248,-1506.740243898239,-1065.504977175966,424.54035332007334,276.88723311945796,nothing
1761185149.2361991,-1542.789139571134,-1112.9942268133163,422.4422694449313,219.5134278992191,nothing
1761185149.2361991,-1585.5062768650241,-1150.8046153653413,375.8992144963704,187.11467458307743,nothing
1761185149.2518327,-1517.8440068666823,-1069.0653619337827,408.3241471122019,273.9850707538426,nothing
1761185149.2518327,-1524.9198975828476,-1085.3975050402805,424.94800241524354,247.22234667092562,nothing
1761185149.2525811,-1586.665645851288,-1147.1731725083664,382.18598632188514,197.19744486361742,nothing
1761185149.2525811,-1558.444360785652,-1101.793226446025,386.51305057061836,234.8544975174591,nothing
1761185149.266264,-1514.8296475023963,-1062.7075320091099,429.1479100654833,256.31778336316347,nothing
1761185149.266264,-1579.1895858398639,-1126.3568893549964,404.0606611627154,191.22482463438064,nothing
1761185149.281911,-1564.895688209217,-1118.1814680518582,377.1520809815265,210.73962260317057,nothing
1761185149.281911,-1501.1416136645712,-1059.2406447501853,431.27591314027086,265.9330661492422,nothing
1761185149.2826524,-1559.024045278784,-1109.4974203547463,413.2608150537126,206.04978805873543,nothing
1761185149.2826524,-1590.0502553111874,-1154.234103624709,384.0110575002618,193.30046910978854,nothing
1761185149.2962637,-1526.2999206664972,-1087.02062162105,415.63939142553136,255.1584143768996,nothing
1761185149.2962637,-1528.786954137031,-1085.0496943444014,435.6702955882065,236.17842210177332,nothing
1761185149.3118527,-1586.302875555586,-1150.1015141736716,385.5070174825378,183.1989993294701,nothing
1761185149.3118527,-1551.3946493691765,-1105.1740960059687,386.85338146658614,236.84786419384181,nothing
1761185149.3126068,-1517.8814058662392,-1079.9148117052391,431.71722133504227,258.1578141413629,nothing
1761185149.3126068,-1564.776011410635,-1139.0426300046965,407.587386820931,203.26356259174645,nothing
1761185149.326162,-1582.5928947995417,-1134.6295480569825,379.62789475219324,209.79342791438103,nothing
1761185149.326162,-1516.8080545789562,-1070.6585593149066,430.28109975205734,261.92015349678695,nothing
1761185149.3419182,-1550.3362576817162,-1119.6213295347989,419.8841778752394,206.53597505297512,nothing
1761185149.3419182,-1578.7856766446494,-1140.243137890473,376.87532838480547,194.85252759139985,nothing
1761185149.342628,-1510.8204747498967,-1070.0452157221735,422.93593623908237,275.29403573833406,nothing
1761185149.342628,-1537.373764435295,-1090.1883168835193,430.28483965201303,228.1077179973945,nothing
1761185149.3562143,-1575.1766731874086,-1139.3081629015505,390.4586450238712,197.3133817622438,nothing
1761185149.3562143,-1558.6575350831263,-1101.793226446025,393.7160978852771,241.38810274004936,nothing
1761185149.3718247,-1516.4714635829441,-1072.7267239904031,434.16685580601916,248.06382416095585,nothing
1761185149.3718247,-1560.7107401588,-1124.9132879721,401.955097487662,196.00815667770803,nothing
1761185149.3725724,-1568.1082622711547,-1120.1187362289056,384.7889566910453,209.12024592235684,nothing
1761185149.3725724,-1514.3808595077135,-1059.0125108528882,438.8641701503657,269.0147437127307,nothing
1761185149.3862236,-1556.8923023040406,-1110.1182437473908,422.0794991492294,204.56130787637085,nothing
1761185149.3862236,-1584.7882160735317,-1138.4928647112101,383.26307750912383,195.15171958785504,nothing
1761185149.4018369,-1522.1598514155485,-1069.4281322294846,407.38169232336804,269.542069606483,nothing
1761185149.4018369,-1522.043914516922,-1085.947270333767,424.94426251528785,242.98877992108464,nothing
1761185149.4026585,-1576.1340875760652,-1145.9502252228558,395.8441009600647,181.83393584564328,nothing
1761185149.4026585,-1547.9464616100304,-1100.5478397607803,403.4248781702481,248.69586725346744,nothing
1761185149.4161956,-1515.5738875935785,-1067.8872934477404,442.32731750933453,266.5351900421083,nothing
1761185149.4161956,-1559.4055150742643,-1126.3344499552622,416.08069962030277,203.2112039923668,nothing
1761185149.4318557,-1567.984845572617,-1117.6878012577072,377.59338917629793,214.57675995770842,nothing
1761185149.4318557,-1517.2605824735947,-1066.5072703640908,410.7251628837548,263.4946513781324,nothing
1761185149.432738,-1551.050578573253,-1095.1923030242324,433.8863633093424,218.5522736106068,nothing
1761185149.432738,-1579.0100706419908,-1140.845261783339,389.7929428317584,183.25135792884976,nothing
1761185149.4461114,-1543.4024831638671,-1094.1376512367278,398.4994299286045,231.27541325986385,nothing
1761185149.4461114,-1505.28168291552,-1063.4966508997604,444.25336598651484,255.91387416794896,nothing
1761185149.461882,-1575.3262691856362,-1141.5745422746986,386.9842779650353,188.4236395675689,nothing
1761185149.461882,-1551.0543184732087,-1086.4745962275192,393.0204764935188,243.67692151293159,nothing
1761185149.462652,-1510.0388356591575,-1067.9134727474302,436.9942201725207,259.8370292214677,nothing
1761185149.462652,-1576.3884007730521,-1135.141914350912,393.5814614868723,181.95361264422536,nothing
1761185149.4762268,-1551.050578573253,-1109.2431071577594,393.0279562934302,236.49631359800696,nothing
1761185149.4762268,-1518.18433776265,-1062.584115310572,431.9677946320735,270.6939587928355,nothing
1761185149.491989,-1541.076265391428,-1104.5757120130584,425.6997223063372,210.68726400379092,nothing
1761185149.491989,-1587.9222522363998,-1138.95287240576,387.4966442589648,201.92093850765377,nothing
1761185149.4926815,-1520.7723485319875,-1076.5414219452068,422.711542241741,271.36714078485966,nothing
1761185149.4926815,-1506.474711001385,-1077.1360660381615,440.20305433450267,253.32586339861155,nothing
1761185149.5062375,-1573.3964808085002,-1141.9148731706664,398.6565057267435,197.81452835630625,nothing
1761185149.5062375,-1532.9569425876252,-1090.180837083608,404.5917269564234,259.69491302315146,nothing
1761185149.522028,-1506.7103246985935,-1061.6603600215167,451.87528209621087,285.7732354141772,nothing
1761185149.522028,-1561.3053842517547,-1126.8580359490588,409.143185202498,214.88717165403068,nothing
1761185149.5227077,-1561.8588894451968,-1121.476319912821,381.4118270310573,225.0671793334186,nothing
1761185149.5227077,-1502.4243993493728,-1045.4254543138668,435.5992374890484,299.19573635514826,nothing
1761185149.5362148,-1546.0839914320968,-1106.4531417908147,424.98166151484475,221.83590577170253,nothing
1761185149.5362148,-1575.1691933874972,-1129.352549219504,387.66867965692654,207.2876949440688,nothing
1761185149.5518773,-1516.568700981792,-1067.9321722472087,414.8390528350137,270.7313577923924,nothing
1761185149.5518773,-1504.0325563303195,-1079.2865085126832,450.076390217524,254.43661368545145,nothing
1761185149.5526063,-1580.1619598283432,-1151.01404976286,401.5100493929349,185.74213129933923,nothing
1761185149.5526063,-1535.0138875632547,-1075.236196860671,404.6179062561132,269.03344321250916,nothing
1761185149.5661643,-1500.614287770819,-1069.3720337301493,438.7444933517836,272.5377294709906,nothing
1761185149.5661643,-1577.7422445570119,-1141.2529108785093,412.1799839665182,204.0190223827958,nothing
1761185149.5819807,-1568.201759770047,-1127.54243764095,384.14943379862234,225.87873762380332,nothing
1761185149.5819807,-1507.4583046897314,-1066.6119875628501,448.02318514185026,277.74741010926664,nothing
1761185149.5827708,-1532.8223061892204,-1107.3320182804018,414.8465326349251,222.34827206563205,nothing
1761185149.5827708,-1579.657073334325,-1134.0274241641164,367.0057324017398,201.1729585165158,nothing
1761185149.5962324,-1528.7121561379172,-1086.5269548268989,401.3492336948402,265.2449245573953,nothing
1761185149.5962324,-1519.6989972447045,-1081.496789386496,430.9168827445246,253.10146940127015,nothing
1761185149.6119401,-1591.8341875900514,-1138.0029378170148,383.6482872045599,197.81078845635056,nothing
1761185149.6119401,-1532.1827832967974,-1088.0902330083773,391.4721579118632,259.92304692044854,nothing
1761185149.6126647,-1509.331994567532,-1070.2247309200466,437.95537446113303,268.91750631388277,nothing
1761185149.6126647,-1572.349308820907,-1135.2054926501587,393.6824387856759,187.76915707532316,nothing
1761185149.626155,-1566.971332684625,-1104.931002508849,388.3605611487292,237.21811428945512,nothing
1761185149.626155,-1511.310401644092,-1056.3684015842155,438.1535891587846,283.3535201428458,nothing
1761185149.6418834,-1549.2853457941674,-1112.2911256216466,419.49896817980334,218.9898419054225,nothing
1761185149.6418834,-1580.296596226748,-1138.4966046111658,380.3010767442174,210.541407905519,nothing
1761185149.6426213,-1505.7603901098482,-1069.615127227269,428.6318038715981,280.649572474882,nothing
1761185149.6426213,-1504.750617121812,-1069.48423072882,455.47306585358456,268.99604421295226,nothing
1761185149.6562088,-1574.6717866933905,-1130.9008678011596,409.7602686951868,210.3581528076902,nothing
1761185149.6562088,-1528.6560576385818,-1084.294234553352,401.37167309457436,269.14938011113554,nothing
1761185149.6720457,-1501.313649062533,-1065.1646462799981,448.53929133573547,264.2463712692261,nothing
1761185149.6720457,-1562.7115866350941,-1122.7628454975784,417.6252783020027,212.41509778331965,nothing
1761185149.6726131,-1562.5283315372653,-1110.1967816464603,386.70378546835855,232.8162520416081,nothing
1761185149.6726131,-1506.691625198815,-1054.6330880047753,433.53855261346325,292.8416463304311,nothing
1761185149.6864786,-1535.9339029523544,-1100.5254003610462,431.0776984426193,245.7114270888269,nothing
1761185149.6864786,-1582.443298801314,-1130.8036304023117,386.21385857416317,207.63550563994795,nothing
1761185149.7018735,-1512.3014751323499,-1057.7671241676435,430.0791451544501,291.55886064562947,nothing
1761185149.7018735,-1531.9434296996333,-1078.6095866207033,427.5210535847582,246.68006117735058,nothing
1761185149.702595,-1569.4770656549372,-1114.1648154994473,402.9461709759198,222.38193116523325,nothing
1761185149.702595,-1545.889516634401,-1100.8358120573685,384.8974137897603,242.18096153065562,nothing
1761185149.7162852,-1506.788862597663,-1062.393380412832,442.05430481256917,279.0975139932707,nothing
1761185149.7162852,-1558.6986739826389,-1124.3373433789238,406.45793703431264,209.18756412155926,nothing
1761185149.7318535,-1563.7400591229089,-1122.0298251062632,386.18767927447334,218.9225237062201,nothing
1761185149.7318535,-1513.3523870198987,-1067.7302176496014,434.5894645010121,275.74656363297254,nothing
1761185149.7325826,-1542.0486393799074,-1110.488493843004,424.12148452503607,230.08612507395446,nothing
1761185149.7325826,-1581.3736874139868,-1138.133834315464,381.4866250301711,208.03941483516246,nothing
1761185149.7463305,-1524.2205362911336,-1074.2077243728563,412.2510420656763,285.2833085199818,nothing
1761185149.7463305,-1527.1675774562173,-1084.1184592554346,427.4350358857773,247.9665867621079,nothing
1761185149.761855,-1586.026122958865,-1146.5523491157219,396.44622485293075,192.09996122401208,nothing
1761185149.761855,-1543.163129566703,-1084.7205831483006,406.1475253379904,253.66993419453502,nothing
1761185149.7626688,-1504.2345109279267,-1067.1093942569569,439.02124594850466,283.52555554080755,nothing
1761185149.7626688,-1584.0327562824823,-1156.6500789960846,390.18189242715016,196.3559673735872,nothing
1761185149.7762892,-1566.462706290651,-1110.828824738972,391.52077661128715,254.2271792879328,nothing
1761185149.7762892,-1512.4959499300458,-1075.6438459558412,421.97478195047006,281.2442165678367,nothing
1761185149.7919705,-1527.350832554046,-1094.5527801318094,442.12910281168297,247.20738707110286,nothing
1761185149.7919705,-1582.3984200018458,-1161.1416988428682,376.44149998994544,187.57842217758298,nothing
1761185149.7926474,-1510.2071311571635,-1062.2437844146043,432.5175599255599,302.13155782036483,nothing
1761185149.7926474,-1539.7897398066707,-1103.4687016261742,426.69079579459503,221.8807845711708,nothing
1761185149.8062508,-1579.1708863400854,-1139.5250770989805,403.9559439639561,206.9885029476136,nothing
1761185149.8062508,-1529.9425832233392,-1082.375665876083,401.34175389492884,275.4959903359413,nothing
1761185149.8219347,-1500.831201968249,-1069.6562661267817,442.346017009113,272.52276987116784,nothing
1761185149.8219347,-1570.3858613441698,-1137.8757812185213,402.9611305757426,196.77483616862446,nothing
1761185149.8226275,-1569.0507170599885,-1122.0747039057314,372.7988374331035,218.33909931313246,nothing
1761185149.8226275,-1512.8736798255704,-1074.693911367096,416.114358719904,265.8021696507931,nothing
1761185149.8362627,-1557.2401129999198,-1127.217066344805,415.1719039310701,201.47963031288236,nothing
1761185149.8362627,-1578.583722047042,-1144.3532879417762,375.9814922953956,201.8349208086729,nothing
1761185149.851863,-1531.9209902998991,-1089.1972433952615,399.5466019161977,264.5754824653268,nothing
1761185149.851863,-1529.015088034328,-1094.6986362300813,416.11809861985967,232.60681764408946,nothing
1761185149.852655,-1593.2890086728148,-1152.3716334467754,376.32182319136336,181.6469408478588,nothing
1761185149.852655,-1557.6664615948685,-1104.74774741102,384.6393606928177,224.6221312386915,nothing
1761185149.8662243,-1527.6986432499252,-1094.23114873562,418.9679023860954,240.31849135272205,nothing
1761185149.8662243,-1576.8147493680008,-1147.5583822038025,393.0503956931643,176.24278541188687,nothing
1761185149.881873,-1552.0341722615995,-1110.0359659483656,389.134720439557,234.8544975174591,nothing
1761185149.881873,-1527.062860257458,-1084.4326108517125,408.8813922055997,249.32791034597903,nothing
1761185149.8826685,-1558.5341183845885,-1115.084830888547,407.66966461995617,215.3583990484476,nothing
1761185149.8826685,-1577.271017162595,-1137.9243999179453,379.5717962528579,204.2434163801372,nothing
1761185149.8969443,-1522.430994162336,-1071.786139151547,411.2225695778616,252.28617121092975,nothing
1761185149.8978019,-1525.639828324318,-1083.824877108913,428.17179617704824,237.46868758648634,nothing
1761185149.8978019,-1578.6529101962224,-1147.092764659319,386.99549766490236,188.1281874710694,nothing
1761185149.9111812,-1543.019143418409,-1099.7605908201076,384.52342379419133,246.84087687544525,nothing
1761185149.9111812,-1508.477427427657,-1068.3940498917364,429.87345065688714,272.41057287249714,nothing
1761185149.9268217,-1574.3707247469574,-1133.1803368241526,398.89959922386333,202.05183500610292,nothing
1761185149.9268217,-1565.933510446921,-1116.0029763276689,384.43740609521046,226.82119241263717,nothing
1761185149.9277122,-1515.3738029459491,-1076.5919105946086,423.09675193717703,268.45001881942153,nothing
1761185149.9277122,-1539.12216766458,-1111.634773179423,420.4376830686815,220.96450908202678,nothing
1761185149.941184,-1574.3370656473562,-1142.4328493145294,382.8292491142638,210.4366907067597,nothing
1761185149.941184,-1525.9465001206845,-1088.1519413576461,401.5698877922259,252.50682530831546,nothing
1761185149.956921,-1531.1786201586947,-1098.4815450352617,422.83121904032305,230.97248136345297,nothing
1761185149.956921,-1582.0300398562104,-1159.950540706981,378.03843727102503,177.8995610922575,nothing
1761185149.957618,-1540.4348725490272,-1103.6313872742467,380.77978393854573,233.10422433819622,nothing
1761185149.957618,-1513.036365473643,-1079.3519567619078,421.9299031510018,259.28726392798126,nothing
1761185149.9711812,-1569.3966578058898,-1148.0913179474883,391.1692260154523,181.84141564555466,nothing
1761185149.9711812,-1560.3199206134304,-1127.7313025887124,379.9831852479838,208.77617512643337,nothing
1761185149.98695,-1521.0696705784649,-1074.392849420663,433.1084641185589,262.14828739408404,nothing
1761185149.98695,-1544.645999899134,-1118.8266007942148,421.12582466052845,210.8443398019299,nothing
1761185149.987594,-1575.642290731892,-1139.7775203459896,374.33219641493633,207.15679844561964,nothing
1761185149.987594,-1516.690247730352,-1085.6013295878656,411.2076099780388,266.598768341355,nothing
1761185150.0011463,-1511.5478852912784,-1090.0854696347378,443.7559592924081,248.4153747567907,nothing
1761185150.0011463,-1572.2015827726573,-1139.990694643464,386.67012636875734,185.36066150385886,nothing
1761185150.0168972,-1530.969185761176,-1090.7810910264961,398.6490259268321,247.229826470837,nothing
1761185150.0168972,-1490.5446071401238,-1051.0820529968478,449.3022309266962,283.30864134337753,nothing
1761185150.0175707,-1579.090478491038,-1130.9588362504728,405.3658862472512,198.9813771424815,nothing
1761185150.0175707,-1556.6323792571202,-1122.1214526551776,396.11711365683004,253.236105799675,nothing
1761185150.0311832,-1498.0655459510162,-1073.2671395340003,433.8901032092981,274.0187298534438,nothing
1761185150.0311832,-1536.3284623976797,-1110.7147577903233,442.2338200104423,237.53974568564445,nothing
1761185150.0468216,-1579.6851225839928,-1147.070325259585,382.6759132160805,209.6513117160648,nothing
1761185150.0468216,-1517.7785586174577,-1085.9005215843208,414.401484540198,266.9690184369683,nothing
1761185150.0476575,-1536.7622907925397,-1110.273449595552,432.6260170242749,230.68076916690916,nothing
1761185150.0476575,-1575.219682036899,-1148.3531109443866,394.8679870716296,196.89077306725085,nothing
1761185150.0614836,-1548.1764654573053,-1108.777489613276,398.11796013312414,235.23970721289515,nothing
1761185150.0614836,-1512.288385482505,-1076.9995596897788,433.5983910127543,255.76053826976568,nothing
1761185150.076907,-1567.7997205248103,-1143.042453007307,390.51474352320656,196.8010154683143,nothing
1761185150.076907,-1556.0414750641212,-1112.8240613653325,393.88813328323886,238.05211197957397,nothing
1761185150.0776095,-1519.4577736975625,-1075.7766124042682,418.75098818866536,263.65546707622707,nothing
1761185150.0776095,-1558.8314404310659,-1130.222075959202,414.09107284387574,214.2551285615191,nothing
1761185150.091231,-1572.5381737686694,-1139.9383360440843,385.9894645768218,209.5839935168624,nothing
1761185150.091231,-1506.6747956490144,-1074.5162661192007,416.42477041622624,292.5125351343304,nothing
1761185150.106842,-1519.4802130972967,-1095.534503870178,429.4433621619828,251.8261635163799,nothing
1761185150.106842,-1587.5052533913404,-1146.8683706619777,387.1263941633515,192.35801432095468,nothing
1761185150.1075287,-1541.7812365330756,-1113.65057925554,389.10854113986716,246.54168487899005,nothing
1761185150.1075287,-1512.8007517764345,-1087.7854311619885,433.62083041248843,247.18494767136872,nothing
1761185150.1212156,-1575.1336643379182,-1139.8036996456794,394.66977237397805,196.6850785696879,nothing
1761185150.1212156,-1562.7508555846289,-1129.1262852721848,385.6154745812528,216.74590193200856,nothing
1761185150.1369612,-1515.931048039347,-1074.9126955145039,423.5455399318598,258.29245053976774,nothing
1761185150.1369612,-1550.4690241301432,-1120.621752772946,404.48700975766405,215.5491339461878,nothing
1761185150.137689,-1579.7748801829293,-1151.3487708088942,378.10201557027176,193.80535560380667,nothing
1761185150.137689,-1525.6211288245395,-1079.2584592630155,418.39195779291913,267.99749092478305,nothing
1761185150.1512077,-1532.5062846429646,-1099.984984817449,434.09579770686105,233.71756793092936,nothing
1761185150.1512077,-1587.99144038558,-1159.105323316995,390.1257939278148,185.65611360035837,nothing
1761185150.1669552,-1541.8672542320564,-1107.2029917319305,385.70149228023365,241.19736784230918,nothing
1761185150.1669552,-1479.7213366683573,-1042.7832149951719,458.37148831924424,310.4827544214204,nothing
1761185150.1676254,-1580.4144030753523,-1150.1258235233836,400.33946070680395,178.23989198822528,nothing
1761185150.1676254,-1540.3376351501793,-1100.744184508454,407.19469732558355,269.48597110714763,nothing
1761185150.181203,-1514.820297752507,-1064.1455235420726,432.16226942976937,274.00751015357673,nothing
1761185150.181203,-1523.3397898515686,-1089.8274165377952,443.61758299404755,257.4247937500477,nothing
1761185150.19661,-1579.3186123883352,-1149.1983283343725,367.46574009628966,204.1723582809791,nothing
1761185150.19661,-1512.8044916763902,-1059.377151098568,432.6671559237875,293.8364597186446,nothing
1761185150.2119339,-1514.9549341509119,-1067.1337036066689,453.6853936747648,264.2388914693147,nothing
1761185150.2119339,-1570.9300167877227,-1149.8490709266625,385.18912598630413,188.26656376942992,nothing
1761185150.2126465,-1530.6737336646765,-1082.2578590274788,405.63515904406086,266.26217734534293,nothing
1761185150.2126465,-1522.7152265589684,-1080.1971741518937,435.109310594853,263.0421234834939,nothing
1761185150.2269018,-1559.661698221229,-1143.3117258041166,404.053181362804,192.34305472113192,nothing
1761185150.2269018,-1558.1283392393962,-1115.81972122984,399.9804303110577,229.38676378224045,nothing
1761185150.227682,-1523.1153958542272,-1083.4359275135212,425.16491661267355,263.4497725786641,nothing
1761185150.227682,-1547.0731949703768,-1112.057381874416,419.5101878796704,228.15259679686278,nothing
1761185150.2412276,-1574.84569204133,-1142.1149578182958,391.5357362111099,222.86437825951725,nothing
1761185150.2412276,-1517.2474928237498,-1084.7561121978797,420.94256956269965,280.70941087417305,nothing
1761185150.2569413,-1508.2679930301383,-1086.4951656772755,443.4231081963517,260.0576833188534,nothing
1761185150.2569413,-1583.5446993382648,-1150.5708716181107,391.2028851150535,194.06340870074928,nothing
1761185150.2576585,-1534.4285932201892,-1092.8791749016382,408.08479351503775,262.7130122873932,nothing
1761185150.2576585,-1518.4442608095706,-1085.8556427848525,435.3000454925932,251.95332011487335,nothing
1761185150.271166,-1577.897450405173,-1148.708401440177,383.4874715064652,186.3816541917622,nothing
1761185150.271166,-1574.531540445052,-1121.6128262612037,384.6393606928177,220.3623851891607,nothing
1761185150.2869496,-1508.8102785237134,-1078.2262468752451,433.0748050189577,267.2794301332906,nothing
1761185150.2869496,-1568.1063923211768,-1134.3658851101063,408.68317750794813,200.34644062630832,nothing
1761185150.2876415,-1573.3422522591427,-1135.5738727957942,388.4652783474885,207.55322784092277,nothing
1761185150.2876415,-1523.178974153474,-1085.668647787068,421.15574386017397,270.4658248955384,nothing
1761185150.3012087,-1530.5390972662717,-1093.6196750928648,430.24370075250044,233.6315502319485,nothing
1761185150.3012087,-1584.5694319261238,-1143.9400289966725,385.4658785830252,185.70099239982665,nothing
1761185150.3168771,-1553.6254996927455,-1097.0342037524097,384.8712344900705,249.21571334730834,nothing
1761185150.3168771,-1509.2029680190608,-1074.6247232179157,434.58198470110074,262.36520159151405,nothing
1761185150.317661,-1579.1465769903734,-1164.2140266564675,400.78450880153105,190.22627134621143,nothing
1761185150.317661,-1565.43984365277,-1124.7132033244707,371.164501152467,219.38253140076995,nothing
1761185150.3311524,-1517.4344878215343,-1072.7211141404696,412.74844875978306,261.9425928965211,nothing
1761185150.3311524,-1555.861959866248,-1112.8876396645792,409.1768443020992,207.66542483959347,nothing
1761185150.346877,-1588.559905178845,-1153.196281387005,378.1169751700945,189.63162725325674,nothing
1761185150.346877,-1536.119028000161,-1081.1134496410377,405.59402014454827,268.99604421295226,nothing
1761185150.3476708,-1525.8380430219695,-1092.3705485076644,437.46170766698197,241.4105421397835,nothing
1761185150.3476708,-1583.9299090337008,-1152.3847230966203,384.06715599959716,187.11467458307743,nothing
1761185150.3612025,-1544.3729872023687,-1095.9234534655698,390.96727141784504,254.9714193791151,nothing
1761185150.3612025,-1489.8415059484541,-1044.6232457733713,459.1905264095403,303.91175019927323,nothing
1761185150.376972,-1578.2938798004761,-1163.7315795621835,389.2730967379175,167.40166191663593,nothing
1761185150.376972,-1575.3917174348608,-1126.9085245984606,379.1342279580422,219.7340819966048,nothing
1761185150.377678,-1506.5551188504323,-1046.6727109490894,435.4795606904663,301.1068252325058,nothing
1761185150.377678,-1541.6241607349366,-1107.232910931576,428.3737507746555,221.480615275912,nothing
1761185150.3912804,-1584.1393434312195,-1133.0083014261909,381.80451652640477,209.93554411269724,nothing
1761185150.3912804,-1520.2917713876814,-1059.2387748002075,423.7325349296443,287.89749858900905,nothing
1761185150.407002,-1520.9761730795726,-1085.7097866865806,436.69128827610984,246.54916467890143,nothing
1761185150.407002,-1564.665684361942,-1125.2367893182673,405.0966134504415,222.553966563195,nothing
1761185150.407597,-1541.2314712395892,-1071.823538151104,403.11446647392586,274.2431238507852,nothing
1761185150.407597,-1501.468854910694,-1056.3964508338831,449.4892259244807,284.00426273513585,nothing
1761185150.4212008,-1561.2399360025302,-1131.0598135492764,398.3161748307757,208.86593272536993,nothing
1761185150.4212008,-1550.798135326244,-1104.0951348687522,393.04665579320863,246.46314697992057,nothing
1761185150.4370725,-1489.759228149429,-1047.6937036369927,436.3659169799648,294.46102301124483,nothing
1761185150.4370725,-1554.657712080516,-1120.4609370748512,419.6635237778537,225.17189653217793,nothing
1761185150.437584,-1562.4928024876863,-1122.7160967481323,382.73949151532724,225.45238902885467,nothing
1761185150.437584,-1505.4331488637254,-1065.5218067257665,415.2841009297408,287.1457786979154,nothing
1761185150.4511988,-1529.5330641781911,-1093.615935192909,423.1079716370441,240.6363828489557,nothing
1761185150.4511988,-1569.7257690019906,-1144.0223067956977,374.9829390072264,210.6536049041897,nothing
1761185150.4669402,-1540.3189356504008,-1098.0103176408447,389.21699823858216,253.43058059737086,nothing
1761185150.4669402,-1502.6357036968693,-1081.7155735339038,439.98240023711696,258.09797574207187,nothing
1761185150.4676895,-1577.800213006325,-1158.7949116206728,394.00781008182094,189.48577115498483,nothing
1761185150.4676895,-1570.5111479926854,-1130.173457259778,378.8387758615427,227.31111930683255,nothing
1761185150.4812448,-1527.049770607613,-1093.0549501995556,418.94546298636124,255.44638667348772,nothing
1761185150.4812448,-1556.4453842593357,-1126.6242922018282,413.4814691510983,211.07995349913836,nothing
1761185150.4969492,-1582.8565577464178,-1149.7742729275487,365.80148461600766,200.00610973034054,nothing
1761185150.4969492,-1527.2218060055748,-1084.0941499057226,412.8045472591184,266.95405883714557,nothing
1761185150.4976563,-1542.0617290297523,-1113.119513461832,417.8459323993884,229.26708698365837,nothing
1761185150.4976563,-1588.8441375754774,-1152.616596893873,371.91996094351634,178.8307961812243,nothing
1761185150.511219,-1550.929031824693,-1102.4869778878056,391.1692260154523,253.24732549954206,nothing
1761185150.511219,-1523.2462923526764,-1088.7353657507338,430.1576830535196,253.90928779169917,nothing
1761185150.526934,-1577.6842761076987,-1149.867770426441,395.38035336555913,188.07582887168974,nothing
1761185150.526934,-1575.5076543334872,-1131.897551139351,379.91586704878137,211.53622129373252,nothing
1761185150.5276453,-1514.4874466564506,-1075.6045770063065,426.6683563948609,277.1378064164892,nothing
1761185150.5276453,-1553.8798128897324,-1130.8092402522452,412.42307746363804,209.3259404199198,nothing
1761185150.5412056,-1582.4788278508931,-1150.4998135189526,379.55309675307944,197.0179296657443,nothing
1761185150.5412056,-1524.3458229396492,-1072.6388363414444,417.3672252050601,271.688772181049,nothing
1761185150.556944,-1520.224453188479,-1090.1827070335858,432.90650952095166,242.12112313136458,nothing
1761185150.556944,-1589.042352273129,-1152.4408215959556,371.47865274874493,181.50856454949826,nothing
1761185150.5576725,-1549.20493794512,-1098.5825223340653,391.19166541518643,258.02691764291376,nothing
1761185150.5576725,-1496.6032450683415,-1051.7589748888277,448.038144741673,289.2924812724814,nothing
1761185150.5711925,-1578.9895011922345,-1133.6403445187025,402.0261555868201,201.55816821195185,nothing
1761185150.5711925,-1564.258035266772,-1120.139305678662,386.0530428760685,229.2222081841901,nothing
1761185150.5866213,-1489.8714251480997,-1043.9912026808597,450.17362761637196,319.7427467117086,nothing
1761185150.5866213,-1549.833241137676,-1116.5714411209337,416.8062402117066,231.9672947516665,nothing
1761185150.602556,-1572.4858151692897,-1132.0845461371355,378.65926066366956,222.9204767588526,nothing
1761185150.602556,-1490.3837914420292,-1054.5452003558166,419.8093798761256,312.9286489924416,nothing
1761185150.603326,-1531.4628525553271,-1097.2735573495738,418.90058418689296,254.57872988376766,nothing
1761185150.603326,-1584.240320730023,-1147.201221758034,378.39746766677126,190.28236984554678,nothing
1761185150.6039925,-1530.5054381666705,-1081.435081037227,401.25947609590366,270.95949168968946,nothing
1761185150.6039925,-1508.716781024821,-1068.5473857899196,438.60985695337877,271.44193878397346,nothing
1761185150.61625,-1576.8502784175798,-1146.8085322626866,403.1743048732169,190.5030239429325,nothing
1761185150.61625,-1566.5393742397428,-1108.3511410183273,390.48856422351673,238.86741016991436,nothing
1761185150.6312933,-1513.4402746688575,-1072.7098944406025,435.3823232916184,275.89615963120013,nothing
1761185150.6312933,-1551.0187894236296,-1120.330040576402,420.26938757067546,223.2159288553521,nothing
1761185150.6469097,-1568.6935566142201,-1122.6936573483981,387.03289666445926,233.76618663035333,nothing
1761185150.6469097,-1514.988593250513,-1077.5231456835754,416.7277023126371,271.6850322810933,nothing
1761185150.6475933,-1529.1291549829766,-1100.9311795062385,434.27531290473416,252.52178490813822,nothing
1761185150.6475933,-1583.8812903342769,-1136.7856003814377,384.25789089733735,214.0606537638232,nothing
1761185150.661313,-1537.9702784782276,-1104.7870163605548,396.2442702553235,250.36386263370514,nothing
1761185150.661313,-1514.15833546035,-1081.9100483315997,438.968887349125,259.1563674295321,nothing
1761185150.6769035,-1558.3190741371363,-1125.9324107100256,422.86861803987995,229.93652907572687,nothing
1761185150.6769035,-1570.215695896186,-1126.108186007943,394.4977369760163,235.25466681271791,nothing
1761185150.6776364,-1521.8475697692484,-1085.0253849946894,418.4368365923874,265.1289876587689,nothing
1761185150.6776364,-1545.236904092133,-1116.4330648225732,421.3202994582243,233.10422433819622,nothing
1761185150.6911802,-1583.0211133444682,-1162.27675847942,373.0082718306221,193.19201201107353,nothing
1761185150.6911802,-1518.2647456116974,-1079.1836612639017,415.2130428305827,276.82365482021123,nothing
1761185150.7069454,-1513.9189818631858,-1084.6513949991204,449.02921822993085,263.8723812736571,nothing
1761185150.7069454,-1589.367723569274,-1154.366870073136,392.0219232053496,192.66094621736556,nothing
1761185150.7076268,-1541.2389510395005,-1108.306262218859,395.4962902641855,245.95078068599105,nothing
1761185150.7076268,-1508.705561324954,-1080.1597751523368,447.3088642503135,270.8697340907529,nothing
1761185150.7212193,-1571.0683930860832,-1152.3248846973293,394.26212327880785,191.3183221332729,nothing
1761185150.7212193,-1555.5926870694384,-1116.7472164188512,384.8300955905579,236.47013429831713,nothing
1761185150.7368972,-1512.8755497755483,-1071.9731341493316,417.778614200186,267.92269292566925,nothing
1761185150.7368972,-1569.8753650002182,-1145.6342036766,399.4755438170396,191.4604383315891,nothing
1761185150.7375925,-1580.201228777878,-1156.3490170496516,376.9389066840522,192.52630981896073,nothing
1761185150.7375925,-1512.2098475834355,-1081.2406062395312,418.2648011944257,279.5463019879535,nothing
1761185150.7512193,-1533.6132950298488,-1118.5423683975823,426.79925289331004,216.64492463320494,nothing
1761185150.7512193,-1598.2238066643476,-1165.8670624368824,377.21939918072894,171.88954186346382,nothing
1761185150.766916,-1547.1218136698008,-1104.6336804623716,392.03314290521666,248.69960715342313,nothing
1761185150.766916,-1521.4361807741225,-1086.4615065776743,435.3337045921944,251.64664831850678,nothing
1761185150.76755,-1569.0600668098778,-1151.2515334100462,392.3136354018934,184.0142975198105,nothing
1761185150.76755,-1572.1866231728345,-1126.3176204054616,375.65986089920625,223.83675224799663,nothing
1761185150.7812545,-1512.6885547777638,-1071.1428763591684,423.83351222844794,257.40235435031354,nothing
1761185150.7812545,-1554.3286008844152,-1127.8173202876933,408.71683660754934,206.4686568537727,nothing
1761185150.7968912,-1578.6903091957793,-1143.113511106465,386.40833337185904,207.03338174708188,nothing
1761185150.7968912,-1515.3251842465252,-1079.699767457787,418.5826926906593,270.2077717985958,nothing
1761185150.7975729,-1540.9659383427352,-1103.8183822720312,415.86004552291706,226.8099727127701,nothing
1761185150.7975729,-1570.4625292932615,-1143.1209909063764,388.1623464510776,205.54864146467298,nothing
1761185150.811267,-1532.0387971485034,-1089.131795146037,391.8685873071663,248.90530165098608,nothing
1761185150.811267,-1518.500359308906,-1084.0305716064759,441.25396622205153,248.35179645754397,nothing
1761185150.826861,-1578.9932410921901,-1152.1004906999879,401.7007842906751,186.69580578804016,nothing
1761185150.826861,-1560.8771657068282,-1120.3823991757818,389.5311498348601,229.0726121859625,nothing
1761185150.8275962,-1513.2869387706742,-1072.4817605433054,441.65413551731035,281.59202726371586,nothing
1761185150.8275962,-1548.9020060487092,-1129.8854849631898,417.42332370439544,208.503162429668,nothing
1761185150.8412175,-1571.34888558276,-1144.9198827850632,384.33642879640684,207.0633009467274,nothing
1761185150.8412175,-1500.6535567203537,-1060.8431918811984,434.7054013996385,291.8692723419517,nothing
1761185150.856892,-1521.6306555718184,-1072.20874784654,443.9392143902369,265.29728315677494,nothing
1761185150.856892,-1567.6202053269371,-1122.248609253671,407.5088489218615,224.2518811430782,nothing
1761185150.8575747,-1519.742006094195,-1072.3097251453437,420.0674329730682,289.01572867576033,nothing
1761185150.8575747,-1501.8278853064403,-1064.9944808320142,454.4258938659914,285.8068945137784,nothing
1761185150.8712032,-1559.758935620077,-1132.911064027343,411.60029947338626,212.7666483791545,nothing
1761185150.8712032,-1553.4422445949167,-1103.8183822720312,406.92916442872956,242.73446672409773,nothing
1761185150.8876526,-1496.5695859687403,-1054.9790287506767,456.2322655445896,295.3623389005661,nothing
1761185150.8876526,-1544.7955958973616,-1117.6934111076407,426.9899877910502,216.75338173191994,nothing
1761185150.888285,-1561.7186431968585,-1132.0097481380217,397.56445493968204,218.7317888084799,nothing
1761185150.888285,-1503.9147494817153,-1064.5195135376416,428.8898569685407,281.4947898648679,nothing
1761185150.889094,-1509.670455513522,-1083.0114488685504,446.0167288156226,252.01502846414223,nothing
1761185150.9013364,-1574.8681314410642,-1140.8377819834277,397.90665578562766,204.68285462493077,nothing
1761185150.9013364,-1526.4177275151014,-1085.5171818388626,413.61797549948096,276.3355978759937,nothing
1761185150.9161627,-1502.7404208956286,-1062.984284605831,442.69569765497,277.27431276487187,nothing
1761185150.9161627,-1563.3342799777165,-1126.278351455927,411.1646011285484,215.95491309138015,nothing
1761185150.9318883,-1561.48302949965,-1110.8774434383959,400.217913958244,241.23663679184392,nothing
1761185150.9318883,-1509.648016113788,-1061.5930418223143,433.63765996228904,288.6436086301692,nothing
1761185150.9326324,-1542.8545878203586,-1115.9637073781341,413.4646396012977,231.22118471050635,nothing
1761185150.9326324,-1557.7730487436056,-1126.0763968583196,395.7487335111946,215.2368522998877,nothing
1761185150.9461837,-1520.7517790822312,-1075.1090402621776,421.7896569026634,284.36516308085993,nothing
1761185150.9461837,-1538.677119569853,-1097.2268086001277,431.9509650822729,237.65755253424868,nothing
1761185150.9619102,-1578.933402692899,-1154.7726492183283,385.5836854316294,196.43263532267883,nothing
1761185150.9619102,-1535.0194974131882,-1084.0100021567196,399.627009765245,263.1786298318766,nothing
1761185150.9626136,-1498.6938491435722,-1070.5650618160143,445.7250166190788,277.72684065951034,nothing
1761185150.9626136,-1561.737342696637,-1141.9335726704448,408.39333526138216,211.7886645407416,nothing
1761185150.9762805,-1566.9208440352231,-1121.6633149106055,393.4412152385339,222.17436671769246,nothing
1761185150.9762805,-1489.3665386540815,-1046.2931111035869,458.6688103657216,308.28930309740826,nothing
1761185150.991968,-1553.0682545993477,-1115.155888987705,415.8581755729392,217.6042089718394,nothing
1761185150.991968,-1578.7015288956463,-1134.3789747599512,376.75378163624555,218.80097695766017,nothing
1761185150.992634,-1507.0600053444505,-1058.31688946113,434.4753975523636,299.24996490450576,nothing
1761185150.992634,-1526.253171917051,-1092.8361660521477,428.5289566228166,249.82718699006364,nothing
1761185151.006214,-1579.8010594826192,-1152.592287544161,386.35036492254585,201.7432932597585,nothing
1761185151.006214,-1543.019143418409,-1098.5357735846192,401.39972234424204,253.22675604978576,nothing
1761185151.0219557,-1511.3982892930508,-1078.9611372165382,436.86145372409374,262.8420388358645,nothing
1761185151.0219557,-1563.6633911738172,-1147.648139802739,409.2684718510136,192.7450939663686,nothing
1761185151.0226235,-1564.0373811693862,-1127.725692738779,381.12572468444705,228.33772184466943,nothing
1761185151.0226235,-1510.2314405068755,-1067.782576248981,438.4284718055278,282.5326121025719,nothing
1761185151.0361745,-1562.6910171853378,-1133.7880705669522,428.6074945218861,217.3087568753399,nothing
1761185151.0361745,-1555.487969870679,-1118.521798947826,412.54836411215365,239.7668561092578,nothing
1761185151.0518866,-1498.2076621493325,-1051.5065316418186,438.63416630309075,303.28531695669517,nothing
1761185151.0518866,-1515.7702323412523,-1081.5940267853439,439.4382447935641,255.0705267279409,nothing
1761185151.0526016,-1563.7718482725322,-1123.7950578853488,394.9633545204997,227.41770645556971,nothing
1761185151.0526016,-1519.1847610007972,-1066.0659621693194,420.2787373205647,290.25176561111584,nothing
1761185151.0661397,-1512.0415520854294,-1066.1594596682116,445.89705201704055,275.2959056883119,nothing
1761185151.0661397,-1574.303406547755,-1139.3792210007086,409.21237335167825,208.261938882526,nothing
1761185151.0819473,-1546.6992049748078,-1101.4753349497914,393.2617000406608,261.12542475620285,nothing
1761185151.0819473,-1505.896896458231,-1058.4440460596234,438.59302740357816,297.679206923116,nothing
1761185151.0826304,-1548.8758267490193,-1119.6250694347546,424.8675945661962,233.41276608454064,nothing
1761185151.0826304,-1573.2450148602948,-1128.9112410247326,394.1817154297605,220.02392424317077,nothing
1761185151.0962029,-1509.9771273098886,-1073.5083630811423,419.65791392792016,291.1979602999054,nothing
1761185151.0962029,-1521.3726024748757,-1088.2921876059845,439.74865648988634,265.31411270657554,nothing
1761185151.1118772,-1562.7994742840528,-1139.1660467032343,392.4052629508078,220.865401733201,nothing
1761185151.1118772,-1534.3201361214742,-1093.8870779396966,402.2187604345381,257.19105000281706,nothing
1761185151.1126497,-1517.920674815774,-1073.5382822807878,434.44547835271806,264.15474372031167,nothing
1761185151.1126497,-1576.5884854206815,-1137.5317104225978,406.9796530781314,198.77007279498503,nothing
1761185151.126244,-1553.0719944993034,-1110.2192210461944,391.38427026290447,247.16063832165673,nothing
1761185151.126244,-1532.9513327376917,-1091.710456165485,416.92404706031084,244.97653674753383,nothing
1761185151.1416764,-1557.997442740947,-1136.1965661384165,409.92295434325933,211.9756595385261,nothing
1761185151.1416764,-1566.101805944927,-1135.3999674478546,384.1101648490876,219.39562105061486,nothing
1761185151.157597,-1536.9904246898368,-1091.2354888711125,407.1666480759159,252.00754866423085,nothing
1761185151.157597,-1525.9016213212162,-1089.1374049959704,435.62728673871607,246.1733047333546,nothing
1761185151.1584716,-1608.4187739435583,-1171.5199212199077,366.60743305645883,174.96560957701877,nothing
1761185151.1584716,-1535.2476313104853,-1081.773541983217,406.332650385797,270.6958287428133,nothing
1761185151.159082,-1487.5975659750402,-1045.6461084112525,453.5937661258504,302.9038471612148,nothing
1761185151.159082,-1572.6915096668527,-1135.3775280481204,404.99002630170435,197.02727941563353,nothing
1761185151.1711855,-1565.6866770498455,-1118.4918797481805,382.8423387641087,233.61846058210358,nothing
1761185151.1711855,-1520.7854381818324,-1073.5046231811866,426.0456630522385,264.5062943161465,nothing
1761185151.186304,-1562.4254842884839,-1136.1329878391698,404.7843318041414,197.64436290832236,nothing
1761185151.186304,-1569.5238144043833,-1145.333141730167,379.6148051023483,199.12162339081988,nothing
1761185151.201902,-1531.1898398585618,-1097.8999905921519,413.0906496057287,248.82489380193874,nothing
1761185151.201902,-1558.3639529366046,-1125.9417604599148,420.02816402353346,198.77381269494072,nothing
1761185151.2026784,-1578.0358267035335,-1138.3694480126724,394.3462710278109,197.84631750592962,nothing
1761185151.2026784,-1547.166692469269,-1102.2569740405306,394.0807381309569,231.51663680700585,nothing
1761185151.2162745,-1518.30588451121,-1083.95764355734,440.63501277938485,254.8049938310869,nothing
1761185151.2162745,-1596.2566192876548,-1167.1554579716176,396.72484739962965,179.2103960267268,nothing
1761185151.2316563,-1563.8728255713359,-1119.741006333381,380.08603249676526,228.83886843873188,nothing
1761185151.2316563,-1522.7152265589684,-1078.9723569164053,431.7938892841339,258.0774062923156,nothing
1761185151.246945,-1559.7477159202099,-1125.9679397596046,412.76527830958366,211.76248524105176,nothing
1761185151.246945,-1587.1873618951067,-1156.646339096129,379.60732530243695,185.30269305454567,nothing
1761185151.2476125,-1522.5469310609624,-1076.5676012448967,418.6144818402827,260.82623275974765,nothing
1761185151.2476125,-1543.1238606171682,-1113.6786285052076,429.81174230761826,224.80725628649816,nothing
1761185151.2618914,-1590.3139182580635,-1167.488309067674,382.76380086503923,178.19688313873485,nothing
1761185151.2618914,-1540.292756350711,-1097.391364198178,404.451480708085,248.170411309693,nothing
1761185151.2626746,-1519.8803823925555,-1098.6891094828025,437.9946434106678,251.79811426671222,nothing
1761185151.2626746,-1586.5403592027724,-1161.2090170420706,395.7711729109287,176.77572115557268,nothing
1761185151.27622,-1582.5910248495638,-1132.3482090840116,379.293173706159,221.03369723120704,nothing
1761185151.27622,-1513.9676005626097,-1065.2170048793778,439.18767149653286,277.5884643611498,nothing
1761185151.291886,-1558.962336929515,-1143.0929416567087,419.03709053527564,201.91158875776455,nothing
1761185151.291886,-1581.4054765636101,-1152.6483860434964,378.9939817097038,194.1438165497966,nothing
1761185151.292688,-1535.7113789049909,-1099.007000979036,411.8938816199079,243.5740742641501,nothing
1761185151.292688,-1542.0093704303727,-1117.6728416578844,431.0608688928187,226.8679411620833,nothing
1761185151.3063087,-1593.9902399145067,-1151.5413756566122,394.6978216236457,198.22778730141,nothing
1761185151.3063087,-1550.4690241301432,-1107.4965738784522,404.16724831145257,243.6563520631753,nothing
1761185151.3218827,-1528.0670233955607,-1088.9092710986733,431.3937199888751,242.51568257668987,nothing
1761185151.3218827,-1591.1927947476506,-1161.5605676379055,389.24130758829415,182.64736408600584,nothing
1761185151.3225915,-1566.8049071365967,-1116.1432225760072,391.8106188578531,230.8284952151589,nothing
1761185151.3225915,-1512.1836682837456,-1067.3524877540767,432.1641393797472,262.67374333785847,nothing
1761185151.3362193,-1561.954256894067,-1133.212125973776,408.62146915867925,198.8486106940545,nothing
1761185151.3362193,-1583.7653534356505,-1141.5483629750088,380.75547458883375,208.36291618132964,nothing
1761185151.3518517,-1525.879181921482,-1075.0230225631967,420.9855784121901,270.5985913439654,nothing
1761185151.3518517,-1544.7656766977161,-1099.2538343761116,424.10839487519115,224.29488999256864,nothing
1761185151.352698,-1601.825330321677,-1158.3143344763666,366.08384706266224,188.53022671630606,nothing
1761185151.352698,-1546.7927024737,-1090.7867008764297,393.57211173698306,247.88617891306058,nothing
1761185151.3662553,-1523.4145878506824,-1078.4674704223871,431.89112668298185,261.64527085004374,nothing
1761185151.3662553,-1580.732294571586,-1148.987023986876,395.816051710397,190.2580604958348,nothing
1761185151.3819208,-1549.698604739271,-1101.890463844873,404.8179909037426,250.50036898208782,nothing
1761185151.3819208,-1532.9401130378246,-1092.4920952562243,414.32481659110636,250.89679837739095,nothing
1761185151.3827567,-1549.8855997370556,-1108.5026069665328,423.13976078666747,219.81074994569644,nothing
1761185151.3827567,-1566.4122176412493,-1126.398028254509,393.1121040424332,248.5107422056608,nothing
1761185151.3962367,-1502.7516405954957,-1048.3687555789948,434.78580924868584,301.43780637858436,nothing
1761185151.3962367,-1523.710039947182,-1102.9899944318458,434.8456476479769,232.40299309650436,nothing
1761185151.4118536,-1582.2619136534631,-1143.0929416567087,390.31091897562146,208.9313809745945,nothing
1761185151.4118536,-1527.147008006461,-1077.6783515317366,417.74308515060693,285.715266964864,nothing
1761185151.4129624,-1521.4735797736794,-1077.962583928369,431.85746758338064,264.30807961849496,nothing
1761185151.4129624,-1580.0030140802264,-1140.4824914876372,395.2288874173537,201.99012665683404,nothing
1761185151.4261773,-1552.4698706064373,-1108.5923645654693,390.13140377774835,252.8789453539066,nothing
1761185151.4261773,-1512.9690472744405,-1077.648432332091,434.6175137506798,278.370103451889,nothing
1761185151.44194,-1541.3848071377724,-1105.4059698032215,422.5338969938457,244.48660985333845,nothing
1761185151.44194,-1588.679581977427,-1141.5371432751417,366.5101956576109,204.02463223272935,nothing
1761185151.44276,-1519.693387394771,-1066.3427147660404,432.7139046732336,286.306171157863,nothing
1761185151.44276,-1537.4055535849184,-1097.006154502742,431.29274269007146,233.37536708498374,nothing
1761185151.4562407,-1593.3619367219508,-1146.417712717317,380.6245780903846,193.99422055156901,nothing
1761185151.4562407,-1540.3488548500463,-1091.9498097626492,393.2916192403063,261.98186184605584,nothing
1761185151.4719272,-1523.238812552765,-1084.0623607560992,428.00537062902004,259.1881565791555,nothing
1761185151.4719272,-1573.3684315588325,-1139.4054003003985,391.6984218591824,196.8552440176718,nothing
1761185151.4726014,-1552.94483790081,-1112.0742114242166,386.49248112086207,232.43665219610557,nothing
1761185151.4726014,-1513.6197898667306,-1067.277689754963,423.29683658480644,274.9705343921669,nothing
1761185151.4862523,-1560.1030064160004,-1118.727493445389,408.8234237562865,210.84620975190774,nothing
1761185151.4862523,-1580.2535873772576,-1134.756704655476,374.6519578611478,213.1574679245241,nothing
1761185151.5019233,-1521.2828448759392,-1080.120506202802,409.84441644418985,260.1717502675019,nothing
1761185151.5019233,-1530.2174658700824,-1096.0001214146614,433.2748896665871,251.15859137428924,nothing
1761185151.502695,-1584.3899167282507,-1150.8233148651198,378.71722911298275,191.72410127846524,nothing
1761185151.502695,-1539.0324100656435,-1082.5439613740891,403.860576515086,263.511480927933,nothing
1761185151.5162184,-1525.3817752273753,-1074.1254465738311,436.48372382856905,250.1338587864302,nothing
1761185151.5162184,-1582.0636989558116,-1142.6740728616714,397.3045318927616,193.41827595839277,nothing
1761185151.5319452,-1558.1919175386429,-1111.7824992276728,387.4162364099175,234.22806427488104,nothing
1761185151.5319452,-1527.9772657966241,-1082.3494865763932,414.2350589921698,249.21758329728618,nothing
1761185151.5326154,-1561.5466077988967,-1107.848124474287,405.09848340041935,211.18280074791983,nothing
1761185151.5326154,-1588.051278784871,-1133.8591286661103,369.7227697195485,195.06383193889633,nothing
1761185151.5461712,-1527.027331207879,-1084.7467624479905,410.6447550347075,256.8881181064062,nothing
1761185151.5461712,-1541.111794441007,-1097.8364122929052,420.95191931258887,244.36693305475637,nothing
1761185151.5619335,-1586.6076774019748,-1159.129632666707,374.34154616482556,193.24250066047534,nothing
1761185151.5619335,-1530.789670563303,-1083.269501965493,402.9742202255875,271.06233893847093,nothing
1761185151.5626235,-1522.9695397559553,-1078.3627532236278,429.0525426166132,257.34438590100035,nothing
1761185151.5626235,-1569.3667386062443,-1138.3844076124951,405.24433949869126,200.9317349693738,nothing
1761185151.5764408,-1547.7762961620465,-1103.375204127282,399.5222925664857,249.52051519369707,nothing
1761185151.5764408,-1520.983652879484,-1081.0180821921676,431.3937199888751,271.72430123062804,nothing
1761185151.5919688,-1552.2604362089187,-1115.1895480873063,417.2045395569876,217.5630700723268,nothing
1761185151.5919688,-1579.4270694870502,-1128.7317258268595,373.52998787444085,224.11911469465122,nothing
1761185151.5926147,-1514.59216385521,-1058.9526724535972,425.07328906375915,294.81444355705753,nothing
1761185151.5926147,-1539.4512788606808,-1106.5653387894854,432.1230004802346,225.37572107976303,nothing
1761185151.6063643,-1589.416342268698,-1157.6261928845197,378.63869121391326,196.04742562724277,nothing
1761185151.6063643,-1519.8280237931758,-1079.409925211221,407.9819462662563,283.4414077918045,nothing
1761185151.6218646,-1522.4235143624246,-1073.7514565782622,438.00960301049054,260.12313156807795,nothing
1761185151.6218646,-1583.3427447406575,-1129.8312564138323,398.42276197951287,213.90918781561777,nothing
1761185151.6225991,-1555.4543107710779,-1121.4576204130426,382.80119986459613,235.06206196499988,nothing
1761185151.6225991,-1508.548485526815,-1064.0239767935127,439.2774290954694,295.07249665400013,nothing
1761185151.6362343,-1552.630686304532,-1135.1867931503803,415.6375214755535,215.20693310024217,nothing
1761185151.6362343,-1582.7443607477471,-1141.8438150715083,380.72181548923254,203.23925324203447,nothing
1761185151.6519334,-1530.5690164659172,-1090.3304330818355,398.2208073819056,247.30649441992864,nothing
1761185151.6519334,-1536.7510710926726,-1114.4714872958139,424.6544202687219,229.23155793407932,nothing
1761185151.6526463,-1597.2102937763557,-1165.1770508950576,377.01183473318815,190.27302009565756,nothing
1761185151.6526463,-1536.2611441984773,-1089.720829389058,396.780945898965,256.057860316243,nothing
1761185151.666231,-1534.286477021873,-1092.144284560345,424.14579387474805,231.1314271115698,nothing
1761185151.666231,-1581.0240067681298,-1149.7387438779697,389.375943986699,186.46206204080954,nothing
1761185151.6819456,-1566.6029525389895,-1113.214880910702,383.91195015143603,236.70013814559206,nothing
1761185151.6819456,-1507.1123639438301,-1070.7408371139318,442.8378138532862,277.7455401592888,nothing
1761185151.6826248,-1552.750363103114,-1115.567277982831,424.52352377027273,220.84670223342255,nothing
1761185151.6826248,-1573.723722054623,-1139.8392286952585,383.20136915985495,214.21959951194003,nothing
1761185151.6962433,-1507.6883085370064,-1056.6601137807593,421.2660709088668,290.6294955066405,nothing
1761185151.6962433,-1524.8469695337117,-1098.610571583733,433.74611706100404,240.3203613026999,nothing
1761185151.7119915,-1582.1235373551026,-1133.6235149689019,378.90048421081156,209.14829517202452,nothing
1761185151.7119915,-1547.626700163819,-1083.4901560628787,403.25471272226423,265.79655980085954,nothing
1761185151.712656,-1517.2400130238384,-1077.2333034370095,440.56395468022674,263.3319657300599,nothing
1761185151.712656,-1575.122444638051,-1137.3147962251678,392.7829928463325,207.8542897873558,nothing
1761185151.7262416,-1555.8245608666912,-1104.9197828089818,384.39065734576434,235.724024257157,nothing
1761185151.7262416,-1508.9561346219853,-1060.3214758373797,433.6600993620232,280.5317656262778,nothing
1761185151.7419817,-1559.829993719235,-1128.024884735234,409.25351225119084,201.5226391623728,nothing
1761185151.7419817,-1564.97983595822,-1113.0690248124301,403.20983392279595,241.49094998883083,nothing
1761185151.742622,-1513.324337770231,-1077.745669730939,434.81572844833136,275.80453208228573,nothing
1761185151.742622,-1525.071363531053,-1105.2601137049496,426.07558225188404,240.36150020221248,nothing
1761185151.7562475,-1570.7916404893622,-1137.2138189263642,390.61011097207665,213.59503621933982,nothing
1761185151.7562475,-1535.6104016061872,-1080.5393749978393,403.8979755146429,263.560099627357,nothing
1761185151.7719796,-1505.3920099642128,-1074.813588165678,443.34270034730434,256.12143861548975,nothing
1761185151.7719796,-1576.9624754162505,-1136.3648616364226,401.1641086470336,207.53265839116648,nothing
1761185151.7726786,-1564.426330764778,-1124.5617373762652,388.5269866967574,232.97145788976923,nothing
1761185151.7726786,-1503.7277544839308,-1066.746623961255,435.19345834385604,275.68485528370366,nothing
1761185151.786266,-1540.6143877469003,-1111.3486708328128,426.1017615515739,224.44822589075193,nothing
1761185151.786266,-1585.6914019128308,-1139.0762891042978,371.08783320337534,203.99471303308383,nothing
1761185151.801982,-1483.3452997254208,-1018.0755659379065,447.8829388935119,344.34193867025897,nothing
1761185151.801982,-1556.6061999574304,-1127.845369537361,407.99690586607903,201.51141946250573,nothing
1761185151.8026905,-1576.4688086220995,-1120.9190748194233,399.61952996533364,231.67745250510052,nothing
1761185151.8026905,-1535.7562577044591,-1094.8332726284862,397.154935894534,247.8375602136366,nothing
1761185151.8162384,-1499.9317560289055,-1069.1364200329408,445.5866403207183,285.6030699661933,nothing
1761185151.8162384,-1585.882136810571,-1161.108039743267,374.5846396619454,168.90697164880112,nothing
1761185151.8318613,-1560.7761884080246,-1121.7007139101624,385.1835161363706,235.33881456172094,nothing
1761185151.8318613,-1511.5067463917658,-1071.7580899018794,415.9666326716542,270.6322504435666,nothing
1761185151.832687,-1549.1226601460949,-1118.3385438499972,416.18354686908424,218.73365875845775,nothing
1761185151.832687,-1544.223391204141,-1122.9087015958503,396.2162210056558,242.65779877500609,nothing
1761185151.8462179,-1515.1269695488736,-1083.426577763632,413.21780620422214,263.72091532545164,nothing
1761185151.8462179,-1515.7216136418283,-1083.4415373634547,432.1641393797472,264.2632008190267,nothing
1761185151.862022,-1570.8926177881658,-1145.8417681241408,385.83799862861633,202.32297775289044,nothing
1761185151.862022,-1529.0356574840844,-1080.3037613006309,399.7466865638271,266.63803729088977,nothing
1761185151.8626695,-1497.9383893525228,-1054.2927571088076,440.59387387987226,287.06911074882373,nothing
1761185151.8626695,-1584.9808209212497,-1153.991010127589,388.75138069409877,189.02763341041282,nothing
1761185151.8761497,-1546.721644374542,-1107.246000581421,393.16446264181286,249.70003039157018,nothing
1761185151.8761497,-1503.5631988858804,-1065.912626271136,438.52570920437574,277.0835778671317,nothing
1761185151.892612,-1566.7338490374386,-1135.1830532504246,409.7434391453862,203.38884924026206,nothing
1761185151.892612,-1568.6262384150177,-1119.606369934976,378.5825927145779,225.13636748259887,nothing
1761185151.8932788,-1509.924768710509,-1068.7399906376377,425.316382560879,268.8819772643037,nothing
1761185151.8932788,-1543.838181508705,-1116.8313641678542,411.65452802274376,216.02971109049395,nothing
1761185151.8941116,-1576.1827062754892,-1131.5759197431616,370.3510729121044,204.36870302865282,nothing
1761185151.9063535,-1532.7475081901066,-1087.7966508618556,398.8528504744172,259.86881837109104,nothing
1761185151.9063535,-1522.6011596103199,-1098.4591056355275,431.6143740862608,232.34315469721332,nothing
1761185151.9212651,-1563.642821724061,-1142.4590286142193,390.6250705718994,198.72145409556106,nothing
1761185151.9212651,-1558.7510325820185,-1118.991156392265,387.09834491368383,234.14578647585586,nothing
1761185151.9370563,-1512.5258691296913,-1073.7608063281514,438.56684810388833,269.7758133537136,nothing
1761185151.9370563,-1570.3447224446572,-1133.6665238183923,407.4882794721052,208.2656787824817,nothing
1761185151.9375691,-1589.246176820714,-1143.932549196761,373.09241957962513,200.03415898000821,nothing
1761185151.9375691,-1519.5307017466985,-1062.6981822592206,431.9547049822286,291.1119426009245,nothing
1761185151.951219,-1527.7472619493492,-1099.7643307200633,429.22831791453063,247.10453982232139,nothing
1761185151.951219,-1579.8365885321982,-1143.4314026026987,393.09340454265475,212.91437442740425,nothing
1761185151.9669347,-1535.5973119563423,-1086.4577666777186,403.1836546231061,268.87075756443664,nothing
1761185151.9669347,-1518.558327758219,-1066.7671934110112,440.29468188341707,272.72659441875294,nothing
1761185151.967651,-1584.290809379425,-1133.1017989250831,386.75801401771605,201.7058942602016,nothing
1761185151.967651,-1565.8306631981395,-1123.7221298362128,375.0371675565839,230.37970722047612,nothing
1761185151.9813387,-1524.8600591835566,-1073.5551118305884,423.7643240792677,260.4335432644002,nothing
1761185151.9813387,-1562.629308836069,-1127.084299896378,422.29080349672586,222.45111931441352,nothing
1761185151.9969716,-1577.8581814556383,-1152.351063997019,377.2100494308397,201.1486491668038,nothing
1761185151.9969716,-1532.1902630967088,-1067.0663854074664,406.3102109860629,280.6439626249485,nothing
1761185151.99764,-1526.7337490613572,-1100.7105254088528,429.6546665094793,244.63246595161036,nothing
1761185151.99764,-1583.5465692882426,-1154.5015064715408,389.6265172837302,204.87732942262664,nothing
1761185152.0112789,-1525.9932488701306,-1090.9606062243693,403.4566673198715,265.9947744985111,nothing
1761185152.0112789,-1510.996250047814,-1077.986893278081,441.2034775726497,266.72405498987064,nothing
1761185152.026953,-1572.9102938142605,-1138.7752271578647,407.5705572711304,211.23889924725518,nothing
1761185152.026953,-1554.5773042314686,-1114.4471779461019,388.76634029392153,232.25713699823245,nothing
1761185152.0276504,-1507.0506555945612,-1074.6770818172954,424.617021269165,265.5609461036511,nothing
1761185152.0276504,-1559.1287624775432,-1123.333180240821,413.9283871958032,206.7435395005159,nothing
1761185152.041258,-1573.3590818089433,-1135.936643091496,365.48172316979617,213.894228215795,nothing
1761185152.041258,-1515.6973042921163,-1066.8756505097263,415.3084102794528,276.6048706728034,nothing
1761185152.0570734,-1538.2227217252366,-1107.3862468297593,425.39866035990417,228.9772447370924,nothing
1761185152.0570734,-1581.5494627119042,-1151.677882004995,386.1745896246284,199.39463608758524,nothing
1761185152.0576277,-1539.2998129124753,-1086.9177743722685,401.3772829445079,261.49567485181615,nothing
1761185152.0576277,-1525.8698321715929,-1084.2026070044376,422.74707129132,245.82923393743113,nothing
1761185152.0712283,-1577.4729717602022,-1135.1587439007126,386.2568674236536,193.49681385746226,nothing
1761185152.0712283,-1569.4733257549815,-1123.5351348384283,376.1030390439555,225.36076147994027,nothing
1761185152.0869083,-1511.890086137224,-1076.6442691939883,430.37646720092744,265.45996880484745,nothing
1761185152.0869083,-1569.3050302569754,-1137.4961813730188,398.80423177499324,191.0696187862195,nothing
1761185152.0875876,-1587.1443530456163,-1151.303892009426,367.5872868448496,190.41887619392946,nothing
1761185152.0875876,-1521.1388587276451,-1087.875188760925,420.0468635233119,246.8726660250686,nothing
1761185152.1012247,-1550.1604823837988,-1120.5619143736549,423.8578215781599,211.57923014322296,nothing
1761185152.1012247,-1572.4876851192676,-1154.4042690726928,375.2129428545013,188.22729481989518,nothing
1761185152.1169133,-1544.236480853986,-1107.909832823556,383.60153845511377,240.28670220309868,nothing
1761185152.1169133,-1521.6400053217076,-1072.5303792427294,441.37925287056714,264.7793070129119,nothing
1761185152.1176703,-1580.6743261222728,-1147.2834995570593,397.43168849125504,194.80951874190941,nothing
1761185152.1176703,-1539.640143808443,-1089.0682168467902,394.1143972305581,266.68665599031374,nothing
1761185152.131251,-1488.4521331149153,-1042.4989825985394,447.37431249953806,299.1602073055692,nothing
1761185152.131251,-1543.8063923590817,-1111.043868986424,416.44533986598253,235.25279686274007,nothing
1761185152.1470263,-1567.3041837806813,-1130.8653387515806,379.27447420638055,219.39936095057055,nothing
1761185152.1470263,-1511.2131642452441,-1065.3497713278048,426.59542834572494,267.86098457640037,nothing
1761185152.1475987,-1534.9091703644954,-1106.6494865384884,430.29792930185795,229.21285843430087,nothing
1761185152.1475987,-1575.0607362887822,-1142.7245615110733,394.32383162807673,209.86635596351698,nothing
1761185152.1612628,-1538.832325418014,-1099.8204292193986,391.64606325980276,251.2483489732258,nothing
1761185152.1612628,-1519.8822523425333,-1086.4802060774527,438.8697800002992,252.88642515381798,nothing
1761185152.1770272,-1583.251117191743,-1159.2810986149125,388.09689820185304,183.86657147156075,nothing
1761185152.1770272,-1561.7018136470579,-1113.347647359129,382.9320963630453,245.60110004013404,nothing
1761185152.1776595,-1513.1279930225573,-1078.734873269219,427.8034160314128,276.16730237798765,nothing
1761185152.1776595,-1561.1408286537044,-1135.2485014996491,408.901961655356,209.35398966958746,nothing
1761185152.1912377,-1570.1839067465626,-1134.7211756058969,382.3748512696475,220.50263143749908,nothing
1761185152.1912377,-1515.543968393933,-1076.4684938960709,421.9317731009796,270.6247706436552,nothing
1761185152.2068937,-1533.0953188859858,-1101.552002898883,424.14953377470374,235.99703695392236,nothing
1761185152.2068937,-1577.8432218558155,-1149.759313327726,374.7043164605275,193.78478615405038,nothing
1761185152.2076414,-1525.7875543725677,-1091.2149194213562,394.68286202382296,256.9853555052541,nothing
1761185152.2076414,-1516.8454535785131,-1089.4983053416945,434.55767535138875,241.1319195930846,nothing
1761185152.2212412,-1583.5951879876666,-1146.1503098704852,395.31116521637887,183.86657147156075,nothing
1761185152.2212412,-1558.1115096895956,-1114.5406754449941,386.19702902436256,228.62195424130186,nothing
1761185152.2369905,-1517.6083931694739,-1077.3286708858795,426.4271328477189,259.00490148132667,nothing
1761185152.2369905,-1550.5045531797223,-1126.57941340236,424.58336216956377,213.2322659236379,nothing
1761185152.2376072,-1587.810055237729,-1137.193249476608,374.4799224631861,199.2599996891804,nothing
1761185152.2376072,-1511.2580430447124,-1078.0542114772834,416.9352667601779,260.42232356453314,nothing
1761185152.267653,-1545.3846301403828,-1113.6430994556285,420.8023233143613,215.2705113994889,nothing
1761185152.267653,-1581.9645916069858,-1154.8680166671984,379.0351206092164,167.07816057046875,nothing
1761185152.268328,-1539.8308787061833,-1098.3057697373442,401.80737143941224,242.25762947974727,nothing
1761185152.268328,-1530.9074774119072,-1099.3866008245386,433.7236776612699,232.7246244926937,nothing
1761185152.269132,-1596.8755727303214,-1156.936181342695,386.45508212130517,171.89141181344166,nothing
1761185152.269132,-1550.990740173962,-1107.6629994264804,389.1403302894905,241.50964948860928,nothing
1761185152.2811713,-1509.9378583603539,-1075.0884708124213,412.77275810949504,251.74201576737687,nothing
1761185152.2811713,-1554.5399052319117,-1136.3218527869321,404.06627101264894,181.94426289433613,nothing
1761185152.2970004,-1570.6588740409352,-1141.2734803282656,376.2975138416514,208.69202737743035,nothing
1761185152.2970004,-1517.787908367347,-1067.5002138023265,429.55742911063135,280.64770252490416,nothing
1761185152.297619,-1527.6874235500582,-1098.4628455354832,424.026117076166,231.6512732054107,nothing
1761185152.297619,-1591.381659695413,-1157.8000982324593,365.05163467489183,183.96754877036437,nothing
1761185152.31121,-1516.340567084495,-1064.7102484353818,418.96603243611753,289.0138587257825,nothing
1761185152.31121,-1512.0995205347426,-1080.3654696498998,432.8635006714612,246.506155829411,nothing
1761185152.326935,-1584.324468479026,-1147.5864314534701,390.183762377128,182.3967907889746,nothing
1761185152.326935,-1539.423229611013,-1094.281637385022,400.35629025660455,258.0026082932018,nothing
1761185152.3278427,-1511.239343544934,-1082.4747732249089,429.26571691408753,255.358499024529,nothing
1761185152.3278427,-1543.8063923590817,-1115.5841075326316,425.8025695551187,220.21839904086664,nothing
1761185152.341158,-1577.0690625649877,-1135.9927415908314,370.78490130696446,200.08651757938787,nothing
1761185152.341158,-1506.9421984958462,-1057.7577744177543,417.7617846503854,282.46529390336946,nothing
1761185152.3569465,-1530.8438991126604,-1092.5126647059806,422.63113439269364,250.78834127867594,nothing
1761185152.3569465,-1584.6498397751711,-1152.3622836968862,379.90651729889214,187.47183502884582,nothing
1761185152.357662,-1527.1264385567047,-1087.6283553638496,398.3816230800003,259.52848747512326,nothing
1761185152.357662,-1519.7737952438183,-1081.8015912328847,426.3186757490039,252.0636471635662,nothing
1761185152.3713367,-1578.5201437477954,-1138.457335661631,391.4515884621069,189.86911090044305,nothing
1761185152.3713367,-1548.1708556073718,-1115.6738651315682,387.09834491368383,231.6437934054993,nothing
1761185152.3869889,-1505.25550361583,-1068.5623453897424,429.0263633169234,265.6918426021002,nothing
1761185152.3869889,-1556.611809807364,-1132.5408139317296,414.0817230939865,203.35893004061654,nothing
1761185152.3876135,-1576.620274570305,-1153.7011678810231,361.4014923181385,190.8489646888338,nothing
1761185152.3876135,-1491.6198283773847,-1053.2399752712809,437.63187311496586,300.85438198549673,nothing
1761185152.40122,-1531.7751342016272,-1105.4863776522689,419.51953762955964,223.19161950564012,nothing
1761185152.40122,-1571.6462076292373,-1145.8585976739414,383.86333145201206,193.96804125187919,nothing
1761185152.416913,-1526.5991126629524,-1080.4066085494123,406.0484179891646,273.16042281361297,nothing
1761185152.416913,-1506.3026756034233,-1068.7044615880586,444.63670573197305,261.82852594787255,nothing
1761185152.417688,-1564.9592665084638,-1132.6417912305333,403.1537354234606,205.31863761739805,nothing
1761185152.417688,-1530.8663385123946,-1081.9848463307135,406.0484179891646,255.49687532288954,nothing
1761185152.4312367,-1510.10615385836,-1064.9309025327675,422.85178849007934,266.78763328911737,nothing
1761185152.4312367,-1540.8406516942196,-1109.0355427102186,420.07304282300174,237.23120393930003,nothing
1761185152.4470313,-1549.868770187255,-1121.0107023683377,390.5652321726084,232.91909929038957,nothing
1761185152.4470313,-1514.2948418087326,-1070.3537574685179,415.450526477769,273.8448245055042,nothing
1761185152.4475887,-1521.0117021291517,-1072.5752580421977,441.27079577185214,256.4281104118563,nothing
1761185152.4475887,-1574.230478498619,-1130.0911794607528,388.411049798131,207.61867609014735,nothing
1761185152.461167,-1518.3563731606118,-1072.1152503476478,413.14674810506403,271.20819503674284,nothing
1761185152.461167,-1491.556250078138,-1062.7505408586003,451.1478715548292,269.9179295520298,nothing
1761185152.4768698,-1569.6902399524115,-1145.7501405752264,388.2315346002579,197.56956490920857,nothing
1761185152.4768698,-1530.6045455154963,-1093.6757735922001,385.7445011297241,260.38866446493194,nothing
1761185152.4775944,-1497.682206205558,-1056.228155335877,435.1037007449195,282.2334201061167,nothing
1761185152.4775944,-1555.4000822217204,-1121.5903868614696,414.6501878872514,210.1543282601051,nothing
1761185152.4914155,-1560.9351341561414,-1125.8875319105573,380.31042649410665,220.4951516375877,nothing
1761185152.4914155,-1506.8075620974414,-1058.4085170100443,424.21685197390616,293.5727967717685,nothing
1761185152.506876,-1533.3832911825739,-1105.2208447554149,420.48069191817194,246.14712543366477,nothing
1761185152.506876,-1577.7497243569233,-1138.3339189630933,388.5157669968903,199.86960338195786,nothing
1761185152.5076208,-1519.1080930517055,-1060.9105100804009,414.0779831940308,280.57664442574605,nothing
1761185152.5076208,-1524.2579352906905,-1085.3956350903027,423.81294277869165,240.88508619600907,nothing
1761185152.5212317,-1563.2950110281818,-1123.213503442239,397.51022639032453,207.18484769528732,nothing
1761185152.5212317,-1546.9778275215067,-1108.8597674123012,384.0054476503283,239.03009581798688,nothing
1761185152.536992,-1508.2287240806036,-1069.7404138757847,427.6837392328307,267.23642128380015,nothing
1761185152.536992,-1550.3250379818492,-1102.5617758869193,421.92429330106825,233.6895186812617,nothing
1761185152.5376244,-1583.011763594579,-1134.4818220087327,370.5754669094458,198.94958799285814,nothing
1761185152.5376244,-1519.669078045059,-1059.5304869967513,421.66998010408133,282.0314655085094,nothing
1761185152.5512643,-1534.105091874022,-1104.8543345597573,423.2369981855154,231.08280841214582,nothing
1761185152.5512643,-1594.0669078635983,-1149.9612679253332,374.07975316792727,187.98794122273102,nothing
1761185152.566878,-1515.5888471934013,-1053.864538563881,424.26173077337444,285.7190068648197,nothing
1761185152.566878,-1521.3071542256512,-1080.1896943519823,422.6423540925607,246.3602997311391,nothing
1761185152.5676165,-1581.6691395104863,-1151.2739728097804,392.57355844881386,184.3976372652687,nothing
1761185152.5676165,-1548.410209204536,-1093.1147885988466,385.71832183003426,242.51194267673418,nothing
1761185152.5812624,-1505.4312789137475,-1072.7921722396277,423.5661093816161,263.2870869305916,nothing
1761185152.5812624,-1554.8203977285884,-1116.0590748270042,403.65114211756736,202.50997275067493,nothing
1761185152.5969453,-1564.727392711211,-1116.6462391200475,389.50310058519244,230.69759871670976,nothing
1761185152.5969453,-1516.6360191809945,-1075.959867502097,425.9858246529475,267.9245628756471,nothing
1761185152.5975895,-1529.81168672489,-1095.0109178763814,433.99669035803527,243.90318546025082,nothing
1761185152.5975895,-1578.8006362444721,-1142.040159819182,371.34588630031794,192.2963059716858,nothing
1761185152.611204,-1519.1417521513067,-1079.7633457570337,402.42819483205676,274.6750822956674,nothing
1761185152.611204,-1515.0839606993832,-1073.9141422263347,436.70811782591045,259.64068447379395,nothing
1761185152.6269119,-1574.4997512954287,-1135.106385301333,399.46619406715035,206.60890310211107,nothing
1761185152.6269119,-1552.3670233576559,-1108.7513103135861,387.72290820628405,239.08245441736653,nothing
1761185152.6276486,-1518.378812560346,-1079.6436689584516,424.17945297434926,254.5805998337455,nothing
1761185152.6276486,-1550.3325177817605,-1112.8876396645792,408.202600363642,212.33468993427232,nothing
1761185152.6412237,-1582.5218367003836,-1144.5571124893613,369.7788682188839,195.95392812835053,nothing
1761185152.6412237,-1526.786107660737,-1071.0119798607193,420.10296202264726,270.63973024347797,nothing
1761185152.6568916,-1546.3308248291723,-1116.8668932174332,418.3414691435173,215.89133479213342,nothing
1761185152.6568916,-1594.9794434527867,-1148.6934418403544,370.08180011529475,188.2572140195407,nothing
1761185152.657632,-1530.6606440148316,-1087.0000521712936,394.79879892244935,251.3942050714977,nothing
1761185152.657632,-1521.8456998192705,-1095.968332265038,420.540530317463,249.20262369746342,nothing
1761185152.6712792,-1573.0037913131528,-1144.4449154906906,382.0046011740342,191.97841447545215,nothing
1761185152.6712792,-1565.3930949033238,-1126.4036381044425,375.7402687482536,218.1240550656803,nothing
1761185152.686854,-1509.6872850633226,-1058.7600676058792,433.2337507670745,270.13484374945983,nothing
1761185152.686854,-1566.9900321844034,-1136.9127569799311,397.6673021884635,190.91254298808053,nothing
1761185152.687617,-1577.2597974627279,-1130.5848462549038,380.01871429756284,211.13418204849586,nothing
1761185152.687617,-1509.0365424710326,-1072.257366545964,418.0086180474609,261.8846244472079,nothing
1761185152.701262,-1538.8136259182356,-1095.5906023695134,424.2654706733301,235.70158485742286,nothing
1761185152.701262,-1583.434372289572,-1143.932549196761,378.78828721214086,186.82483233651146,nothing
1761185152.7169518,-1536.6183046442457,-1084.0941499057226,401.2725657457486,240.8402073965408,nothing
1761185152.7169518,-1513.5880007171072,-1072.6014373418875,439.86459338851273,264.45393571676686,nothing
1761185152.717652,-1594.7961883549578,-1164.7488323501311,376.5144280390814,171.9138512131758,nothing
1761185152.717652,-1545.4407286397181,-1088.2117797569372,402.7423464283347,262.59894533874467,nothing
1761185152.7312315,-1518.21051706234,-1084.4083015020005,423.2743971850723,255.5866329218261,nothing
1761185152.7312315,-1546.1139106317423,-1113.6767585552298,414.39961459022015,219.17870685318485,nothing
1761185152.746866,-1574.7914634919725,-1130.2183360592462,360.7208305262029,208.53495157929137,nothing
1761185152.746866,-1502.3421215503477,-1056.6844231304713,419.3138431319967,291.3325966983102,nothing
1761185152.7476017,-1535.4851149576716,-1102.9320259825327,427.48552453517914,231.00801041303203,nothing
1761185152.7476017,-1582.2787432032637,-1149.8528108266182,380.2206688951701,191.1818157848902,nothing
1761185152.7612,-1521.0154420291074,-1068.3603907921351,413.3374830028042,306.00422422448173,nothing
1761185152.7612,-1537.5981584326364,-1095.2727108732797,417.6795068513602,231.93176570208743,nothing
1761185152.7768087,-1569.1554342587478,-1119.7428762833588,399.8962825620547,218.96927245566621,nothing
1761185152.7768087,-1567.0087316841818,-1130.3567123576067,378.82568621169776,220.51011123741046,nothing
1761185152.7776291,-1487.431140427012,-1054.3806447577663,460.71827554143965,303.59572865301743,nothing
1761185152.7776291,-1568.960959461052,-1136.4639689852484,402.3683564327657,198.80747179454193,nothing
1761185152.79124,-1562.195480441209,-1122.2710486534052,387.3638778105378,237.26112313894555,nothing
1761185152.79124,-1515.6449456927367,-1083.847316508647,409.38440874964,264.85036511207,nothing
1761185152.8068492,-1533.5852457801811,-1097.9280398418196,417.26063805632293,236.87965334346518,nothing
1761185152.8068492,-1583.8457612846978,-1161.6708946865983,362.82265430130064,187.54663302795961,nothing
1761185152.8076108,-1513.8497937140055,-1071.5767047540285,409.5601840475574,277.32293146429583,nothing
1761185152.8076108,-1522.3543262132443,-1091.7160660154186,421.3857477074489,243.63017276348546,nothing
1761185152.821246,-1561.3166039516218,-1131.3739651455544,400.7527196519077,206.35085000516847,nothing
1761185152.821246,-1551.7162807653658,-1120.5319951740094,375.08952615596354,240.36150020221248,nothing
1761185152.8368227,-1485.9052612450905,-1062.5186670613475,437.04844872187823,285.5918502663262,nothing
1761185152.8368227,-1566.6833603880368,-1145.3761505796574,398.83041107468307,212.68624053010717,nothing
1761185152.8376555,-1567.0984892831184,-1142.088778518606,363.52201559301466,216.788910781499,nothing
1761185152.8376555,-1518.9435374536552,-1084.8346500969492,422.07388929929584,273.06318541476503,nothing
1761185152.8512073,-1523.371579001192,-1111.2720028837211,414.2761978916824,240.5821542995982,nothing
1761185152.8512073,-1566.2682314929552,-1135.6337111950852,380.38148459326476,219.54895694879815,nothing
1761185152.8668563,-1512.7839222266339,-1072.631356541533,411.8976215198636,281.7098341123201,nothing
1761185152.8668563,-1502.2561038513668,-1068.652102988679,443.2043240489438,283.50124619109556,nothing
1761185152.8676069,-1569.334949456621,-1142.7544807107188,383.5230005560443,205.71880691265687,nothing
1761185152.8676069,-1531.090732509736,-1084.7448924980126,406.815097480081,278.5645782495849,nothing
1761185152.8812256,-1500.7302246694453,-1058.9882015031762,437.4261786174029,294.99021885497496,nothing
1761185152.8812256,-1553.0476851495914,-1134.3023068108596,405.88012249115855,218.35966876288876,nothing
1761185152.8975332,-1555.4524408211,-1117.2745423126034,391.71712135896087,238.43545172503218,nothing
1761185152.8975332,-1513.7787356148474,-1075.526039107237,426.73380464408547,280.6028237254359,nothing
1761185152.898316,-1527.4742492525838,-1087.8415296613239,434.868087047711,252.3628391600214,nothing
1761185152.898316,-1581.613041011151,-1150.230540722143,373.7656015716493,202.3790762522258,nothing
1761185152.8991776,-1511.8956959871575,-1077.3698097853921,411.42078427551314,280.6701419246383,nothing
1761185152.9111767,-1512.4267617808655,-1075.5783977066167,435.50200009020045,264.94012271100655,nothing
1761185152.9111767,-1586.327184905298,-1154.9241151665337,384.37008789600804,192.9956672633998,nothing
1761185152.9263046,-1550.917812124826,-1107.0197366341017,390.6194607219659,241.33387419069186,nothing
1761185152.9263046,-1507.2320407424122,-1073.7121876287274,428.2166749765165,276.006486679893,nothing
1761185152.9418921,-1550.218450833112,-1119.5072625861503,421.60079195490107,219.07772955438122,nothing
1761185152.9418921,-1579.7823599828407,-1146.1690093702637,363.9016154385172,205.0007461211644,nothing
1761185152.9427264,-1515.3925024457276,-1078.2486862749793,410.71394318388775,271.46624813368544,nothing
1761185152.9427264,-1541.2726101391017,-1107.0309563339688,432.3791836271994,225.70857217581943,nothing
1761185152.956234,-1571.3339259829372,-1141.4268162264489,383.3490952081047,200.83449757052585,nothing
1761185152.956234,-1530.8906478621066,-1094.027324188035,399.2810690193437,250.7285028793849,nothing
1761185152.97199,-1523.3098706519231,-1104.8131956602447,431.3432313394733,244.59132705209777,nothing
1761185152.97199,-1578.331278800033,-1154.6698019695468,380.0542433471419,191.3276718831621,nothing
1761185152.9727004,-1552.4698706064373,-1115.5467085330747,389.8602610309608,244.49782955320552,nothing
1761185152.9727004,-1517.43822772149,-1080.8516566441394,431.563885436859,277.0760980672203,nothing
1761185152.986207,-1564.340313065797,-1147.9454618492164,414.6296184374951,203.6020235377364,nothing
1761185152.986207,-1552.72792370338,-1123.1087862434797,399.37082661828026,226.92029976146296,nothing
1761185153.0019348,-1517.6514020189643,-1079.505292660091,416.1891567190178,274.6713423957117,nothing
1761185153.0019348,-1527.4536798028275,-1113.2130109607242,424.9966211146675,239.2058711159043,nothing
1761185153.002719,-1566.4570964407176,-1134.6426377068274,387.39940686011687,210.73027285328135,nothing
1761185153.002719,-1522.7301861587912,-1080.025138753932,416.8772983108647,271.32039203541353,nothing
1761185153.0162108,-1510.3398976055905,-1079.5987901589833,434.20799470553175,264.0388068216853,nothing
1761185153.0162108,-1561.363352701068,-1134.8258928046562,395.4214922650717,205.0792840202339,nothing
1761185153.0319655,-1544.2084316043183,-1111.092487685848,390.6493799216114,249.85336628975347,nothing
1761185153.0319655,-1501.1696629142389,-1062.3952503628097,433.61709051253274,282.6448091012426,nothing
1761185153.0326974,-1554.5567347817123,-1140.5965584362857,412.1687642666511,209.97855296218768,nothing
1761185153.0326974,-1556.3182276608422,-1133.3299328223802,377.9000609726645,228.8276487388648,nothing
1761185153.046214,-1503.4061230877414,-1064.4447155385278,433.7779062106274,281.43682141555473,nothing
1761185153.046214,-1539.062329265289,-1110.696058290545,431.50030713761225,241.50964948860928,nothing
1761185153.062056,-1564.32909336593,-1144.9198827850632,394.1349666803144,223.22901850519702,nothing
1761185153.062056,-1523.2612519524992,-1089.636681640055,413.27203475357965,267.45333548123017,nothing
1761185153.0626879,-1512.9690472744405,-1088.4698328538798,435.531919289846,253.2865944490768,nothing
1761185153.0626879,-1572.2689009718597,-1151.3824299084954,385.07692898763344,193.68006895529106,nothing
1761185153.076253,-1552.2005978096277,-1102.2438843906857,389.82286203140393,249.37839899538085,nothing
1761185153.076253,-1492.2088626204059,-1071.3672703565098,440.6742817289196,279.3050784408115,nothing
1761185153.091948,-1554.0219290880486,-1149.2506869337521,397.7963287369348,198.927148593124,nothing
1761185153.091948,-1552.7129641035572,-1127.7313025887124,379.59049575263634,222.39502081507817,nothing
1761185153.0926552,-1517.752379317768,-1071.4570279554464,416.6716038133018,272.2927660238929,nothing
1761185153.0926552,-1544.1336336052045,-1105.9576050466858,425.53516670828685,238.91789881931618,nothing
1761185153.1062253,-1579.2924330886453,-1149.9425684255548,376.9314268841408,188.90421671187505,nothing
1761185153.1062253,-1520.71811998263,-1078.8208909681998,410.01458189217374,275.95038818055764,nothing
1761185153.1219797,-1520.115996089764,-1098.3282091370784,436.32477808045223,249.42327779484913,nothing
1761185153.1219797,-1577.2392280129716,-1167.5313179171644,390.1669328273274,181.4767753998749,nothing
1761185153.1226127,-1557.6795512447134,-1109.3646539063193,401.6110266917385,244.20237745670602,nothing
1761185153.1226127,-1520.8303169813007,-1087.9499867600389,426.0026542027481,255.48939552297816,nothing
1761185153.136267,-1569.9913018988445,-1145.7277011754923,404.5094491573982,190.5946514918469,nothing
1761185153.136267,-1570.155857496895,-1138.4760351614095,381.73719832720235,219.3432624512352,nothing
1761185153.1521516,-1504.6589895728976,-1067.963961396832,439.234420245979,280.32607112871483,nothing
1761185153.1521516,-1537.3718944853172,-1100.9947578054853,429.35734446300194,236.0194763536565,nothing
1761185153.1526341,-1573.6601437553763,-1131.078513049055,380.2262787451036,222.8999073090963,nothing
1761185153.1526341,-1514.831517452374,-1064.672849435825,428.80383926955983,290.7529122051783,nothing
1761185153.1662028,-1513.2906786706299,-1075.3764431090094,451.88650179607794,268.227494772058,nothing
1761185153.1662028,-1572.6952495668083,-1146.7748731630854,391.6441933098249,205.08676382014528,nothing
1761185153.1818707,-1545.0835681939498,-1109.6040075034834,399.1239932212047,260.2615078664385,nothing
1761185153.1818707,-1496.4386894702911,-1062.8889171569608,455.3496491550468,291.5270714960061,nothing
1761185153.1826446,-1559.770155319944,-1127.495688891504,413.2533352538012,213.89048831583932,nothing
1761185153.1826446,-1566.1167655447498,-1129.7957273642533,396.82395474845544,232.9116194904782,nothing
1761185153.1962845,-1500.2720869248733,-1064.7102484353818,426.8067326932214,287.05789104895666,nothing
1761185153.1962845,-1512.5913173789158,-1094.8800213779323,446.5197453596629,266.49966099252924,nothing
1761185153.2118788,-1564.6357651622966,-1146.3896634676494,386.3410151726566,213.6361751188524,nothing
1761185153.2118788,-1526.8552958099172,-1082.0484246299602,407.647225220222,273.5979911084287,nothing
1761185153.2126222,-1516.6565886307508,-1083.3723492142744,446.35892966156825,268.61644436744973,nothing
1761185153.2126222,-1579.1503168903291,-1151.2964122095145,388.59243494598195,200.02293928014114,nothing
1761185153.2262733,-1547.9782507596537,-1111.4402983817272,387.3171290610917,246.4350977302529,nothing
1761185153.2262733,-1510.5343724032864,-1080.8030379447155,433.4113960149698,264.7306883134879,nothing
1761185153.2419355,-1555.0017828764394,-1138.4199366620742,407.00396242784336,203.36640984052792,nothing
1761185153.2419355,-1573.3721714587882,-1135.8394056926481,387.21989166224375,211.38849524548277,nothing
1761185153.2427795,-1498.9145032409579,-1056.1832765364088,431.5489258370362,288.20604033535346,nothing
1761185153.2427795,-1547.5070233652368,-1118.6134264967404,418.35081889340654,220.59238903643563,nothing
1761185153.2562308,-1587.1200436959043,-1156.405115548987,388.0576292523183,192.56183886853978,nothing
1761185153.2562308,-1518.257265811786,-1074.6322030178271,422.98081503855065,275.2921657883562,nothing
1761185153.2719347,-1511.1140568964183,-1090.796050626319,444.72459338093176,255.840946118813,nothing
1761185153.2719347,-1580.863191070035,-1156.3490170496516,402.11965308571234,191.43238908192143,nothing
1761185153.2726197,-1547.746376962401,-1108.5194365163334,396.5434622517787,243.88448596047238,nothing
1761185153.2726197,-1509.3263847175986,-1071.8272780510597,434.39124980336055,276.75820657098666,nothing
1761185153.2862167,-1568.9927486106753,-1145.563145577442,409.1469251024537,192.1055710739456,nothing
1761185153.2862167,-1563.9401437705383,-1120.7825684710406,387.59388165781274,230.4208461199887,nothing
1761185153.3183365,-1518.1301092132926,-1071.6627224530093,426.65339679503813,271.6308037317358,nothing
1761185153.3183365,-1515.0072927502915,-1089.0756966467015,441.5606380184181,256.1737972148694,nothing
1761185153.319053,-1584.6068309256807,-1145.7090016757138,376.374181790743,205.02318552089855,nothing
1761185153.319053,-1519.947700591758,-1066.2772665168159,412.8082871590741,286.4520272561349,nothing
1761185153.3198411,-1519.8242838932201,-1077.3548501855694,441.25396622205153,260.68037666147575,nothing
1761185153.3198411,-1578.103144902736,-1141.2024222291075,389.58724833419546,203.8899958343245,nothing
1761185153.3205273,-1537.5401899833232,-1092.965192600619,411.0954129793681,263.9490492227487,nothing
1761185153.3205273,-1503.8736105822027,-1069.1532495827414,450.18110741628334,275.49412038596347,nothing
1761185153.331216,-1549.313395043835,-1126.7290094005875,423.2987065347843,219.95286614401266,nothing
1761185153.331216,-1572.21654237248,-1134.0292941140942,378.0533968708478,229.37741403235123,nothing
1761185153.3462179,-1498.069285850972,-1047.9629764338024,451.47511280095205,302.4587990664877,nothing
1761185153.3462179,-1550.700897927396,-1124.2531956299208,419.91035717492923,208.0076256855391,nothing
1761185153.36198,-1558.6033065337688,-1130.9737958502956,391.43849881226197,211.45955334464088,nothing
1761185153.36198,-1522.984499355778,-1076.9584207902662,418.67993008950725,258.6309114857577,nothing
1761185153.3626344,-1517.4195282217115,-1096.1815065625124,441.09689042391255,240.67191189853474,nothing
1761185153.3626344,-1574.5614596446976,-1140.9929878315888,408.3241471122019,210.33384345797822,nothing
1761185153.37623,-1548.109147258103,-1089.3262699437328,399.8046550131403,266.86617118818685,nothing
1761185153.37623,-1501.8989434055984,-1050.693103401456,455.1701339571737,298.5393839129247,nothing
1761185153.3919225,-1560.8173273075372,-1137.8589516687207,417.1503110076301,202.53989195032045,nothing
1761185153.3919225,-1563.4539567762986,-1121.1677781664766,391.78630950814113,232.62364719389006,nothing
1761185153.3926828,-1488.1136721689254,-1032.4423916176893,438.42660185554996,308.087348499801,nothing
1761185153.3926828,-1545.128446993418,-1103.9343191706575,428.98709436738864,225.11392808286473,nothing
1761185153.4063275,-1577.643137208186,-1141.4081167266704,384.6505803926848,214.54123090812936,nothing
1761185153.4063275,-1508.054818732664,-1062.5149271613918,431.8481178334914,303.9472792488523,nothing
1761185153.421909,-1517.6102631194517,-1090.9680860242806,437.0690181716345,249.26246209675446,nothing
1761185153.421909,-1549.7921022381634,-1118.66578509612,405.3658862472512,235.01344326557592,nothing
1761185153.4225967,-1539.1259075645357,-1095.2390517736785,382.96014561271295,242.55308157624677,nothing
1761185153.4225967,-1511.589024190791,-1065.443268826697,439.7393067399971,271.7467406303622,nothing
1761185153.436278,-1547.2863692678511,-1119.0472548916005,416.9296569102444,223.03828360745683,nothing
1761185153.436278,-1569.8978043999523,-1116.784615418408,395.7281640614383,228.80894923908636,nothing
1761185153.452022,-1509.6928949132562,-1060.184969488997,433.5273329135962,281.0329122203402,nothing
1761185153.452022,-1527.1993666058406,-1098.5413834345527,426.3990835980512,236.73005734523758,nothing
1761185153.4526415,-1557.1858844505623,-1127.4021913926117,386.33353537274525,223.06446290714666,nothing
1761185153.4526415,-1519.4203746980056,-1083.2190133160912,412.1388450670056,278.17562865419313,nothing
1761185153.466205,-1508.705561324954,-1071.486947155092,450.43542061327025,289.4850861201994,nothing
1761185153.466205,-1580.032933279872,-1145.7725799749605,390.21929142670706,197.55086540943012,nothing
1761185153.48191,-1553.6741183921695,-1109.3048155070283,386.4270328716375,239.54994191182777,nothing
1761185153.48191,-1498.551732945256,-1041.0666009155102,452.10715589346364,299.54541700100526,nothing
1761185153.4829044,-1558.1096397396177,-1127.8285399875604,399.385786218103,196.42141562281176,nothing
1761185153.4829044,-1564.534787863493,-1123.9689632332884,373.47949922503904,228.3078026450239,nothing
1761185153.4961383,-1509.4759807158262,-1069.134550082963,423.94570922711864,281.9379680096172,nothing
1761185153.4961383,-1540.8126024445519,-1116.7509563188069,415.60573232593015,214.16350101260468,nothing
1761185153.5119665,-1575.1673234375194,-1140.1814295412041,374.17886051675305,196.40271612303331,nothing
1761185153.5119665,-1527.0422908077016,-1075.1483092117123,405.0629543508403,275.7110345833935,nothing
1761185153.5126991,-1520.8303169813007,-1085.115142593626,425.7820001053624,253.26415504934266,nothing
1761185153.5126991,-1577.1793896136805,-1134.852072104346,397.4746973407455,214.3392763105221,nothing
1761185153.5261765,-1553.1355727985501,-1105.8416681480594,387.8594145546667,238.40553252538666,nothing
1761185153.5261765,-1503.1480699907988,-1081.5397982359864,425.183616112452,265.5796456034295,nothing
1761185153.541903,-1564.4001514650881,-1138.939782755915,403.776428766083,201.09629056742415,nothing
1761185153.541903,-1582.119797455147,-1146.3073856686242,375.29709060350433,214.8666022042744,nothing
1761185153.5426393,-1506.0203131567687,-1055.0575666497461,429.2975060637109,295.7157594463788,nothing
1761185153.5426393,-1538.9688317663968,-1105.2171048554592,423.6539970305748,228.00861064856872,nothing
1761185153.5561786,-1578.5220136977732,-1150.8027454153635,377.3764749788679,194.34203124744818,nothing
1761185153.5561786,-1513.94142126292,-1073.9066624264233,416.49208861542866,284.8251707754098,nothing
1761185153.5719495,-1518.7060538064688,-1089.8760352372192,426.4776214971207,248.81741400202736,nothing
1761185153.5719495,-1586.267346506007,-1153.6824683812447,384.6019616932608,197.23671381315216,nothing
1761185153.5727313,-1545.106007593684,-1104.3793672653846,395.6608458622359,254.6927968324162,nothing
1761185153.5727313,-1511.5441453913227,-1078.963007166516,428.3288719751872,269.68231585482135,nothing
1761185153.586289,-1556.0489548640326,-1128.4418835802935,400.7919886014424,214.12984191300347,nothing
1761185153.586289,-1554.0705477874726,-1115.4756504339166,393.58894128678367,239.06749481754377,nothing
1761185153.6019828,-1519.9065616922453,-1077.1715950877406,414.6894568367861,262.8569984356873,nothing
1761185153.6019828,-1531.354395456612,-1092.5463238055818,415.23922213027254,245.44028434203938,nothing
1761185153.602706,-1583.6082776375115,-1146.6065776650794,377.11094208201393,217.5294109727256,nothing
1761185153.602706,-1518.4816598091274,-1085.8519028848968,402.4712036815472,266.05461289780214,nothing
1761185153.61629,-1504.8048456711695,-1069.0298328842036,448.13164224056527,270.90526314033195,nothing
1761185153.61629,-1578.3836373994127,-1147.1937419581227,382.88534761359915,206.489226303529,nothing
1761185153.6318953,-1547.2078313687816,-1108.6952118142508,383.3528351080604,243.74610966211185,nothing
1761185153.6318953,-1508.260513230227,-1065.2450541290455,445.95128056639805,266.45852209301665,nothing
1761185153.6326256,-1571.2740875836462,-1130.8428993518464,390.3240086254664,202.91014204593375,nothing
1761185153.6326256,-1569.0974658094347,-1128.8196134758182,376.7070328867994,218.0081181670539,nothing
1761185153.6462913,-1499.3034528363496,-1057.7465547178872,428.1044779778458,283.8191376873292,nothing
1761185153.6462913,-1542.9555651191622,-1118.9275780930184,415.27288122987375,208.87154257530347,nothing
1761185153.6619174,-1582.0150802563876,-1142.1149578182958,378.46852576592937,200.49790657451376,nothing
1761185153.6619174,-1512.7633527768776,-1061.8529648692347,418.1002455963753,288.452873732429,nothing
1761185153.6626925,-1532.9887317372486,-1091.8581822137348,418.9155437867157,244.38189265457913,nothing
1761185153.6626925,-1580.2423676773906,-1136.1348577891476,379.91586704878137,202.46883385116234,nothing
1761185153.6763148,-1534.1032219240442,-1086.7606985741295,403.1668250733055,263.15619043214247,nothing
1761185153.6763148,-1506.9852073453367,-1063.4349425504915,441.80747141549364,283.5311653907411,nothing
1761185153.6918845,-1560.1179660158232,-1125.5359813147224,404.0307419630699,208.8229238758795,nothing
1761185153.6918845,-1564.0112018696964,-1111.9451848757453,389.6022079340182,236.41964564891532,nothing
1761185153.6926641,-1508.2530334303156,-1073.6710487292148,422.1505572483875,269.91044975211844,nothing
1761185153.6926641,-1541.4895243365318,-1100.5123107112013,418.15634409571066,226.62858756491914,nothing
1761185153.7062247,-1574.1126716500148,-1129.8368662637658,378.3189297677018,207.24842599453405,nothing
1761185153.7062247,-1530.5428371662274,-1088.5558505528606,398.4021925297566,259.0236009811051,nothing
1761185153.722015,-1523.9007748449221,-1076.984600089956,427.5285333846696,259.49108847556636,nothing
1761185153.722015,-1578.6977889956906,-1144.4374356907792,376.4601994897239,191.19677538471296,nothing
1761185153.722704,-1542.2075851280242,-1103.3845538771711,386.6925657684915,246.51737552927807,nothing
1761185153.722704,-1513.8367040641606,-1083.4658467131667,437.5626849657856,261.0319272573106,nothing
1761185153.7362823,-1569.0413673100993,-1135.6636303947307,397.2465634434484,196.12970342626795,nothing
1761185153.7362823,-1567.2424754314125,-1120.8162275706418,379.4633391541429,224.85587498592213,nothing
1761185153.7519853,-1510.3997360048816,-1076.9696404901333,412.61007246142253,264.4015771173872,nothing
1761185153.7519853,-1536.8483084915206,-1096.9481860534288,431.65738293575123,240.0997072053142,nothing
1761185153.7527606,-1577.4411826105788,-1143.65579660004,379.84106904966757,195.8566907295026,nothing
1761185153.7527606,-1523.455726750195,-1083.1142961173318,405.2387296487577,266.24160789558664,nothing
1761185153.766275,-1506.3569041527808,-1079.5015527601354,448.0493644415401,264.27442051889375,nothing
1761185153.766275,-1580.7397743714973,-1166.1961736329831,383.03494361182675,180.7325353086926,nothing
1761185153.7819507,-1542.0392896300182,-1113.3401675592177,395.3616538657807,260.1455709678121,nothing
1761185153.7819507,-1512.6324562784284,-1081.0162122421898,440.9024156262167,269.4429622576572,nothing
1761185153.7826252,-1555.3495935723186,-1132.6118720308878,399.2137508201413,207.99640598567203,nothing
1761185153.7826252,-1557.6571118449792,-1134.5902791074477,378.8612152612768,219.67237364733592,nothing
1761185153.7962296,-1507.9314020341262,-1066.5427994136699,426.86657109251246,270.6584297432564,nothing
1761185153.7962296,-1535.939512802288,-1112.4538112697192,426.43274269765243,222.05842981906608,nothing
1761185153.811905,-1577.9984277039766,-1141.0939651303925,381.70727912755683,206.06287770858034,nothing
1761185153.811905,-1516.4695936329663,-1071.0493788602762,412.89804475801066,275.0004535918124,nothing
1761185153.8126192,-1525.770724822767,-1089.251471944619,433.011226719711,253.4361904473044,nothing
1761185153.8126192,-1577.8450918057933,-1141.4417758262716,385.7987296790816,193.84088465338573,nothing
1761185153.8262312,-1550.6859383275732,-1094.8127031787299,393.63755998620763,242.7625159737654,nothing
1761185153.8262312,-1505.739820660092,-1080.5412449478172,424.45433562109247,272.8500111172907,nothing
1761185153.8419044,-1573.6003053560853,-1151.1842152108438,392.30241570202634,194.45796814607456,nothing
1761185153.8419044,-1570.4064307939261,-1135.5177742964588,369.69098056992516,217.51819127285853,nothing
1761185153.8427193,-1516.3798360340297,-1082.052164529916,418.64627098990604,264.12482452066615,nothing
1761185153.8427193,-1540.4685316486284,-1119.2005907897837,424.8133660168387,213.34820282226428,nothing
1761185153.8563044,-1586.495480403304,-1156.3490170496516,370.1547281644307,181.2860405021347,nothing
1761185153.8563044,-1525.0638837311417,-1082.388755525928,401.05004169838503,263.56383952731267,nothing
1761185153.8719003,-1525.3069772282615,-1090.0779898348264,426.53745989641175,240.60459369933233,nothing
1761185153.8719003,-1597.4870463730767,-1152.6465160935186,374.6800071108155,181.52539409929886,nothing
1761185153.8726904,-1554.2425831854343,-1115.9880167278461,392.29867580207065,234.32904157368466,nothing
1761185153.8726904,-1512.310824882239,-1083.6752811106853,431.9752744319849,257.67723699705675,nothing
1761185153.8862283,-1576.1396974259987,-1149.927608825732,396.23305055545643,196.97866071620956,nothing
1761185153.8862283,-1581.2409209655598,-1140.6676165354438,381.9054938252084,211.02572494978085,nothing
1761185153.9027493,-1509.838751011528,-1079.4043153612874,431.3020924399607,275.5502188852988,nothing
1761185153.9027493,-1547.3649071669206,-1122.2336496538483,423.23138833558187,226.07508237147704,nothing
1761185153.9035633,-1577.0634527150542,-1140.5068008373491,385.3910805839114,218.2325121643953,nothing
1761185153.9035633,-1511.9966732859612,-1075.840190703515,420.60223866673186,272.83879141742364,nothing
1761185153.9040933,-1515.0465616998263,-1084.2026070044376,438.93335829954594,258.80107693374157,nothing
1761185153.9162264,-1579.2980429385789,-1143.2144884052686,387.53217330854386,206.0984067581594,nothing
1761185153.9162264,-1532.0032680989243,-1095.0183976762928,390.31091897562146,259.7921504219994,nothing
1761185153.9312098,-1504.881513620261,-1074.501306519378,433.2711497666314,269.9459788016975,nothing
1761185153.9312098,-1563.7213596231304,-1136.0189208905213,402.0093260370195,211.023854999803,nothing
1761185153.9468887,-1577.293456562329,-1130.4726492562331,386.19702902436256,221.40955717675388,nothing
1761185153.9468887,-1512.5670080292039,-1072.5490787425078,436.8838931238279,283.15156554523855,nothing
1761185153.9476511,-1543.0621522678994,-1119.6830378840677,422.6086949929595,223.8068330483511,nothing
1761185153.9476511,-1579.8889471315779,-1141.2847000281326,379.2482949066907,212.40387808345258,nothing
1761185153.9612088,-1525.7389356731437,-1076.479713595938,402.413235232234,269.39995340816677,nothing
1761185153.9612088,-1511.9237452368252,-1075.9262084024958,441.88787926454097,262.70179258752614,nothing
1761185153.9785175,-1580.019843630027,-1143.6296173003502,380.5086411917582,197.21240446344018,nothing
1761185153.9785175,-1547.684668613132,-1095.7140190680511,392.0686719547957,257.854882244952,nothing
1761185153.9786074,-1514.7698091031052,-1075.2941653099842,435.1710189441219,271.09786798805,nothing
1761185153.9786074,-1560.3928486625664,-1135.9590824912302,393.1569828419015,206.48361645359546,nothing
1761185153.991289,-1567.405161079485,-1128.6849770774134,374.48740226309747,224.27806044276804,nothing
1761185153.991289,-1512.3388741319068,-1072.9268086380325,426.1279408512637,276.9732508184388,nothing
1761185154.006847,-1557.1129564014263,-1122.9554503452964,411.8265634207055,213.18551717419177,nothing
1761185154.006847,-1582.3498013024218,-1144.3850770913996,367.6134661445394,196.5429623713717,nothing
1761185154.0076497,-1522.2047302150168,-1090.7025531274267,393.49731373786926,265.18134625814855,nothing
1761185154.0076497,-1520.7125101326965,-1081.412641637493,429.0936815161258,252.77983800508082,nothing
1761185154.021242,-1579.2569040390663,-1148.8766969381832,387.3788374103606,202.29492850322276,nothing
1761185154.021242,-1540.593818297144,-1112.3490940709598,397.1586757944897,255.53988417237997,nothing
1761185154.0368392,-1497.3904940090142,-1064.7214681352489,447.0601609032601,300.72161553706974,nothing
1761185154.0368392,-1556.2340799118392,-1129.7321490650065,400.6255630534142,215.45563644729555,nothing
1761185154.0375922,-1564.1402284181677,-1132.5782129312865,366.3306804597378,226.08069222141057,nothing
1761185154.0375922,-1493.594495553989,-1059.8932572924532,435.3580139419064,283.7200303385034,nothing
1761185154.051214,-1541.1809825901873,-1116.5826608208008,419.3774214312434,231.02110006287694,nothing
1761185154.051214,-1579.6009748349898,-1143.2369278050028,378.05152692086995,204.77822207380086,nothing
1761185154.0671957,-1518.9472773536108,-1092.411687407177,406.39996858499944,278.25603650324047,nothing
1761185154.0671957,-1530.2043762202375,-1091.7160660154186,434.78580924868584,262.2829237924889,nothing
1761185154.0675836,-1579.7617905330844,-1157.901075531263,374.01617486868054,194.72911089286208,nothing
1761185154.0675836,-1545.7137413364835,-1113.0933341621421,385.8866173280403,247.91796806268394,nothing
1761185154.0811963,-1499.9037067792378,-1055.4165970454924,445.54176152125,299.53232735116035,nothing
1761185154.0811963,-1587.5183430411853,-1159.5129724121653,385.75946072954684,184.6052017128095,nothing
1761185154.0970094,-1570.056750148069,-1124.563607326243,367.8079409422353,231.1856556609273,nothing
1761185154.0970094,-1502.9704247429036,-1072.2723261457868,415.85069577302784,282.11935315746814,nothing
1761185154.0976846,-1542.1346570788883,-1130.438990156632,412.7989374091849,215.97174264118075,nothing
1761185154.0976846,-1588.9432449243031,-1157.3662698375992,371.60767929721624,189.0519427601248,nothing
1761185154.1112185,-1531.8536721006967,-1098.0813757400028,403.75959921628237,257.5968291480094,nothing
1761185154.1112185,-1529.6994897262193,-1106.6233072387986,435.66468573827296,248.5238318555057,nothing
1761185154.1269195,-1597.242082925979,-1175.3439689246006,362.93111140001565,171.31359727028757,nothing
1761185154.1269195,-1535.1747032613494,-1091.2149194213562,386.35036492254585,261.29185030423105,nothing
1761185154.127661,-1515.4916097945534,-1091.6898867157288,434.56141525134444,261.3367291036993,nothing
1761185154.127661,-1568.2167193698697,-1135.3382590985857,414.36969539057463,214.48326245881617,nothing
1761185154.1412632,-1577.656226858031,-1142.560005913023,365.77343536634,203.99658298306167,nothing
1761185154.1412632,-1505.8538876087405,-1067.4067163034342,426.92453954182565,279.6136201871559,nothing
1761185154.1569483,-1552.714834053535,-1122.140152154956,413.3000840032473,209.0267484234646,nothing
1761185154.1569483,-1579.5037374361418,-1137.1969893765636,383.9904880505055,208.88463222514838,nothing
1761185154.1576154,-1523.6932103973813,-1075.7878321041353,411.9686796190217,282.8037548493594,nothing
1761185154.1576154,-1530.2081161201932,-1086.5437843766995,436.1620924323797,250.98094612639397,nothing
1761185154.1712625,-1575.7526177805848,-1140.304846239742,385.72206172998995,207.99827593564987,nothing
1761185154.1712625,-1516.2582892854698,-1058.9358429037966,412.6830005105585,295.3698187004775,nothing
1761185154.1869805,-1497.7644840045832,-1046.930764046032,452.5765133379027,296.95553628169,nothing
1761185154.1869805,-1565.0752034070902,-1132.451056332793,401.8148512393236,209.42691771872342,nothing
1761185154.1876762,-1557.5841837958433,-1112.925038664136,389.6339970836416,236.8553439937532,nothing
1761185154.1876762,-1494.895980738569,-1055.8092865408398,443.26042254827917,295.53437429852784,nothing
1761185154.2011652,-1542.583445073571,-1105.2021452556364,419.6766134276986,231.90745635237545,nothing
1761185154.2011652,-1566.331809792202,-1121.0892402674071,387.27786011155695,234.80961871799082,nothing
1761185154.2169833,-1518.7378429560922,-1057.76151431771,421.06785621121526,292.27318153716624,nothing
1761185154.2169833,-1518.3264539609663,-1081.868909432087,441.0164825748652,260.29329701606184,nothing
1761185154.2176297,-1573.4974581073038,-1144.4449154906906,391.23841416463256,196.5766214709729,nothing
1761185154.2176297,-1522.5899399104528,-1072.2237074463628,406.66176158189774,265.948025749065,nothing
1761185154.2311764,-1524.7852611844428,-1077.5119259837084,434.52401625178754,257.88480144459754,nothing
1761185154.2311764,-1578.935272642877,-1141.7297481228597,397.09509749524295,197.66867225803435,nothing
1761185154.246987,-1553.9415212390013,-1098.814396131318,386.8178524170071,241.09639054350555,nothing
1761185154.246987,-1519.2539491499774,-1065.3871703273617,411.21321982797235,266.8605613382533,nothing
1761185154.2477095,-1552.7709325528704,-1127.2151963948272,411.1945203281939,204.01528248284012,nothing
1761185154.2477095,-1574.3688547969796,-1146.9095095614903,376.2601148420945,210.15245831012726,nothing
1761185154.261173,-1520.1814443389885,-1073.6673088292591,409.2647319510579,262.7915501864627,nothing
1761185154.261173,-1530.46242931718,-1096.342322260607,426.3111959490925,235.93906850460917,nothing
1761185154.276939,-1596.3968655359931,-1146.696335264016,375.97962234541774,190.92189273796976,nothing
1761185154.276939,-1543.4548417632468,-1089.371148743201,391.39548996277153,266.1985990460962,nothing
1761185154.2776785,-1502.1513866526075,-1060.716035282705,440.4031389821321,282.82245434913784,nothing
1761185154.2776785,-1571.4143338319845,-1134.5229609082453,408.62146915867925,207.58688694052398,nothing
1761185154.29134,-1562.8761422331445,-1129.7919874642976,386.09605172555894,221.2898803781718,nothing
1761185154.29134,-1504.4701246251352,-1055.6783900423907,430.3839470008388,285.5862404163927,nothing
1761185154.3068964,-1557.1877544005401,-1122.6450386489742,411.95372001919895,218.96740250568837,nothing
1761185154.3068964,-1561.5409979489632,-1125.2816681177355,378.27218101825565,223.02145405765623,nothing
1761185154.307655,-1512.226677133236,-1069.5534188780002,426.8759208424017,286.6969907032326,nothing
1761185154.307655,-1520.488116135355,-1099.0761891282164,429.2769366139546,238.8935894696042,nothing
1761185154.321258,-1567.0274311839603,-1147.1750424583443,395.068071719259,211.2482489971444,nothing
1761185154.321258,-1542.041159579996,-1098.911633530166,390.9242625683546,267.18967253435403,nothing
1761185154.336984,-1514.0106094121002,-1063.3713642512448,444.22905663680285,275.29777563828975,nothing
1761185154.336984,-1583.0491625941359,-1162.6731878747232,385.87539762817323,176.35498241055757,nothing
1761185154.3376515,-1558.5976966838352,-1125.023615020793,369.7975677186623,230.12352407351136,nothing
1761185154.3376515,-1524.5122484876774,-1089.0532572469674,395.442061714828,259.4630392258987,nothing
1761185154.3512554,-1545.5117867388763,-1112.6183668677695,422.5675560934469,241.10761024337262,nothing
1761185154.3512554,-1590.7870156024583,-1158.031972029712,368.1482718382031,185.274643804878,nothing
1761185154.3669972,-1520.8733258307911,-1095.9047539657913,396.24988010525703,254.9714193791151,nothing
1761185154.3669972,-1520.248762538191,-1095.583122569602,424.7628773674369,245.53939169086516,nothing
1761185154.3676493,-1582.3909402019344,-1159.7897250088863,374.0386142684147,189.2351978579536,nothing
1761185154.3676493,-1551.2151341713034,-1117.4503176105209,375.650511149317,247.09145017247647,nothing
1761185154.381224,-1516.4265847834758,-1077.2426531868987,428.1736661270261,256.6805536588654,nothing
1761185154.381224,-1576.5679159709252,-1155.197127863299,395.3261248162016,179.88918786868453,nothing
1761185154.396932,-1553.5413519437425,-1126.5494942027144,380.1533506959677,223.02145405765623,nothing
1761185154.396932,-1515.7945416909643,-1079.0565046654083,415.99281197134405,265.0990684591234,nothing
1761185154.397696,-1547.9576813098975,-1122.0616142558865,409.4853860484436,214.94327015336603,nothing
1761185154.397696,-1587.3201283435337,-1150.7204676163383,372.7670482834801,197.70607125759125,nothing
1761185154.411242,-1535.5262538571842,-1089.6703407396562,402.13648263551295,254.44035358540714,nothing
1761185154.411242,-1516.01519578835,-1080.3579898499884,435.03638254571706,269.48223120719194,nothing
1761185154.4268985,-1583.2137181921862,-1155.7955118562095,367.9463172405958,184.1938127176836,nothing
1761185154.4268985,-1546.1139106317423,-1097.7111256443895,386.24564772378653,257.7202458465472,nothing
1761185154.4276931,-1515.5477082938887,-1079.0452849655412,434.8793067475781,262.43999959062785,nothing
1761185154.4276931,-1562.169301141519,-1139.687762747053,393.24300054088235,205.47758336551487,nothing
1761185154.4413543,-1571.324576233048,-1129.2609216705896,370.85969930607826,227.18770260829479,nothing
1761185154.4413543,-1514.6800515041687,-1067.9003830975853,424.5384833700955,271.5279564829543,nothing
1761185154.4569457,-1557.6328024952672,-1127.6976434891112,407.4134814729914,195.14797968789935,nothing
1761185154.4569457,-1555.88626921596,-1110.4716642932035,399.0884641716257,248.6696879537776,nothing
1761185154.4577239,-1529.3367194305174,-1083.136735517066,401.7063941406086,260.9739588079974,nothing
1761185154.4577239,-1538.2451611249708,-1097.0716027519666,415.6524810753763,225.2130354316905,nothing
1761185154.4877083,-1579.2569040390663,-1143.8315718979575,384.4841548446566,196.165232475847,nothing
1761185154.4877083,-1541.3679775879718,-1098.1412141392939,395.9955669082701,263.8723812736571,nothing
1761185154.4884455,-1513.012056123931,-1080.133595852647,411.5236315242946,258.38594803866,nothing
1761185154.4884455,-1571.6462076292373,-1137.7243152703159,395.95068810880184,190.51050374284387,nothing
1761185154.4890597,-1555.9573273151182,-1118.6134264967404,399.69058806449175,243.50862601492554,nothing
1761185154.4890597,-1512.5221292297356,-1073.211041034665,429.04506281670183,270.85103459097445,nothing
1761185154.5012655,-1545.9343954338692,-1121.75494245952,425.69785235635936,223.2907268544659,nothing
1761185154.5012655,-1587.6828986392356,-1151.8199982033111,371.27108830120414,199.0898342411965,nothing
1761185154.516853,-1520.0692473403178,-1063.4835612499155,418.8687950372696,291.1811307501048,nothing
1761185154.516853,-1507.7313173864968,-1083.3312103147618,438.22651720792055,256.50477836094797,nothing
1761185154.5176196,-1573.482498507481,-1137.1221913774498,389.9967673793435,202.97559029515833,nothing
1761185154.5176196,-1528.932810235303,-1089.9433534364216,394.7165211234242,265.4693185547367,nothing
1761185154.5312529,-1510.7606363506056,-1085.5190517888404,434.62499355059117,262.25300459284335,nothing
1761185154.5312529,-1556.5332719082944,-1132.4136573332362,402.83958382718265,212.7629084791988,nothing
1761185154.5469255,-1558.249885987956,-1106.9972972343676,390.01546687912196,254.53385108429939,nothing
1761185154.5469255,-1502.43561904924,-1066.5016605141573,442.30674805957824,283.0917271459475,nothing
1761185154.5475993,-1552.726053753402,-1134.0405138139613,419.74393162690103,218.3989377124235,nothing
1761185154.5475993,-1593.2777889729477,-1162.9574202713557,373.18965697847307,201.06824131775647,nothing
1761185154.5612612,-1521.3258537254296,-1087.044930970762,420.600368716754,275.78396263252944,nothing
1761185154.5612612,-1536.0199206513353,-1100.9648386058398,437.18682502023876,241.25346634164453,nothing
1761185154.5768552,-1589.945538112428,-1146.1877088700421,391.12995706591755,201.4272717135027,nothing
1761185154.5768552,-1558.1040298896842,-1116.242329924833,389.8135122815147,254.33563638664782,nothing
1761185154.577605,-1511.359020343516,-1081.8240306326188,446.398198611103,279.1386528927833,nothing
1761185154.577605,-1569.9819521489553,-1138.6331109595485,404.12984931189567,210.11505931057036,nothing
1761185154.5911973,-1558.9342876798473,-1117.3867393112741,388.1081179017201,248.7893647523597,nothing
1761185154.5911973,-1502.5029372484423,-1056.5236074323766,451.20023015420884,302.24001491907984,nothing
1761185154.606868,-1543.2267078659497,-1110.393126394134,429.36669421289116,240.86077684629709,nothing
1761185154.606868,-1560.3330102632754,-1136.7856003814377,390.71856807079166,237.4836471863091,nothing
1761185154.6076088,-1516.123652887065,-1067.9340421971865,412.84007630869746,295.4745358992368,nothing
1761185154.6076088,-1513.9208518131636,-1084.1689479048364,435.6871251380071,266.6847860403359,nothing
1761185154.6212628,-1578.4453457486816,-1136.2919335872866,394.6753822239116,208.25258913263679,nothing
1761185154.6212628,-1531.1206517093815,-1086.3754888786934,397.2185141937807,267.9787914250046,nothing
1761185154.6368837,-1504.1671927287243,-1068.049979095813,441.6260862676427,282.5718810521066,nothing
1761185154.6368837,-1560.6583815594204,-1132.4061775333248,407.14046877622604,214.97692925296724,nothing
1761185154.6376743,-1549.771532788407,-1119.3165276884101,385.3293722346425,237.58836438506842,nothing
1761185154.6376743,-1507.5555420885794,-1061.5537728727795,427.37706743646413,283.0879872459918,nothing
1761185154.6512575,-1542.138396978844,-1116.242329924833,420.80606321431696,227.13534400891513,nothing
1761185154.6512575,-1598.6632449091412,-1153.7086476809345,371.52540149819106,181.05603665485978,nothing
1761185154.667263,-1515.2933950969018,-1074.1011372241192,414.3846549903974,269.7215848043561,nothing
1761185154.667263,-1522.634818709921,-1096.5667162579484,433.0130966696888,244.4847399033606,nothing
1761185154.6676905,-1587.136873245705,-1153.7198673808016,383.9643087508157,192.87786041479558,nothing
1761185154.6676905,-1528.3942646416835,-1087.370302266907,400.9322348497808,273.4914039596915,nothing
1761185154.6812673,-1522.1074928161688,-1086.611102575902,428.644893521443,248.1161827603355,nothing
1761185154.6812673,-1559.4952726732008,-1127.1740574953146,406.9796530781314,217.62103852164,nothing
1761185154.6969228,-1570.7486316398717,-1134.358405310195,367.5124888457358,205.86653296090662,nothing
1761185154.6969228,-1506.6467463993467,-1071.6814219527878,417.80292354989797,275.8325813319534,nothing
1761185154.6976707,-1567.0723099834286,-1130.618505354505,407.8959285672754,203.5066560888663,nothing
1761185154.6976707,-1588.7338105267845,-1150.7877858155407,375.87116524670273,203.67495158687234,nothing
1761185154.7112195,-1521.9578968179412,-1077.1267162882723,407.72389316931367,267.395367031917,nothing
1761185154.7112195,-1533.443129581865,-1111.829247977119,425.1929658623412,227.0343667101115,nothing
1761185154.726966,-1593.3750263717957,-1157.3587900376879,377.4307035282254,193.71559800487012,nothing
1761185154.726966,-1552.1501091602258,-1112.8016219655983,382.76006096508354,239.47327396273613,nothing
1761185154.72764,-1514.242483209353,-1077.130456188228,427.96423172950745,260.70468601118773,nothing
1761185154.72764,-1587.5445223408751,-1158.9108485192992,387.4012768100947,187.3091493807733,nothing
1761185154.7412655,-1568.2092395699583,-1130.5437073553912,377.8757516229525,216.30459373723716,nothing
1761185154.7412655,-1518.2628756617196,-1067.8592441980727,422.14494739845395,270.6827390929684,nothing
1761185154.756932,-1541.8691241820343,-1119.12579279067,414.3397761909291,225.26539403107017,nothing
1761185154.756932,-1585.4389586658217,-1154.7670393683948,359.3595069423318,184.88943410944194,nothing
1761185154.7576687,-1516.931471277494,-1077.938274578657,414.5305110886693,274.0972677525133,nothing
1761185154.7576687,-1540.0253535038792,-1111.0737881860696,422.9116268893704,222.91299695894122,nothing
1761185154.7712047,-1561.2343261525966,-1120.0271086799912,400.8910959502682,230.50125396903604,nothing
1761185154.7712047,-1544.0943646556698,-1098.0888555399142,394.8922964213416,251.8598226159811,nothing
1761185154.7869332,-1520.0243685408495,-1079.374396161642,438.2826157072559,268.6893724165857,nothing
1761185154.7869332,-1553.788185340818,-1127.3311332934536,408.2773983627558,220.9233701825142,nothing
1761185154.7876804,-1560.4190279622562,-1122.2785284533165,369.5806535212323,230.0375063745305,nothing
1761185154.7876804,-1495.5691627305932,-1044.5147886746563,430.36524750106037,294.32638661284,nothing
1761185154.801254,-1547.3705170168541,-1108.7812295132317,408.8159439563751,230.1048245737329,nothing
1761185154.801254,-1571.2946570334025,-1125.1507716192864,396.50045340228826,221.5180142754689,nothing
1761185154.8169844,-1514.9194051013328,-1060.233588188421,420.8322425140068,294.60313920956105,nothing
1761185154.8169844,-1525.4247840768658,-1092.3967278073542,425.78387005534023,239.88466295786202,nothing
1761185154.8176603,-1567.3154034805484,-1136.1722567887045,380.34782549366355,203.60763338766992,nothing
1761185154.8176603,-1517.1633450747468,-1078.3758428734727,400.109456859529,263.4123735791072,nothing
1761185154.8312116,-1516.3742261840962,-1085.7135265865363,423.8578215781599,251.40729472134262,nothing
1761185154.8312116,-1554.005099538248,-1128.8121336759068,408.8196838563308,222.71478226128966,nothing
1761185154.8469336,-1557.4757266971283,-1104.5102637638338,388.6952821947634,250.2666252348572,nothing
1761185154.8469336,-1525.0507940812968,-1071.9993134490214,423.169679986313,270.10679449979216,nothing
1761185154.8476777,-1530.5671465159394,-1108.4820375167765,421.2286719093099,231.79525935370475,nothing
1761185154.8476777,-1556.3649764102884,-1133.6964430180378,376.3349128412083,216.50280843488872,nothing
1761185154.8612115,-1509.032802571077,-1056.2318952358328,416.59119596425444,280.85526697244495,nothing
1761185154.8612115,-1521.0640607285313,-1093.2344653974287,423.92139987740666,255.09483607765287,nothing
1761185154.8769083,-1580.7416443214752,-1137.6607369710691,383.1789297601208,201.74890310969204,nothing
1761185154.8769083,-1542.1458767787553,-1099.7718105199747,391.6759824594483,250.33020353410393,nothing
1761185154.877679,-1503.0639222417958,-1073.6261699297465,432.04446258116513,261.1609538057819,nothing
1761185154.877679,-1548.1783354072832,-1121.885838957969,400.7751590516418,207.93843753635883,nothing
1761185154.8914485,-1555.7516328175552,-1112.794142165687,384.9553822390735,233.070565238595,nothing
1761185154.8914485,-1493.1531873592176,-1056.2356351357885,425.69785235635936,294.67045740876347,nothing
1761185154.9076853,-1544.0607055560686,-1118.1795981018804,417.3503956552595,208.1403921339661,nothing
1761185154.9076853,-1571.8032834273763,-1135.009147902485,372.0265480922535,215.4705960471183,nothing
1761185154.9083786,-1513.0307556237094,-1083.9632534072734,399.6382294651121,265.790949950926,nothing
1761185154.9083786,-1525.783814472612,-1087.9761660597287,417.21201935689896,243.09723701979965,nothing
1761185154.9091108,-1581.86548425816,-1143.3977435030974,382.8572983639315,201.4441012633033,nothing
1761185154.9213011,-1538.7519175689667,-1099.1472472273745,391.1075176661834,249.68507079174742,nothing
1761185154.9213011,-1517.4756267210469,-1078.8171510682441,424.833935466595,254.27392803737894,nothing
1761185154.9364169,-1563.8204669719562,-1134.8221529047005,396.02922600787133,210.83872995199636,nothing
1761185154.9364169,-1560.3909787125885,-1113.0484553626738,378.5601533148438,237.03298924164847,nothing
1761185154.9519928,-1514.001259662211,-1065.2562738289125,424.18693277426064,276.35429737577215,nothing
1761185154.9519928,-1550.8355343258008,-1120.0009293803014,411.99859881866723,219.8219696455635,nothing
1761185154.952694,-1568.3906247178093,-1132.1294249366038,372.2920809891075,219.30212355172262,nothing
1761185154.952694,-1514.4687471566722,-1070.121883671265,414.3472559908405,276.50015347404405,nothing
1761185154.9664032,-1527.7827909989282,-1093.6121952929534,425.207925462164,253.9522966411896,nothing
1761185154.9664032,-1574.774633942172,-1139.1155580538325,382.35241186991334,209.20813357131556,nothing
1761185154.9820428,-1548.5691549526528,-1101.361268001143,392.1098108543083,247.11201962223276,nothing
1761185154.9820428,-1520.06737739034,-1079.2584592630155,428.3232621252537,263.1524505321868,nothing
1761185154.9827304,-1570.6270848913118,-1145.7202213755809,391.46654806192964,198.5942974970676,nothing
1761185154.9827304,-1564.1794973677024,-1127.6789439893328,375.8823849465698,223.06446290714666,nothing
1761185154.9962835,-1502.0522793037817,-1078.095350376796,421.565262905322,274.23751400085166,nothing
1761185154.9962835,-1535.890894102864,-1119.1108331908472,417.24941835645586,231.25858371006325,nothing
1761185155.0119033,-1574.9130102405325,-1148.6784822405316,359.70731763821095,191.94475537585095,nothing
1761185155.0119033,-1522.962059956044,-1081.1658082404174,408.95432025473565,267.83854517666623,nothing
1761185155.0127654,-1528.7776043871418,-1097.9242999418639,416.7146126627922,235.71654445724562,nothing
1761185155.0127654,-1593.792025216855,-1156.3377973497845,366.74954925477505,185.61310475086793,nothing
1761185155.0262053,-1544.0737952059135,-1095.0333572761156,383.3285257583484,256.2111962144263,nothing
1761185155.0262053,-1515.990886438638,-1083.2713719154708,412.54088431224227,251.9140511653386,nothing
1761185155.041931,-1565.4922022521496,-1135.9927415908314,403.4940663194284,205.98433980951086,nothing
1761185155.041931,-1578.5407131975517,-1126.3774588047527,363.8735661888495,208.20584038319066,nothing
1761185155.042828,-1510.5455921031535,-1056.8265393287875,419.9720655241981,279.9333816333674,nothing
1761185155.042828,-1576.5847455207258,-1141.015427231323,395.5617385134101,192.7450939663686,nothing
1761185155.0562067,-1578.0283469036222,-1143.2892864043824,361.22571702022105,204.05455143237486,nothing
1761185155.0562067,-1524.7646917346865,-1081.8053311328404,393.42251573875546,261.39095765305683,nothing
1761185155.0719223,-1525.4977121260017,-1088.3015373558737,418.15073424577713,237.63137323455885,nothing
1761185155.0719223,-1576.595965220593,-1158.7051540217362,361.5697878161445,183.35420517763123,nothing
1761185155.0726607,-1536.5603361949325,-1099.670833221171,385.2919732350856,254.3636856363155,nothing
1761185155.0726607,-1497.8299322538078,-1058.0307871145196,434.1724656559527,279.2190607418306,nothing
1761185155.0864384,-1561.097819804214,-1143.2182283052243,393.7478870349005,204.57813742617145,nothing
1761185155.0864384,-1560.0880468161777,-1110.7484168899246,377.68127682525665,236.06809505308047,nothing
1761185155.1019096,-1510.104283908382,-1072.8333111391403,414.4295337898657,273.69148860732093,nothing
1761185155.1019096,-1541.8747340319678,-1122.8806523461826,413.8199300970882,218.13901466550305,nothing
1761185155.102622,-1575.1673234375194,-1135.9291632915847,380.2169289952144,211.87842213967815,nothing
1761185155.102622,-1524.3084239400923,-1091.278497720603,398.94260807335377,264.6671100142412,nothing
1761185155.1162064,-1522.9994589556009,-1095.2353118737228,429.44523211196065,237.81462833238766,nothing
1761185155.1162064,-1579.090478491038,-1140.6676165354438,382.05695977341384,201.12994966702536,nothing
1761185155.1319327,-1538.8154958682135,-1092.8791749016382,386.28304672334343,254.10937243932858,nothing
1761185155.1319327,-1505.2124947663397,-1070.0732649718411,422.06640949938446,277.49870676221326,nothing
1761185155.132604,-1570.8252995889634,-1144.4336957908235,388.68032259494066,186.42840294120833,nothing
1761185155.132604,-1566.2177428435534,-1120.681591172237,369.30016102455556,235.62304695835337,nothing
1761185155.1462107,-1511.2187740951777,-1076.864923291374,425.47719825897366,276.0401457794942,nothing
1761185155.1462107,-1561.4418906001374,-1131.3515257458203,404.51131910737604,205.77116551203653,nothing
1761185155.161936,-1589.3639836693183,-1151.6180436057039,361.6520656151697,198.0370524036698,nothing
1761185155.161936,-1526.8141569104046,-1095.6392210689373,396.0105265080929,258.8515655831434,nothing
1761185155.1626072,-1536.1115482002497,-1108.186585420277,404.0400917129591,224.91945328516886,nothing
1761185155.1626072,-1585.7661999119446,-1163.0845768698491,365.66871816758066,181.61141179827973,nothing
1761185155.176258,-1542.7573504215106,-1106.2493172432296,386.20450882427394,242.04445518227294,nothing
1761185155.176258,-1522.2888779640198,-1096.5629763579927,415.4131274782121,254.5132816345431,nothing
1761185155.2083457,-1577.5795589089394,-1156.887562643271,377.67753692530096,185.1755364560522,nothing
1761185155.2083457,-1565.6829371498898,-1129.7545884647407,369.3599994238466,225.47295847861096,nothing
1761185155.2090652,-1515.4673004448414,-1077.5493249832653,412.978452607058,272.1581296254881,nothing
1761185155.2090652,-1553.741436591372,-1139.6615834473632,410.21092663984746,208.24323938274756,nothing
1761185155.2098207,-1577.8151726061478,-1160.806977796834,361.3940125182271,199.6339896847494,nothing
1761185155.2098207,-1512.4230218809098,-1074.1796751231886,412.48104591295123,280.0006998325698,nothing
1761185155.2104855,-1536.5491164950654,-1105.6135342507623,425.3051628610119,239.692058110144,nothing
1761185155.2104855,-1581.1698628664017,-1145.4920874782838,388.1903957007453,206.4181682043709,nothing
1761185155.2212293,-1532.0126178488135,-1085.0515642943792,395.0755515191704,275.1537894899957,nothing
1761185155.2212293,-1502.1981354020536,-1093.3055234965868,430.37646720092744,271.12965713767335,nothing
1761185155.2362304,-1556.105053363368,-1135.974042091053,384.49911444447935,210.70035365363583,nothing
1761185155.2362304,-1553.270209196955,-1102.7487708847038,377.19882973097265,251.76071526715532,nothing
1761185155.251968,-1495.3391588833183,-1066.8719106097706,435.3580139419064,284.13328928360716,nothing
1761185155.251968,-1533.6170349298045,-1120.1954041779973,421.59144220501184,245.6945975390263,nothing
1761185155.2526252,-1577.078412314877,-1141.1313641299494,387.79396630544215,219.51529784919694,nothing
1761185155.2526252,-1509.5395590150729,-1068.6857620882802,414.6053090877831,284.83639047527686,nothing
1761185155.2662764,-1536.6276543941349,-1112.0723414742388,420.80980311427265,239.77807580912486,nothing
1761185155.2662764,-1570.9150571879,-1150.578351418022,379.94017639849335,203.25795274181291,nothing
1761185155.2819304,-1536.4780583959073,-1095.8673549662344,395.83849111013114,259.7304420727305,nothing
1761185155.2819304,-1507.0749649442732,-1081.9025685316883,431.7303109848872,244.96157714771107,nothing
1761185155.28261,-1552.6007671048865,-1129.9266238627024,391.3730505630374,205.36351641686633,nothing
1761185155.28261,-1560.5031757112592,-1128.1726107834838,360.4029390299693,217.29005737556145,nothing
1761185155.2962224,-1517.8421369167045,-1076.5058928956278,420.40215401910245,269.01661366270855,nothing
1761185155.2962224,-1563.2482622787356,-1121.7848616591655,405.1545818997547,217.25639827596024,nothing
1761185155.3118896,-1571.5097012808546,-1143.8577511976473,368.08469353895634,202.13224285515025,nothing
1761185155.3118896,-1514.049878361635,-1077.201514287386,401.0369520485401,267.3598379823379,nothing
1761185155.312697,-1527.1021292069927,-1095.631741269026,417.163400657475,256.70860290853307,nothing
1761185155.312697,-1582.2170348539948,-1160.7770585971884,366.70467045530677,184.75666766101494,nothing
1761185155.326284,-1538.1722330758348,-1097.718605444301,381.17060348391533,257.6660172971897,nothing
1761185155.326284,-1535.673979905434,-1095.1792133743875,427.74357763212174,252.994882252533,nothing
1761185155.3420067,-1549.8706401372328,-1132.8175665284507,401.5717577422038,218.40080766240135,nothing
1761185155.3420067,-1561.3558729011565,-1132.3650386338122,363.4771367935464,208.28811818221584,nothing
1761185155.342688,-1493.3719715066254,-1058.7451080060564,428.8281486192718,286.98683294979855,nothing
1761185155.342688,-1552.6718252040446,-1130.0089016617276,396.09654420707375,218.1614540652372,nothing
1761185155.3562665,-1580.1563499784097,-1145.3836303795688,364.8122810777277,203.7104806364514,nothing
1761185155.3562665,-1523.612802548334,-1085.1301021934487,404.03261191304773,261.1142050563358,nothing
1761185155.3719795,-1542.5778352236375,-1117.6859313077293,421.6924195038155,225.20742558175698,nothing
1761185155.3719795,-1589.0797512726858,-1149.6097173294984,373.0325811803341,193.4481951580383,nothing
1761185155.372684,-1545.9100860841572,-1113.987170251552,384.5477331439033,242.01453598262742,nothing
1761185155.372684,-1519.0613443022594,-1095.328809372615,422.6909727919847,237.4256787369959,nothing
1761185155.3863938,-1565.7839144486934,-1142.8704176093452,377.07915293239057,201.49271996272728,nothing
1761185155.3863938,-1564.8638990595937,-1132.0508870375343,365.63505906797945,222.54835671326146,nothing
1761185155.402046,-1512.4903400801122,-1071.7973588514142,424.6731197685003,281.62007651338354,nothing
1761185155.402046,-1548.651432751678,-1123.5575742381625,408.0829235650599,222.0846091187559,nothing
1761185155.402606,-1577.7628140067682,-1154.2247538748197,366.86174625344574,198.30632520047948,nothing
1761185155.402606,-1501.4725948106498,-1053.3372126701288,422.2459246972576,291.7514654933475,nothing
1761185155.41625,-1530.4942184668034,-1100.056042916607,413.9059477960691,247.64682531589642,nothing
1761185155.41625,-1572.7550879660994,-1146.9469085610472,376.7276023365557,192.79371266579255,nothing
1761185155.4319017,-1517.0604978259653,-1074.6396828177385,400.02717906050384,278.98718694457784,nothing
1761185155.4319017,-1519.7607055939734,-1083.8173973090015,419.1193683343008,256.1027391157113,nothing
1761185155.4327738,-1568.7496551135555,-1131.052333749365,391.5974445603788,208.62844907818362,nothing
1761185155.4327738,-1570.5074080927297,-1122.7460159477778,367.16093824990094,232.7994224918075,nothing
1761185155.4463139,-1511.0654381969944,-1072.0367124485783,420.757444514893,271.290472835768,nothing
1761185155.4463139,-1534.118181523867,-1110.5801213919185,416.7482717623934,239.47514391271397,nothing
1761185155.4619706,-1574.8157728416845,-1146.8122721626423,367.81542074214667,202.8577834465541,nothing
1761185155.4619706,-1519.8093242933974,-1081.569717435632,407.1629081759602,266.997067686636,nothing
1761185155.4625936,-1532.8615751387551,-1097.4007139480673,409.58636334724724,230.40588652016595,nothing
1761185155.4625936,-1580.4480621749535,-1144.669309488032,378.52649421524256,204.48090002732351,nothing
1761185155.476219,-1540.7789433449507,-1085.4966123891063,397.12875659484416,262.71862213732675,nothing
1761185155.476219,-1515.134449348785,-1072.691194940824,433.0617153691128,274.6601226958446,nothing
1761185155.4918358,-1565.5782199511304,-1144.0522259953432,400.2553129578009,197.7079412075691,nothing
1761185155.4918358,-1564.0224215695634,-1129.0963660725392,374.1732506668195,223.2028392055072,nothing
1761185155.4927328,-1507.2843993417919,-1073.3157582334243,430.9898107936606,276.1486028782092,nothing
1761185155.4927328,-1550.2483700327575,-1124.324253729079,407.3087642742321,210.53205815562978,nothing
1761185155.5063095,-1575.49643463362,-1132.7128493296914,371.1027928031981,212.47680613258854,nothing
1761185155.5063095,-1494.763214290142,-1061.0601060786285,424.80775616690516,305.4170599314384,nothing
1761185155.5219185,-1532.453926043585,-1097.9691787413321,430.7616768963635,250.2909345845692,nothing
1761185155.5219185,-1557.0512480521575,-1123.9166046339087,395.2999455165118,223.77878379868343,nothing
1761185155.522763,-1526.7543185111135,-1089.1691941455938,398.3778831800446,252.8452862543054,nothing
1761185155.522763,-1508.1782354312018,-1070.376196868252,433.6040008626878,268.04797957418486,nothing
1761185155.5362806,-1558.7753419317305,-1144.8002059864812,382.9171367632225,204.9633471216075,nothing
1761185155.5362806,-1552.4212519070134,-1108.500737016555,382.7338816653937,252.51617505820468,nothing
1761185155.55191,-1506.6822754489258,-1068.001360396389,427.88195393048227,285.72274676477537,nothing
1761185155.55191,-1548.7898090500385,-1122.6151194493286,406.87119597941637,220.24831824051216,nothing
1761185155.552633,-1572.276380771771,-1140.3946038386784,375.97962234541774,222.529657213483,nothing
1761185155.552633,-1500.7059153197333,-1070.3836766681634,419.7177523272112,284.2342665824108,nothing
1761185155.5662615,-1518.4330411097035,-1097.9168201419525,420.5779293170199,231.14264681143686,nothing
1761185155.5662615,-1573.4320098580793,-1145.5444460776635,384.6748897423968,207.05021129688248,nothing
1761185155.5822256,-1535.673979905434,-1091.4505331185646,395.9955669082701,254.76385493157431,nothing
1761185155.5822256,-1520.994872579351,-1094.449932883028,423.9475791770965,246.67819122737274,nothing
1761185155.5826848,-1580.9043299695477,-1151.6143037057482,380.16831029579043,196.16710242582485,nothing
1761185155.5826848,-1543.4006132138893,-1102.4159197886474,401.4109420441091,260.22784876683727,nothing
1761185155.5962777,-1512.2809056825936,-1080.193434251938,413.58805629983544,259.8052400718443,nothing
1761185155.5962777,-1537.3457151856273,-1124.986216021236,405.5622309949249,217.20403967658058,nothing
1761185155.611971,-1576.7119021192193,-1158.2788054267876,362.1345127094537,205.87214281084016,nothing
1761185155.611971,-1524.106469342485,-1093.26812449703,400.7788989515975,261.0020080576651,nothing
1761185155.6127868,-1527.5172581020743,-1095.7738574673422,427.51170383486897,233.55114238290116,nothing
1761185155.6127868,-1591.3797897454351,-1160.1524953045882,364.12413948588073,176.9514964534901,nothing
1761185155.6262543,-1534.7165655167773,-1096.8920875540935,395.2700263168663,263.6610769261606,nothing
1761185155.6262543,-1519.0837837019935,-1098.3469086368568,417.1222617579624,235.96711775427684,nothing
1761185155.6419692,-1570.3204130949453,-1155.7618527566083,388.362431098707,191.47352798143402,nothing
1761185155.6419692,-1561.5952264983207,-1117.8430071058683,374.5808997619897,222.48477841401473,nothing
1761185155.6426814,-1517.8271773168817,-1082.9759198189713,417.81040334980935,256.9928353051655,nothing
1761185155.6426814,-1558.20313723851,-1124.9188978220336,406.76273888070136,206.83329709945247,nothing
1761185155.672681,-1578.4659151984379,-1144.8787438855506,361.07612102199346,184.31161956628785,nothing
1761185155.672681,-1513.1223831726238,-1074.680821717251,418.02731754723936,267.1803227844648,nothing
1761185155.6733208,-1534.0957421241328,-1100.792803207878,414.4893721891567,220.03888384299353,nothing
1761185155.6733208,-1569.5911326035857,-1149.179628834594,380.98360848613083,199.02064609201625,nothing
1761185155.6741416,-1540.5919483471662,-1106.8177820364945,390.2697800761089,240.48491690075025,nothing
1761185155.6741416,-1515.085830649361,-1091.4542730185203,436.5884410273284,250.41061138315126,nothing
1761185155.6862192,-1564.6170656625181,-1145.0769585832022,399.99351996090263,199.71626748377457,nothing
1761185155.6862192,-1561.6588047975674,-1124.021321832668,372.82314678281546,225.24856448126957,nothing
1761185155.7019653,-1505.7585201598704,-1078.697474269662,414.17522059287876,273.1791223133914,nothing
1761185155.7019653,-1559.807554319501,-1135.5701328958385,401.1566288471222,203.83763723494485,nothing
1761185155.7026525,-1577.9535489045084,-1153.944261378143,362.5496416045353,207.9739665859379,nothing
1761185155.7026525,-1511.3047917941585,-1086.0575973824598,413.9844856951386,267.80114617710933,nothing
1761185155.716175,-1533.923706726171,-1115.1951579372399,426.281276749447,224.29862989252433,nothing
1761185155.716175,-1573.3946108585224,-1163.5034456648864,377.04175393283367,191.8512578769587,nothing
1761185155.7319896,-1540.330155350268,-1104.4504253645428,390.20246187690645,251.02021507592872,nothing
1761185155.7319896,-1518.3806825103238,-1084.4905793010257,429.88280040677637,256.12143861548975,nothing
1761185155.732695,-1563.726969473064,-1150.3763968204148,398.06373158376664,197.6668023080565,nothing
1761185155.732695,-1538.8154958682135,-1115.771102530416,381.97094207443297,244.01538245892152,nothing
1761185155.7461553,-1486.4942954881117,-1064.8224454340525,434.9129658471793,268.4406690695323,nothing
1761185155.7461553,-1558.6444454332814,-1132.8886246276088,407.24518597498536,202.29305855324492,nothing
1761185155.761989,-1570.552286892198,-1143.3566046035849,370.1790375141427,198.14176960242912,nothing
1761185155.761989,-1504.1279237791896,-1067.2421607053839,423.43895278312266,275.83445128193125,nothing
1761185155.762636,-1534.3014366216958,-1100.3365354132839,426.58420864585787,241.5395686882548,nothing
1761185155.762636,-1576.8427986176684,-1162.08602358168,371.63385859690607,188.48534791683778,nothing
1761185155.7761724,-1520.706900282763,-1096.4208601596765,396.90436259750277,260.00719466945156,nothing
1761185155.7761724,-1498.7499476429075,-1072.5079398429953,432.29877577815205,255.29866062523797,nothing
1761185155.791982,-1559.0745339281857,-1131.3141267462634,409.2385526513681,212.2337126354687,nothing
1761185155.791982,-1546.0297628827393,-1102.9021067828871,381.9559824746102,247.11575952218845,nothing
1761185155.7926843,-1491.5506402282044,-1044.350233076606,426.015743852593,296.88634813250974,nothing
1761185155.7926843,-1554.7960883788764,-1119.3614064878784,405.76044569257647,220.44653293816373,nothing
1761185155.806265,-1566.681490438059,-1115.9730571280234,384.1550436485559,239.81547480868176,nothing
1761185155.806265,-1496.6967425672337,-1061.5201137731783,425.04336986411363,295.0949360537343,nothing
1761185155.821908,-1519.4540337976068,-1084.860829396639,422.84804859012365,236.25135015090927,nothing
1761185155.821908,-1572.65037076734,-1141.5801521246321,382.27387397084385,199.05430519161746,nothing
1761185155.8226514,-1520.1496551893651,-1072.8407909390517,411.1533814286813,283.2955516935326,nothing
1761185155.8226514,-1509.5694782147184,-1063.88747044513,426.8796607423574,268.19757557241246,nothing
1761185155.8362293,-1576.7231218190864,-1140.2225684407167,394.86611712165177,212.72737942961976,nothing
1761185155.8362293,-1547.275149567984,-1094.0722029875033,385.0376600380987,238.71594422170892,nothing
1761185155.8519433,-1494.1349110975862,-1061.583692072425,428.0913883280009,272.27406652411446,nothing
1761185155.8519433,-1545.1546262931079,-1118.4226915990002,410.88410863187164,209.3801689692773,nothing
1761185155.8527014,-1560.0394281167537,-1130.3492325576954,375.5083949510008,216.72159258229658,nothing
1761185155.8527014,-1514.266792559065,-1066.1650695181452,424.74043796770275,283.60970328981057,nothing
1761185155.8662848,-1522.0831834664568,-1091.72354581533,427.6052013337612,243.0953670698218,nothing
1761185155.8662848,-1576.9362961165607,-1140.1814295412041,376.16661734320223,201.90036905789748,nothing
1761185155.881934,-1532.7269387403503,-1078.6825146698393,398.4078023796901,264.5062943161465,nothing
1761185155.881934,-1507.3143185414374,-1062.185815965291,429.21709821466357,279.4210153394379,nothing
1761185155.8826327,-1553.7937951907516,-1123.755788935814,395.21392781753093,206.23491310654208,nothing
1761185155.8826327,-1544.2196513041854,-1100.6656466093846,388.0034007029608,247.5757672167383,nothing
1761185155.8963184,-1498.768647142686,-1064.5195135376416,440.2086641844362,284.2006074828096,nothing
1761185155.8963184,-1537.9665385782719,-1114.144246049691,421.84201550204307,238.7234240216203,nothing
1761185155.9125557,-1562.0440144930035,-1121.2463160655461,386.64207711908966,224.7511577871628,nothing
1761185155.9125557,-1506.2185278544202,-1061.1797828772105,420.1964595215395,290.69307380588725,nothing
1761185155.9132888,-1512.673595177941,-1080.2794519509189,449.5060554742813,262.8495186357759,nothing
1761185155.9132888,-1569.1610441086814,-1150.036065924447,382.4421694688499,196.9637011163868,nothing
1761185155.9140325,-1517.619612869341,-1071.1297867093235,404.3149743597023,277.94001495698467,nothing
1761185155.9263873,-1500.3674543737434,-1062.9618452060968,431.5227465373464,274.1814155015163,nothing
1761185155.9263873,-1555.2392665236257,-1140.1047615921125,391.00467041740194,199.84342408226803,nothing
1761185155.9412253,-1545.971794433426,-1100.1439305655658,388.4241394479759,243.88822586042807,nothing
1761185155.9412253,-1499.5596359833144,-1069.809602024965,426.20460880035535,269.90296995220706,nothing
1761185155.9569228,-1532.9158036881126,-1108.6035842653364,423.12293123686686,220.7120658350177,nothing
1761185155.9569228,-1580.2442376273684,-1144.2186515433714,370.1659478642978,197.1170370145701,nothing
1761185155.9579127,-1498.1272543002851,-1059.255604350008,416.7426619124599,294.05898376600817,nothing
1761185155.9579127,-1525.9072311711498,-1088.0042153093964,426.53745989641175,247.9123582127504,nothing
1761185155.971248,-1576.7549109687097,-1136.5069778347388,367.8883487912826,205.62904931372032,nothing
1761185155.971248,-1514.6202131048776,-1082.098913279362,418.98286198591813,276.8591838697903,nothing
1761185155.9868865,-1510.4240453545935,-1060.8076628316194,433.57969151297584,264.958822210785,nothing
1761185155.9868865,-1561.5746570485644,-1121.3529032142833,409.19554380187765,221.7891570222564,nothing
1761185155.987676,-1536.9100168407895,-1080.6366123966873,394.0564287812449,256.7647014078684,nothing
1761185155.987676,-1488.3062770166434,-1039.4191749850288,446.69926055753604,292.46952628483996,nothing
1761185156.001298,-1556.959620503243,-1131.0242844996974,410.08190009137616,210.61807585461065,nothing
1761185156.001298,-1546.5963577260263,-1102.8590979333967,400.81442800117657,239.93141170730814,nothing
1761185156.0168743,-1506.5607287003659,-1067.8386747483164,416.4434699160047,282.94774099765345,nothing
1761185156.0168743,-1510.0537952589802,-1078.4899098221213,437.1213767710142,259.483608675655,nothing
1761185156.017645,-1576.0218905773945,-1157.042768491432,373.76373162167147,186.27506704302505,nothing
1761185156.017645,-1521.6512250215746,-1068.1902253441513,394.7146511734463,262.01552094565704,nothing
1761185156.0312383,-1518.0684008640237,-1079.697897507809,431.6686026356183,257.2097495025955,nothing
1761185156.0312383,-1575.341228785459,-1151.2833225596696,384.310249496717,176.97019595326856,nothing
1761185156.0469089,-1552.9392280508764,-1110.0995442476124,382.69835261581466,235.6903651575558,nothing
1761185156.0469089,-1509.6910249632783,-1078.5086093218997,431.98275423189625,259.1133585800417,nothing
1761185156.0476189,-1564.039251119364,-1141.4698250759393,399.2474099197425,187.13150413287804,nothing
1761185156.0476189,-1572.6896397168748,-1122.0373049061745,373.3486027265899,212.83209662837908,nothing
1761185156.0612109,-1524.6581045859493,-1072.7566431900486,408.45130371069536,263.403023829218,nothing
1761185156.0612109,-1528.3680853419937,-1119.812064432539,411.08419327950105,218.17641366505995,nothing
1761185156.0769262,-1574.002344601322,-1153.6319797318429,367.5180986956693,182.08263919269666,nothing
1761185156.0769262,-1526.3821984655224,-1096.2394750118256,397.52331604016945,240.8701265961863,nothing
1761185156.0776663,-1521.1313789277337,-1103.782853222452,410.2913344888948,233.86155407922342,nothing
1761185156.0776663,-1584.6498397751711,-1160.0795672554523,374.4967520129867,169.23234294494614,nothing
1761185156.091369,-1556.0620445138775,-1126.3269701553509,374.2686181156896,227.55234285397455,nothing
1761185156.091369,-1508.3035220797174,-1090.7904407763854,419.1735968836583,254.52450133441016,nothing
1761185156.106958,-1558.9305477798916,-1148.4896172927693,397.8449474363588,190.82652528909966,nothing
1761185156.106958,-1564.9742261082865,-1145.9053464233875,370.21456656372175,198.9645475926809,nothing
1761185156.107698,-1501.265030363109,-1075.7410833546892,428.620584171731,279.4210153394379,nothing
1761185156.107698,-1535.817966053728,-1116.0272856773809,418.212442595046,210.08701006090268,nothing
1761185156.1213176,-1573.807869803626,-1141.2342113787308,387.99779085302725,207.39428209280595,left_blink
1761185156.1213176,-1539.266153812874,-1097.6868162946776,385.51823718240485,242.78495537349954,left_blink
1761185156.1368783,-1506.643006499391,-1083.1984438663349,427.4499954856001,239.46018431289122,left_blink
1761185156.1368783,-1562.4497936381958,-1152.0612217504531,398.26007633144036,195.5163598335348,left_blink
1761185156.137579,-1560.8902553566732,-1119.2136804396287,381.4679255303927,221.73679842287675,left_blink
1761185156.137579,-1509.5115097654052,-1073.8711333768442,437.75715976348147,279.5855709374882,left_blink
1761185156.151216,-1557.7300398941152,-1143.2275780551136,410.52694818610325,198.60925709689036,left_blink
1761185156.151216,-1566.668400788214,-1128.3315565316007,384.2279716976918,226.00028437236324,left_blink
1761185156.1669376,-1523.4575967001729,-1081.784761683084,402.0972136859782,263.6909961258061,left_blink
1761185156.1669376,-1534.4117636703886,-1109.246847057715,415.90492432238534,225.51035747816786,left_blink
1761185156.167697,-1571.1039221356623,-1146.212018219754,381.2023926335387,193.30607895972207,left_blink
1761185156.167697,-1523.7418290968053,-1092.2452618591487,392.3136354018934,244.38563255453482,left_blink
1761185156.1978168,-1500.3674543737434,-1073.6392595795915,441.164208623115,281.9753670091741,left_blink
1761185156.1978168,-1562.2852380401455,-1148.4297788934782,381.4118270310573,203.66186193702742,left_blink
1761185156.1984067,-1540.5003207982518,-1101.3032995518297,392.25753690255806,262.8083797362633,left_blink
1761185156.1984067,-1511.9723639362492,-1075.6326262559742,422.771380641032,256.4281104118563,left_blink
1761185156.1991353,-1529.2544416314922,-1108.7195211639628,413.7432621479966,232.91909929038957,left_blink
1761185156.1991353,-1575.7787970802747,-1143.1116411564872,378.2067327690311,192.11679077381268,left_blink
1761185156.21131,-1505.0460692183115,-1066.372633965686,425.7670405055396,280.7898187232204,left_blink
1761185156.21131,-1530.522267716471,-1099.6614834712818,419.7719808765687,225.66743327630684,left_blink
1761185156.2269726,-1574.5221906951629,-1133.7244922677055,379.859768549446,201.82557105878368,left_blink
1761185156.2269726,-1540.5713788974099,-1087.45445001591,396.9099724474363,249.37839899538085,left_blink
1761185156.2277184,-1506.7963423975743,-1075.3857928588986,445.4501339723356,266.6305574909784,left_blink
1761185156.2277184,-1567.9137874734588,-1133.657174068503,382.7918501147069,190.08228519791737,left_blink
1761185156.2413,-1549.5770579907112,-1107.8069855747744,380.3796146432869,234.78904926823452,left_blink
1761185156.2413,-1494.148000747431,-1056.577835981734,455.6525810514577,289.417767920997,left_blink
1761185156.256942,-1555.6506555187516,-1138.3544884128496,418.586432590615,202.53241215040907,left_blink
1761185156.256942,-1573.1197282117791,-1136.3162429369986,381.44174623070285,205.02318552089855,left_blink
1761185156.2576585,-1511.287962244358,-1067.2328109554946,430.79720594594255,280.9655940211378,left_blink
1761185156.2576585,-1554.2369733355008,-1119.8158043324947,422.1916961479001,215.5659634959884,left_blink
1761185156.2712605,-1587.267769744154,-1157.308301388286,384.635620792862,185.9571755467914,left_blink
1761185156.2712605,-1534.4716020696796,-1095.8168663168326,399.77847571345046,262.9916348340921,left_blink
1761185156.2869928,-1513.228970321361,-1093.1727570481598,419.00904128560796,244.53148865280673,left_blink
1761185156.2869928,-1578.6547801462002,-1150.9242921639234,387.07029566401616,184.3303190660663,left_blink
1761185156.2878044,-1549.9697474860586,-1119.2361198393628,382.48517831834033,239.32928781444207,left_blink
1761185156.2878044,-1512.2827756325714,-1076.8967124409974,430.3371982513927,267.7039087782614,left_blink
1761185156.301428,-1567.2667847811244,-1137.5728493221104,393.25609019072726,196.3353979238309,left_blink
1761185156.301428,-1580.2517174272798,-1156.429424898699,355.5279794377275,194.3308115475811,left_blink
1761185156.3170488,-1506.9795974954031,-1072.618266891688,419.9664556742646,283.7892184876837,left_blink
1761185156.3170488,-1551.0206593736075,-1127.905207936652,405.3247473477386,198.4783605984412,left_blink
1761185156.3177092,-1585.857827460859,-1152.2033379487693,380.55912984116003,186.3685645419173,left_blink
1761185156.3177092,-1540.78829309484,-1094.01423453819,394.4640778764151,244.66986495116726,left_blink
1761185156.3313577,-1528.0539337457158,-1090.8054003762081,424.218721923884,238.07642132928595,left_blink
1761185156.3313577,-1583.1127408933826,-1163.9129647100344,386.15402017487213,184.6220312626101,left_blink
1761185156.3470376,-1571.8107632272877,-1136.0394903402776,369.4815461724065,212.27859143493697,left_blink
1761185156.3470376,-1510.1809518574737,-1077.9588440284133,425.9353360035457,261.79112694831565,left_blink
1761185156.3477037,-1555.923668215517,-1141.4025068767369,395.82540146028623,186.39474384160712,left_blink
1761185156.3477037,-1561.1744877533056,-1136.020790840499,373.9395069195889,218.44568646186963,left_blink
1761185156.3613048,-1525.8025139723904,-1079.7577359071001,411.8845318700187,253.62692534504458,left_blink
1761185156.3613048,-1527.377011853736,-1098.561952884309,431.58258493663743,230.31986882118508,left_blink
1761185156.3769052,-1586.1906785569154,-1168.3148269578815,367.70135379349813,166.5470947767608,left_blink
1761185156.3769052,-1521.9952958174981,-1086.1380052315071,401.33427409501746,263.01033433387056,left_blink
1761185156.3776383,-1527.784660948906,-1099.309932875447,422.52828714391217,233.4651246839203,left_blink
1761185156.3776383,-1571.698566228617,-1135.4822452468798,391.29264271399006,190.4749746932648,left_blink
1761185156.391214,-1567.2555650812574,-1125.6276088636369,369.35812947386876,218.73739865841344,left_blink
1761185156.391214,-1500.588108471129,-1054.0309641119093,450.7607919094153,292.36106918612495,left_blink
1761185156.4069693,-1563.665261123795,-1135.1867931503803,403.9409843641333,190.8078257893212,left_blink
1761185156.4069693,-1561.5222984491847,-1124.1952271806076,379.69895285135135,210.7452324531041,left_blink
1761185156.4076407,-1501.3996667615138,-1070.2471703197807,423.0294337379746,279.83614423451945,left_blink
1761185156.4076407,-1532.7512480900623,-1108.5287862662226,425.6249243072234,226.44159256713465,left_blink
1761185156.4212985,-1580.8987201196142,-1150.157612673007,375.4840856012888,187.771027025301,left_blink
1761185156.4212985,-1519.6279391455464,-1072.1283399974927,396.3489874540828,268.2162750721909,left_blink
1761185156.4368865,-1523.9101245948114,-1089.238382294774,422.928456439171,243.1664251689799,left_blink
1761185156.4368865,-1582.2002053041942,-1146.369094017893,396.23305055545643,184.767887360882,left_blink
1761185156.4377263,-1549.9847070858814,-1105.9370355969295,373.8609690205194,226.7968830629252,left_blink
1761185156.4377263,-1506.7103246985935,-1063.2647771025077,437.73472036374733,279.069464743603,left_blink
1761185156.451291,-1552.1463692602701,-1126.0053387591615,397.29518214287236,202.4089954518713,left_blink
1761185156.451291,-1564.6413750122301,-1117.4821067601442,373.99186551896855,227.26063065743074,left_blink
1761185156.4668963,-1521.1089395279996,-1074.9257851643488,407.1460786261596,268.49302766891196,left_blink
1761185156.4668963,-1526.4794358643703,-1108.6222837651148,417.4719424038194,218.2699111639522,left_blink
1761185156.467605,-1563.160374629777,-1136.9595057293773,387.9903110531159,200.61010357318446,left_blink
1761185156.467605,-1526.954403158743,-1071.088647809811,405.0629543508403,265.658183502499,left_blink
1761185156.4812803,-1524.3327332898043,-1096.9313565036282,427.82772538112476,236.2027314514853,left_blink
1761185156.4812803,-1562.5470310370438,-1140.7405445845798,394.6959516736679,207.3793224929832,left_blink
1761185156.4970841,-1549.6481160898693,-1103.132110630162,389.0187835409306,235.67166565777734,left_blink
1761185156.4970841,-1498.0000977017917,-1051.779544338584,444.1823078873567,295.5250245486386,left_blink
1761185156.4976435,-1561.4026216506027,-1138.5938420100138,410.15295819053426,203.61324323760346,left_blink
1761185156.4976435,-1553.6572888423689,-1123.9334341837093,390.2379909264855,232.38055369677022,left_blink
1761185156.511242,-1498.901413591113,-1067.0158967580646,425.8119193050079,287.02049204939976,left_blink
1761185156.511242,-1536.132117650006,-1110.4922337429598,428.7028619707562,231.95046520186588,left_blink
1761185156.5270004,-1569.9819521489553,-1140.9761582817882,391.95834490610287,209.81399736413732,left_blink
1761185156.5270004,-1510.670878751669,-1073.7551964782178,404.8871790529229,275.72599418321624,left_blink
1761185156.5276043,-1513.5618214174174,-1083.0825069677085,442.936921202112,256.2411154140718,left_blink
1761185156.5276043,-1564.2973042163067,-1136.3648616364226,406.4766365340911,220.07254294259474,left_blink
1761185156.5412164,-1545.358450840693,-1111.4234688319266,386.59906826959923,243.34968026680872,left_blink
1761185156.5412164,-1506.7739029978402,-1067.4871241524816,430.17264265334234,274.6339433961548,left_blink
1761185156.556892,-1545.8932565343566,-1132.80073697865,412.19120366638526,214.6796072064899,left_blink
1761185156.556892,-1563.1491549299099,-1143.0630224570632,377.32785627944395,222.39876071503386,left_blink
1761185156.5577776,-1504.7281777220778,-1067.733957549557,419.82433947594836,283.39652899233624,left_blink
1761185156.5577776,-1532.6166116916575,-1119.0117258420214,430.9692413439043,238.66358562232926,left_blink
1761185156.5712042,-1580.5583892236464,-1146.8141421126202,370.7157131577842,191.76524017797783,left_blink
1761185156.5712042,-1515.6486855926923,-1074.2451233724132,416.63794471370056,286.46324695600197,left_blink
1761185156.5869153,-1506.5008903010748,-1084.668224548921,437.2672328692861,254.92467062966898,left_blink
1761185156.5869153,-1555.01861242624,-1151.8517873529345,396.07597475731745,200.3782297759317,left_blink
1761185156.587618,-1553.3393973461352,-1116.1245230762288,380.9106804369949,224.15277379425243,left_blink
1761185156.587618,-1507.6864385870285,-1075.067901362665,428.9571751677431,270.4527352456935,left_blink
1761185156.601284,-1554.270632435102,-1129.3936881190166,397.11192704504356,211.83728324016556,left_blink
1761185156.601284,-1593.3002283726819,-1166.1269854838029,352.16954927751794,180.1453710156493,left_blink
1761185156.616912,-1483.208793377038,-1036.2514797225595,446.72917975718156,303.5059710540809,left_blink
1761185156.616912,-1545.6426832373254,-1139.689632697031,415.2467019301839,202.53989195032045,left_blink
1761185156.6176147,-1566.320590092335,-1128.9112410247326,373.36356232641265,208.46389348013327,left_blink
1761185156.6176147,-1516.1573119866662,-1086.7102099247277,401.2519962959923,268.5192069686018,left_blink
1761185156.6312263,-1487.0795898311771,-1064.756997184828,450.1511882166378,283.62092298967764,left_blink
1761185156.6312263,-1573.351602009032,-1149.4358119815588,386.51679047057405,187.63265072694048,left_blink
1761185156.6469417,-1547.0563654205762,-1107.6087708771229,374.9717193073593,242.66527857491747,left_blink
1761185156.6469417,-1494.9408595380373,-1049.221452768892,441.42600162001327,294.4815924610011,left_blink
1761185156.6476376,-1569.4209671556018,-1143.788563048467,392.2051783031784,193.24998046038672,left_blink
1761185156.6476376,-1565.8792818975635,-1128.6606677277014,381.21735223336145,217.1591608771123,left_blink
1761185156.661195,-1484.8543493575417,-1040.7019606698304,436.5903109773062,301.0413769832812,left_blink
1761185156.661195,-1536.4612288461067,-1103.8613911215216,415.89744452247396,243.83212736109272,left_blink
1761185156.6769147,-1563.4820060259663,-1143.620267550461,379.5979755525477,210.6779142539017,left_blink
1761185156.6769147,-1514.481836806517,-1074.1067470740527,408.9487104048021,275.5651784851216,left_blink
1761185156.677644,-1498.3965270970948,-1053.1595674222335,444.32068418571725,282.1922812066041,left_blink
1761185156.677644,-1588.9843838238157,-1155.0157427154481,373.5019386247732,176.08009976381436,left_blink
1761185156.6912577,-1544.2290010540746,-1114.819297991693,372.7502187336795,232.29079609783366,left_blink
1761185156.6912577,-1484.0128718675114,-1053.0249310238287,439.75800623977557,292.76123848138377,left_blink
1761185156.706874,-1536.0535797509365,-1110.0023068487644,421.64941065432504,228.39382034400478,left_blink
1761185156.706874,-1569.9520329493098,-1137.9730186173692,361.58661736594513,201.35060376441106,left_blink
1761185156.707598,-1516.437804483343,-1092.4546962566674,402.6095799799077,258.4775755875744,left_blink
1761185156.707598,-1516.2508094855584,-1083.377959064208,436.8633236740716,264.259460919071,left_blink
1761185156.7214336,-1559.5251918728463,-1129.4385669184849,380.58530914084986,229.85986112663522,left_blink
1761185156.7214336,-1535.3205593596213,-1099.4333495739847,385.33872198453173,249.13156559830531,left_blink
1761185156.7369635,-1526.651471262332,-1094.5266008321196,414.1322117433883,238.63366642268375,left_blink
1761185156.7369635,-1577.3944338611327,-1156.6276395963505,377.3166365795769,195.8492109295912,left_blink
1761185156.737612,-1513.928331613075,-1063.1862392034382,402.63201937964186,293.9393069674261,left_blink
1761185156.737612,-1499.9037067792378,-1063.283476602286,429.4845010614954,287.20748704718426,left_blink
1761185156.751294,-1558.167608188931,-1130.4595596063882,402.7554360781796,208.44519398035482,left_blink
1761185156.751294,-1547.310678617563,-1117.1193364644423,381.6175215286203,248.652858403977,left_blink
1761185156.7833169,-1484.2297860649414,-1045.5974897118285,435.1429696944542,314.08240812877193,left_blink
1761185156.7833169,-1531.5170811046846,-1105.8846769975498,412.5913729616441,225.72727167559788,left_blink
1761185156.7839992,-1582.1366270049475,-1149.7312640780583,362.7385065522976,205.16156181925908,left_blink
1761185156.7839992,-1510.1472927578725,-1061.1592134274542,422.35625174595043,304.2651707450859,left_blink
1761185156.784826,-1519.7214366444387,-1077.8616066295654,434.2715730047785,264.45767561672255,left_blink
1761185156.784826,-1578.5575427473523,-1141.701698873192,381.51654422981665,193.58657145639881,left_blink
1761185156.7855337,-1512.5595282292925,-1070.871733612381,399.96921061119065,275.8194916821085,left_blink
1761185156.7855337,-1504.5711019239388,-1076.4404446464032,422.24405474727973,268.83709846483544,left_blink
1761185156.796273,-1541.2557805893011,-1124.6888939747587,406.64493203209713,220.87288153311238,left_blink
1761185156.796273,-1555.946107615251,-1127.9987054355443,373.10176932951435,223.92089999699965,left_blink
1761185156.8111467,-1499.0285701896064,-1071.810448501259,413.7769212475978,276.67966867191717,left_blink
1761185156.8111467,-1518.7976813553832,-1099.3361121751368,436.09664418315515,241.7976217851974,left_blink
1761185156.8269217,-1575.1430140878074,-1150.3782667703927,380.07294284692034,203.7403998360969,left_blink
1761185156.8269217,-1494.1330411476083,-1058.5375435585156,424.4879947206937,307.7283181040548,left_blink
1761185156.827752,-1522.1598514155485,-1089.9003445869312,430.1876022531651,244.38563255453482,left_blink
1761185156.827752,-1585.0275696706958,-1157.1661851899698,384.81513599073514,188.67608281457797,left_blink
1761185156.8412848,-1515.3195743965916,-1087.5965662142262,409.60693279700354,286.79609805205837,left_blink
1761185156.8412848,-1512.8699399256147,-1077.382899435237,431.05899894284084,274.1066175024025,left_blink
1761185156.8569345,-1557.8347570928745,-1140.086062092334,409.9958823923953,215.7118195942603,left_blink
1761185156.8569345,-1559.0277851787396,-1131.4094941951334,382.54501671763137,214.28691771114245,left_blink
1761185156.8577116,-1499.215565187391,-1098.3188593871891,422.1355976485647,277.7492800592445,left_blink
1761185156.8577116,-1527.2274158555083,-1113.794565403834,427.19568228861317,230.06929552415386,left_blink
1761185156.8712976,-1568.489732066635,-1146.3129955185577,383.5809690053575,209.4138280688785,left_blink
1761185156.8712976,-1516.280728685204,-1097.5933187957853,399.41196551779285,257.6286182976328,left_blink
1761185156.8869448,-1513.4421446188353,-1131.6039689928293,443.35578999714926,228.59951484156772,left_blink
1761185156.8869448,-1512.8587202257477,-1211.641567944549,422.02340064989403,222.31648291600868,left_blink
1761185156.8876648,-1487.0795898311771,-1206.394488306716,416.1367981196381,235.28645596234128,left_blink
1761185156.8876648,-1495.3111096336506,-1123.6267623873428,442.1478023114614,244.7297033504583,left_blink
1761185156.901314,-1524.2803746904247,-1200.2984513789415,432.4390220264904,207.65981498965994,left_blink
1761185156.901314,-1566.1485546943732,-1123.8212371850386,380.3197762439959,183.27566727856174,left_blink
1761185156.9176526,-1477.7410596418194,-1094.2648078352213,426.4439623975195,241.59566718759015,left_blink
1761185156.9176526,-1414.0243840967305,-1402.6419985815883,455.2823309558444,183.79177347244695,left_blink
1761185156.9183593,-1414.3497553928755,-1206.4356272062287,425.42670960957184,193.46315475786105,left_blink
1761185156.9183593,-1443.2367426506244,-1274.718720597215,453.128148581367,237.37332013761625,left_blink
1761185156.9191296,-1489.336619454436,-1182.1337572941557,469.21719819074497,253.42871064739302,left_blink
1761185156.9312687,-1477.578373993747,-1233.531202385202,418.7397684887983,155.63406670605764,left_blink
1761185156.9312687,-1428.3799900766462,-1190.6121104937047,425.2284949119203,202.786725347396,left_blink
1761185156.9463773,-1375.774557299912,-1104.616850912571,453.88360837241635,192.58053836831823,left_blink
1761185156.9463773,-1331.1276316288859,-1292.8908944819123,470.0960746803321,139.42908019805327,left_blink
1761185156.9619763,-1339.2955731321126,-1236.5904405489564,433.79286581045017,135.11323564918712,left_blink
1761185156.9619763,-1272.9048691187054,-1200.0366583820432,468.0914883040823,190.35903779463843,left_blink
1761185156.9626384,-1265.7055617040023,-1127.9949655355886,461.4569057826884,151.17984585883096,left_blink
1761185156.9626384,-1247.6044459184632,-1230.034395926632,411.7050166721456,76.44916494423524,left_blink
1761185156.9763603,-1140.665746585466,-1198.869809595868,466.6778061208315,187.55785272782668,left_blink
1761185156.9763603,-1168.8421528516337,-1160.9098250456154,460.3573751957156,116.91488246480003,left_blink
1761185156.9919653,-1206.8844152009115,-1157.0764275910333,429.68271575914696,80.32744119828567,left_blink
1761185156.9919653,-1182.732141287066,-1146.3840536177158,402.1757515850477,105.3286724020727,left_blink
1761185156.9926267,-1107.896743173711,-1126.132495357655,459.67671340378,134.03614446194842,left_blink
1761185156.9926267,-1155.9282783046365,-1108.4614680670202,425.3631313103251,70.47280481504276,left_blink
1761185157.0062227,-1145.6996519258246,-1167.5257080672309,389.9126196303405,62.96682560397312,left_blink
1761185157.0062227,-1104.7627070108429,-1101.03402675502,429.39100356260315,111.73138112621382,left_blink
1761185157.0219028,-1080.7039305958897,-1176.329432562925,431.72470113495365,59.40644084615633,left_blink
1761185157.0219028,-1173.8835379919037,-1109.5946577535942,375.7196992984973,27.13484412850812,left_blink
1761185157.022723,-1119.5577512355521,-1029.3027456048876,393.18503209156916,89.06758739473298,left_blink
1761185157.022723,-1107.6536496765912,-1054.322676308453,415.4000378283672,65.94378596870229,left_blink
1761185157.0364687,-1139.5998750980943,-1104.8038459103554,390.1631929273717,29.068372405599803,left_blink
1761185157.0364687,-1096.2058159122244,-1121.1434688167647,360.9321348736994,54.39871480548754,left_blink
1761185157.0519292,-1106.4942806903273,-988.9716644827276,405.27238874835894,92.49333575414494,left_blink
1761185157.0519292,-1140.1870393911377,-1136.7313718320802,398.1366596329026,30.568072287831455,left_blink
1761185157.052653,-1161.3174741407856,-1039.680967981927,357.8167982106097,42.89478254178539,left_blink
1761185157.052653,-1104.8524646097794,-989.3606140781194,388.81682894332334,90.75428227474913,left_blink
1761185157.0662584,-1163.7222298122942,-1038.596396994777,382.3430621200241,49.376029164996,left_blink
1761185157.0662584,-1171.5834995191544,-1107.2721798811108,348.8485181168653,10.948557120282203,left_blink
1761185157.0819228,-1119.8943422315642,-1083.1760044666007,377.339075979311,82.11511337710544,left_blink
1761185157.0819228,-1168.150271359831,-983.8854005429894,407.0264018275775,81.4643707848154,left_blink
1761185157.0826032,-1223.4446922047064,-1037.1827148115262,366.9047551029362,37.815998401958495,left_blink
1761185157.0826032,-1179.7477011224255,-1047.7479321863502,356.39937612740323,70.22971131792292,left_blink
1761185157.0962355,-1109.57221835386,-986.8474013078958,423.0256938380189,127.76433223625645,left_blink
1761185157.0962355,-1220.3218757417053,-1026.1537498421967,378.46852576592937,56.20134658413008,left_blink
1761185157.11196,-1212.6289015328512,-1049.0830764705315,356.36197712784633,55.39726809365675,left_blink
1761185157.11196,-1148.770109789446,-984.360367837362,411.0991528793238,146.63212751271203,left_blink
1761185157.112692,-1170.5587669312954,-996.5973204923794,400.2871021074243,86.34494022699073,left_blink
1761185157.112692,-1232.5625682966784,-1062.9132265066728,362.39817565632984,36.74264711467549,left_blink
1761185157.1262748,-1177.8216526452452,-966.3377899508923,393.1289335922338,131.8258635881357,left_blink
1761185157.1262748,-1193.828424455598,-979.7864701915532,401.6147665916942,75.03922266094014,left_blink
1761185157.1419616,-1245.4390438441187,-1044.4156813258305,368.0790836890228,32.550219264347106,left_blink
1761185157.1419616,-1207.1050692982972,-1031.4980668788776,363.8305573393591,86.96576361963525,left_blink
1761185157.1426897,-1183.300606080331,-990.6471396628767,403.23414327250794,113.63499020365998,left_blink
1761185157.1426897,-1242.4583435794339,-1024.306239264086,373.7188528222032,64.01773749152198,left_blink
1761185157.1562116,-1281.8918487122282,-1038.5028994958848,346.65319684287533,60.08710263809189,left_blink
1761185157.1562116,-1204.8686091247946,-972.9312335727736,407.56120752124116,129.76891861250624,left_blink
1761185157.171898,-1250.368231985718,-1003.7554890075698,385.5743356817402,63.34829539945349,left_blink
1761185157.171898,-1284.0198517870158,-1044.3708025263622,350.7109882947989,49.44334736419842,left_blink
1761185157.1726007,-1228.7852693414316,-992.2178976442665,395.3616538657807,146.11228141887113,left_blink
1761185157.1726007,-1238.4977895263582,-1019.4368895217776,394.3631005776115,98.7314888802357,left_blink
1761185157.1862903,-1295.9763119453564,-1050.1564277578145,361.0405919724144,66.59452856099233,left_blink
1761185157.1862903,-1303.2354577593505,-992.6517260391265,350.2322811004706,88.25602910434827,left_blink
1761185157.2019174,-1260.993287759833,-952.2121878182516,408.5560209094547,144.9416927327402,left_blink
1761185157.2019174,-1310.5432222727686,-1029.1606294065714,379.1716269575991,76.56510184286162,left_blink
1761185157.2027037,-1307.9439918035641,-1022.0809987904504,343.219968683552,91.58454006491229,left_blink
1761185157.2027037,-1270.582391246222,-980.0071242889389,387.21615176228806,136.85602902853861,left_blink
1761185157.216244,-1309.0846612900496,-1019.2461546240374,382.3505419199355,96.44267010735348,left_blink
1761185157.216244,-1368.3957346873358,-1008.9015913465992,354.49576704995707,87.21633691666648,left_blink
1761185157.2319455,-1323.2401826223359,-973.2566048689187,378.66674046358094,149.8708808743395,left_blink
1761185157.2319455,-1308.5311560966074,-982.6549734575674,403.8063479657285,131.94928028667346,left_blink
1761185157.2326376,-1367.6851536957547,-1018.2438614359125,356.6424696245231,100.50046155927703,left_blink
1761185157.2326376,-1349.830871307291,-996.9787902878597,357.270772817079,142.07692936668172,left_blink
1761185157.2462733,-1311.250063364394,-948.7490404592827,400.41051880596206,161.93579813139513,left_blink
1761185157.2462733,-1359.9959193868563,-1039.729586681351,383.55104980571195,128.20190053107217,left_blink
1761185157.2619152,-1412.9529027594253,-1010.0908795325086,345.9239163515158,115.80787207791582,left_blink
1761185157.2619152,-1342.137897098437,-939.350671870634,389.0898416400887,197.06093851523474,left_blink
1761185157.262609,-1380.707485341467,-981.7162585686892,384.70667889202014,162.19759112829342,left_blink
1761185157.262609,-1420.4514021705836,-1041.274165363051,348.3997301221825,127.68579433718696,left_blink
1761185157.2762809,-1361.5292783686891,-941.2580208480358,371.73670584568754,217.59298927197233,left_blink
1761185157.2762809,-1405.345946249552,-930.6815837733448,372.40240803780034,164.81926099723205,left_blink
1761185157.2918825,-1452.2218522941694,-986.0096637178212,345.4003303577192,146.84530181018636,left_blink
1761185157.2918825,-1420.5523794693872,-942.4024302344769,348.65404331916943,195.47148103406653,left_blink
1761185157.2926054,-1380.127800848335,-945.3644309993833,386.18393937451765,221.56102312495932,left_blink
1761185157.2926054,-1474.1713251341134,-983.8106025438756,358.512419602368,167.4708500658162,left_blink
1761185157.3062165,-1475.9178584134206,-977.6622070167214,335.7252091723494,187.89818362379447,left_blink
1761185157.3062165,-1418.5253536934033,-909.2893560267985,384.69919909210876,263.79197342460975,left_blink
1761185157.321914,-1462.3345417743549,-961.8536499040201,382.4216000190936,197.53590580960736,left_blink
1761185157.321914,-1496.681782967411,-987.2475706031546,340.8937509111129,178.44371653581038,left_blink
1761185157.3226385,-1456.4292397443205,-924.7014837441966,364.5934969303198,240.03238900611177,left_blink
1761185157.3226385,-1450.030270920135,-916.3689866429195,384.96099208900705,235.70532475737855,left_blink
1761185157.3362093,-1510.7625063005835,-984.1135344402865,351.8815769809298,174.0979527872987,left_blink
1761185157.3362093,-1509.6255767140538,-959.5498715313151,331.2223696256988,210.55449755536392,left_blink
1761185157.351942,-1450.2210058178753,-885.6494484068826,394.2097646794282,277.98115385649726,left_blink
1761185157.351942,-1528.714026087895,-977.4752120189369,341.929703198839,174.77861457923427,left_blink
1761185157.3526893,-1505.040459368378,-937.686416390352,328.7652553548105,225.06530938344076,left_blink
1761185157.3526893,-1467.6564194113016,-901.3046696214005,379.7139124511741,263.30952633032575,left_blink
1761185157.36627,-1515.6019368432462,-945.0876784026623,362.2934584575705,203.13453604327515,left_blink
1761185157.36627,-1528.5419906899333,-959.5349119314924,341.67912990180776,203.47860683919862,left_blink
1761185157.3821635,-1505.545345862396,-935.1732036201283,348.54184632049873,243.01682917075232,left_blink
1761185157.3821635,-1509.2179276188836,-922.4912028703839,374.5640702121891,235.59686765866354,left_blink
1761185157.3826444,-1560.7687086081132,-987.0082170059904,323.8435470131226,190.56847219215706,left_blink
1761185157.3826444,-1548.0792280584574,-958.7083940412849,317.47823728853837,223.44219280267134,left_blink
1761185157.3962967,-1503.290186189115,-899.7226919401437,382.6796531160362,272.7116348189302,left_blink
1761185157.3962967,-1560.447077211924,-983.6497868457809,358.6246166010387,173.18541719811037,left_blink
1761185157.4283583,-1567.9792357226834,-957.8108180519193,338.2982603418641,208.90146177494898,left_blink
1761185157.4283583,-1507.9164424343035,-919.0168358115479,359.1108035952784,246.41265833051875,left_blink
1761185157.4290166,-1536.552856395021,-951.5988442255184,361.9232083619572,229.13432053523138,left_blink
1761185157.4290166,-1566.296280742623,-980.0819222880527,330.0929198390804,189.4016234059818,left_blink
1761185157.4298549,-1519.8168040933087,-926.5976130217314,347.0271868384443,247.67300461558625,left_blink
1761185157.4298549,-1502.6170041970909,-924.7538423435763,386.9094799659215,238.835621020291,left_blink
1761185157.4304063,-1565.0508940573782,-969.5765433125198,357.8467174102552,188.97153491107747,left_blink
1761185157.4304063,-1546.418712478131,-936.7738808011636,333.60842579742894,241.18053829250857,left_blink
1761185157.4412625,-1495.862744877115,-902.9016069024801,396.5060632522218,277.86521695787087,left_blink
1761185157.4412625,-1572.3885777704418,-973.963445960544,359.1070636953227,200.01171958027408,left_blink
1761185157.4562922,-1566.8198667364195,-970.6386748999357,322.3662865306251,223.2028392055072,left_blink
1761185157.4562922,-1549.324614743702,-927.6896638087928,366.57564390683547,261.83226584782824,left_blink
1761185157.4719613,-1563.4165577767417,-948.4348888630047,376.24702519224957,218.4980450612493,left_blink
1761185157.4719613,-1612.4242067961022,-996.4963431935757,324.6251861038618,184.50235446402803,left_blink
1761185157.472715,-1549.4667309420183,-948.7191212596372,345.4452091571875,260.5420003631152,left_blink
1761185157.472715,-1556.127492763102,-951.0789981316775,359.0397454961203,233.58106158254668,left_blink
1761185157.486313,-1610.0418905243278,-1011.942130010575,309.07468208810315,167.78500166209415,left_blink
1761185157.486313,-1559.6168194217607,-972.4936652779579,327.5385681693442,234.56839517084882,left_blink
1761185157.501989,-1529.3572888802737,-948.8500177580863,376.8977677845396,253.60074604535475,left_blink
1761185157.501989,-1604.0879697948694,-1013.6475243903697,331.6187990210019,179.4347900240682,left_blink
1761185157.50271,-1583.6007978376,-992.3974128421396,318.70492447400466,211.03320474969223,left_blink
1761185157.50271,-1550.592440828681,-950.6339500369504,367.5592375951819,251.48770257038996,left_blink
1761185157.5162172,-1569.3442992065102,-990.9201523596421,356.76962622301653,230.51060371892527,left_blink
1761185157.5162172,-1619.7170117096975,-1018.7524878298864,313.65979943377897,211.55679074348882,left_blink
1761185157.5319552,-1584.4086162280291,-967.1605679411441,335.07820648001507,260.725255460944,left_blink
1761185157.5319552,-1565.6230987505987,-956.2699792701751,378.3114499677904,267.4832546808757,left_blink
1761185157.5326903,-1625.0837681461126,-1019.4630688214675,328.6156593565829,205.68140791309997,left_blink
1761185157.5326903,-1596.7278466820717,-984.3154890378937,323.23020342038944,251.64477836852893,left_blink
1761185157.54623,-1563.5998128745705,-943.3448850233108,379.3474022555165,277.7380603593774,left_blink
1761185157.54623,-1608.482352242805,-1012.4806756041944,348.2314346241765,212.76477842917666,left_blink
1761185157.5619493,-1607.446399955079,-1008.9427302461118,316.14683290431276,242.29876837925985,left_blink
1761185157.5619493,-1564.6395050622523,-965.956320155412,349.5927582080476,281.481700215023,left_blink
1761185157.5626311,-1590.7589663527906,-990.3329880665988,364.7094338289462,243.97050365945324,left_blink
1761185157.5626311,-1623.6214672634378,-1021.4788748975843,326.08374708658084,215.70807969430462,left_blink
1761185157.5762155,-1577.2654073126614,-969.76727821026,349.1925889127888,274.3983296989463,left_blink
1761185157.5762155,-1579.225114889443,-984.3304486377165,368.05664428928867,250.78086147876456,left_blink
1761185157.5919623,-1618.67357962206,-1027.9040230214596,343.8033930766396,216.22044598823413,left_blink
1761185157.5919623,-1602.1918405173346,-996.9039922887459,334.82389328302816,265.65070370258763,left_blink
1761185157.592697,-1570.5223676925525,-967.9384671319276,384.575782393571,285.64794876566157,left_blink
1761185157.592697,-1624.5078235529363,-1039.9652003785595,357.02767931995913,206.97915319772437,left_blink
1761185157.6062243,-1617.5329101355746,-1034.1608756473288,322.9160518241115,236.86095384368673,left_blink
1761185157.6062243,-1558.6631449330598,-959.1160431364551,381.00043803593144,295.61478214757517,left_blink
1761185157.6219652,-1598.2387662641704,-1017.3201061468571,363.80811793962494,238.45041132485494,left_blink
1761185157.6219652,-1630.9067923771217,-1049.8273165617138,333.4401302994229,206.94549409812316,left_blink
1761185157.622666,-1574.3856843467802,-979.8238691911101,371.25799865135923,286.6053631543182,left_blink
1761185157.622666,-1572.7999667655677,-992.4198522418737,392.99803709378466,276.1074639786966,left_blink
1761185157.6364088,-1632.810401454568,-1048.2752580801025,346.31286594690755,219.7135125468485,left_blink
1761185157.6364088,-1613.3105630856007,-1028.8090788107365,338.4702957398258,255.16402422683313,left_blink
1761185157.6519682,-1574.206169148907,-998.4635305702686,375.36440880270675,277.1060172668658,left_blink
1761185157.6519682,-1621.8487546844408,-1047.291664391756,363.2658324460499,219.44423975003883,left_blink
1761185157.6525729,-1639.2056303787977,-1036.6703485175967,341.08448580885306,239.18343171617016,left_blink
1761185157.6525729,-1593.5227524200454,-996.0325955990702,369.29455117462203,275.79705228237435,left_blink
1761185157.666274,-1617.2411979390308,-1048.7577051743865,380.2636777446605,215.67068069474772,left_blink
1761185157.666274,-1634.0894472394139,-1058.4627455594018,347.7714269296266,231.15760641125962,left_blink
1761185157.6819608,-1595.482459996827,-1034.340390845202,365.9361210144125,277.09105766704306,left_blink
1761185157.6819608,-1591.2638528468087,-1012.4582362044603,389.80790243158117,275.20614808937535,left_blink
1761185157.6826584,-1642.9006515350193,-1080.0793673032895,355.75611333502457,208.76682537654415,left_blink
1761185157.6826584,-1618.2696704268456,-1044.4979591248557,354.05819875514135,262.46056904038414,left_blink
1761185157.6962576,-1565.5931795509532,-991.5858545517549,393.4580447883345,294.8294031568803,left_blink
1761185157.6962576,-1644.265715018846,-1080.6665315963328,365.91742151463404,209.82895696396008,left_blink
1761185157.71198,-1630.0017365878448,-1065.950025270693,344.82812566449866,256.9217772060074,left_blink
1761185157.71198,-1587.3631371930242,-1012.0019684098661,392.0855015045963,311.1727659632452,left_blink
1761185157.7126787,-1634.2465230375528,-1055.4072472956032,376.57987628830597,253.15195805067196,left_blink
1761185157.7126787,-1671.7240604935214,-1098.524553884752,333.15215800283477,229.1679796348326,left_blink
1761185157.7262511,-1611.7173657044768,-1018.961922227405,376.1946665928699,311.80854895571247,left_blink
1761185157.7262511,-1614.7840836681426,-1030.91464248579,395.92263885913417,286.95691375015303,left_blink
1761185157.74187,-1667.6587892416865,-1098.0757658900693,341.6529506021179,223.77504389872774,left_blink
1761185157.74187,-1629.5454687932506,-1051.0016451478004,357.5662249135785,292.76123848138377,left_blink
1761185157.7426322,-1588.8029986759648,-1013.1762969959527,392.88584009511396,316.40488600125536,left_blink
1761185157.7426322,-1640.5594741627574,-1079.3276474121958,366.0857170126401,237.55657523544505,left_blink
1761185157.7562957,-1634.5681544337422,-1067.9957505464554,338.7283488367684,269.8842704524286,left_blink
1761185157.7562957,-1578.3125793002546,-1019.7473012180999,398.70138452621177,316.9808305944316,left_blink
1761185157.7719617,-1622.3424214785919,-1066.8139421604574,385.92962617753074,258.470095787663,left_blink
1761185157.7719617,-1639.1831909790635,-1099.3884707745165,345.6621233546175,250.38069218350574,left_blink
1761185157.7726183,-1594.5026062084362,-1026.404323139228,375.6449012993835,310.81747546745464,left_blink
1761185157.7726183,-1606.0065384721383,-1052.7369587272406,405.3621463472955,271.2493339362554,left_blink
1761185157.7862544,-1652.8525253171101,-1097.0323338024318,362.46175395557657,240.7990684970282,left_blink
1761185157.7862544,-1631.8268077662215,-1065.9537651706487,363.5276254429482,273.0744051146321,left_blink
1761185157.8019547,-1582.5723253497854,-1022.9336959803477,412.26974156545475,314.93136541871354,left_blink
1761185157.8019547,-1635.6938643204048,-1083.2470625657588,383.88390090176836,241.2441165917553,left_blink
1761185157.8026953,-1648.3721251701936,-1106.1165507948026,332.75198870757595,243.25992266787216,left_blink
1761185157.8026953,-1574.0827524503693,-1020.8356121052057,404.9918962516822,325.2385296965949,left_blink
1761185157.816292,-1611.425653507933,-1085.8649925347418,390.59702132223174,257.0377141046338,left_blink
1761185157.816292,-1630.458004382439,-1089.6460313899443,367.98932609008625,266.2154285958968,left_blink
1761185157.8318756,-1589.8576504634693,-1041.1731880642474,395.26815636688843,304.47460514260456,left_blink
1761185157.8318756,-1584.0869848318398,-1044.505438924767,413.0999993556179,303.0123042599298,left_blink
1761185157.8326385,-1629.2574964966625,-1095.5513334199786,380.37213484337553,251.81681376649067,left_blink
1761185157.8326385,-1602.6256689121947,-1065.1496866801754,388.95894514163956,296.0860095419921,left_blink
1761185157.84617,-1562.0514942929149,-1028.6557429125533,426.3729042983614,319.3220079666935,left_blink
1761185157.84617,-1617.4169732369483,-1098.5881321839988,391.1318270158954,248.61171950446442,left_blink
1761185157.861943,-1628.842367601581,-1084.9674165453762,363.91657503833994,267.4421157813631,left_blink
1761185157.861943,-1576.5361268213019,-1031.5691249780357,407.49762922199443,326.914004876744,left_blink
1761185157.8626895,-1593.5264923200011,-1076.5975204445422,413.48894895100966,289.61972251860425,left_blink
1761185157.8626895,-1635.2899551251903,-1114.0563584007323,373.8946281201206,257.2247091024183,left_blink
1761185157.8762624,-1578.488354598172,-1051.7010064395145,392.1042010043748,315.34275441383943,left_blink
1761185157.8762624,-1581.973941356875,-1064.1922722915187,415.9909420213662,290.7192531055771,left_blink
1761185157.8920171,-1643.3344799298793,-1122.6132494993508,368.31843728618696,229.36619433248416,left_blink
1761185157.8920171,-1607.7306323517114,-1080.3224608004093,382.5038778181188,295.1921734525822,left_blink
1761185157.89266,-1568.405584317632,-1042.8262238446623,436.1078638830222,303.48353165434673,left_blink
1761185157.89266,-1633.4312248472124,-1140.9686784818769,374.4481333135627,225.3869407796301,left_blink
1761185157.9062653,-1657.2618673648685,-1128.2604984324425,368.98413947829977,263.2571677309461,left_blink
1761185157.9062653,-1574.2734873481095,-1049.3747886670753,405.1040932503529,281.90804880997166,left_blink
1761185157.9226213,-1585.3323715170845,-1068.2986824428663,420.93508976278827,271.4400688339956,left_blink
1761185157.9226213,-1618.4379659248516,-1107.5938112773001,361.06677127210423,222.53713701339439,left_blink
1761185157.9233723,-1560.0992665160447,-1044.0416913302615,396.7528966492973,285.4422542680986,left_blink
1761185157.9233723,-1570.7617212897167,-1038.7684323927388,423.0406534378417,248.6191993043758,left_blink
1761185157.924128,-1632.8272310043685,-1114.5556350448169,364.8627697271295,177.13288160134107,left_blink
1761185157.936344,-1587.1219136458822,-1063.8351118457504,388.2072252505459,266.3781142439693,left_blink
1761185157.936344,-1546.9329487220384,-1053.5578667675145,430.87948374496773,278.22985720355064,left_blink
1761185157.951208,-1618.3949570753612,-1118.4152117990889,381.03783703548834,209.5802536169067,left_blink
1761185157.951208,-1610.9151571639813,-1102.5692556868307,364.7505727284588,232.9658480398357,left_blink
1761185157.967021,-1568.467292666901,-1071.5280860546045,398.41341222962365,262.0959287947044,left_blink
1761185157.967021,-1581.4260460133664,-1084.7486323979683,408.6943972078152,233.661469431594,left_blink
1761185157.9676452,-1620.724914747756,-1113.3925261585973,371.7591452454217,212.4300573831424,left_blink
1761185157.9676452,-1556.3537567104213,-1051.5233611916192,404.909618452657,275.5072100358084,left_blink
1761185157.9812684,-1552.4156420570798,-1066.8644308098592,431.50030713761225,276.71145782154053,left_blink
1761185157.9812684,-1605.5820598271675,-1110.4791440931149,391.96208480605856,205.41026516631246,left_blink
1761185157.997044,-1566.163514294196,-1070.03960587224,382.54501671763137,268.4986375188455,left_blink
1761185157.997044,-1551.1926947715692,-1048.3369664293714,417.8085333998315,278.0653016055003,left_blink
1761185157.9977412,-1606.8685854119249,-1116.2535496247,398.11422023316845,211.31182729639113,left_blink
1761185157.9977412,-1603.3269001538865,-1112.97365736356,376.9725657836534,233.21642133686692,left_blink
1761185158.0113294,-1541.5736720855348,-1054.3282861583866,418.93798318644986,296.5927659859881,left_blink
1761185158.0113294,-1590.7645762027241,-1111.5076165809296,407.8005611184053,220.60921858623624,left_blink
1761185158.0269697,-1623.3952033161186,-1147.0291863600723,362.83948385110125,206.40133865457028,left_blink
1761185158.0269697,-1559.914141468238,-1075.8140114038251,400.8368674009107,275.96347783040255,left_blink
1761185158.0276601,-1567.9885854725726,-1085.560190688353,423.8409920283593,242.65218892507255,left_blink
1761185158.0276601,-1615.1786431134678,-1131.897551139351,378.8275561616756,195.40229288488626,left_blink
1761185158.0412836,-1582.3460614024661,-1090.9306870247237,385.36116138426587,247.3756825691089,left_blink
1761185158.0412836,-1554.633402730804,-1075.937428102363,422.771380641032,254.39921468589455,left_blink
1761185158.0569491,-1596.0901937396266,-1118.3217143001966,392.81478199595585,209.8083875142038,left_blink
1761185158.0569491,-1605.877511923667,-1132.3126800344326,355.6626158361323,214.6926968563348,left_blink
1761185158.057649,-1548.45882790396,-1077.975673578214,397.4933968405239,272.74716386850923,left_blink
1761185158.057649,-1589.1638990216888,-1122.2747885533608,408.5822002091445,213.79138096701354,left_blink
1761185158.0712912,-1601.1801975793205,-1147.0516257598065,365.13578242389485,198.99259684234858,left_blink
1761185158.0712912,-1554.5286855320446,-1092.59120260505,407.74446261906996,266.29583644494414,left_blink
1761185158.0869727,-1574.9971579895355,-1102.4196596886031,429.634097059723,254.54881068412215,left_blink
1761185158.0869727,-1630.8937027272768,-1168.4064545067959,371.83768314449117,188.81258916296065,left_blink
1761185158.0876572,-1583.3146954909898,-1108.7139113140292,381.47166543034837,254.22343938797712,left_blink
1761185158.0876572,-1551.267492770683,-1095.8561352663673,425.75956070562825,259.4144205264747,left_blink
1761185158.1013181,-1584.9116327720694,-1123.5613141381182,414.5174214388244,235.23222741298378,left_blink
1761185158.1013181,-1600.413518088404,-1145.3537111799233,368.42689438490197,225.20929553173482,left_blink
1761185158.116998,-1528.26710804319,-1078.3347039739601,416.4846088155173,292.5761134335771,left_blink
1761185158.116998,-1570.0530102481134,-1132.8063468285836,416.5893260142766,221.6601304737851,left_blink
1761185158.1177127,-1595.3197743487544,-1143.7455541989766,378.1581140696071,213.93723706528544,left_blink
1761185158.1177127,-1551.7798590646125,-1089.468386142049,399.2735892194323,276.4272254249081,left_blink
1761185158.1312995,-1555.7142338179983,-1102.6552733858116,431.64242333592847,252.94813350308686,left_blink
1761185158.1312995,-1624.2441606060602,-1177.6253078975715,372.8586758323945,187.00621748436242,left_blink
1761185158.14697,-1551.050578573253,-1081.6370356348343,401.66712519107386,298.0737663684413,left_blink
1761185158.14697,-1548.6196436020546,-1104.7421375610866,413.9152975459583,257.2003997527063,left_blink
1761185158.1476827,-1598.2256766143255,-1147.2535803574137,391.0495492168702,209.1726045217365,left_blink
1761185158.1476827,-1598.1807978148572,-1135.8244460928254,377.29045727988705,235.35190421156585,left_blink
1761185158.1613028,-1546.9778275215067,-1086.7270394745283,413.9564364454709,283.3236009432003,left_blink
1761185158.1613028,-1572.1099552237429,-1118.9612371926196,428.1044779778458,238.3026852766052,left_blink
1761185158.1769812,-1613.4620290338062,-1158.357343325857,380.24871814483777,199.4301651371643,left_blink
1761185158.1769812,-1542.946215369273,-1075.6868548053317,412.81950685894117,288.34628658369184,left_blink
1761185158.1777124,-1568.6916866642423,-1111.4440382816829,416.97079580975696,235.3332047117874,left_blink
1761185158.1777124,-1602.6125792623498,-1137.0286938785575,394.767009772826,220.15295079164207,left_blink
1761185158.1913178,-1592.7766423788853,-1121.6539651607163,380.25619794474915,238.45602117478848,left_blink
1761185158.1913178,-1539.2698937128298,-1089.4010679428466,432.4016230269335,273.92523235455155,left_blink
1761185158.2069085,-1600.9969424814917,-1155.4065622608177,398.9070790237747,198.6896649459377,left_blink
1761185158.2069085,-1597.1672849268652,-1140.0916719422676,379.4670790540986,229.1062712855637,left_blink
1761185158.2076783,-1545.466907939408,-1084.7374126981013,421.24176155915484,280.3129814788699,left_blink
1761185158.2076783,-1578.2209517513402,-1126.8262467994355,420.5536199673079,216.1437780391425,left_blink
1761185158.2213705,-1608.6300782910548,-1158.8921490195207,377.0099647832103,203.63755258731544,left_blink
1761185158.2213705,-1555.729193417821,-1102.45705868816,410.7700416832231,271.8757671788335,left_blink
1761185158.2369218,-1549.4499013922177,-1100.5571895106696,426.57111899601296,246.42200808040798,left_blink
1761185158.2369218,-1584.8742337725125,-1139.893457244616,388.9439855418168,215.6575910449028,left_blink
1761185158.2377148,-1563.6839606235735,-1108.0556889218278,390.20807172684,274.4001996489242,left_blink
1761185158.2377148,-1514.0592281115241,-1052.50321498001,445.53989157127216,295.9569829935208,left_blink
1761185158.2512627,-1584.3169886791147,-1136.2171355881728,410.5045087863691,215.05920705199242,left_blink
1761185158.2512627,-1575.5357035831548,-1114.6192133440636,388.4989374470897,254.29075758717954,left_blink
1761185158.2670124,-1532.4931949931197,-1067.0177667080425,420.53866036748514,296.7274023843929,left_blink
1761185158.2670124,-1564.1551880179904,-1117.2408832130022,422.71902204165235,249.20823354739696,left_blink
1761185158.2677057,-1579.5336566357873,-1129.7209293651395,390.6082410220988,242.80926472321153,left_blink
1761185158.2677057,-1531.7115559023805,-1063.3713642512448,419.2558746826835,298.0662865685299,left_blink
1761185158.281289,-1531.801313501317,-1089.1991133452393,438.05635175993666,269.74028430413455,left_blink
1761185158.281289,-1591.549955193419,-1150.6232302174903,385.40604018373415,220.03327399306,left_blink
1761185158.2969515,-1552.6961345537566,-1107.5620221276768,401.93265808792785,272.4928506715223,left_blink
1761185158.2969515,-1530.9747956111096,-1083.2377128158696,435.6328965886496,284.8420003252104,left_blink
1761185158.2976604,-1584.6012210757472,-1137.0548731782474,400.2758824075572,229.64107697922736,left_blink
1761185158.2976604,-1583.999097182881,-1137.698135970626,376.1198685937561,232.17298924922943,left_blink
1761185158.3112774,-1527.003021858167,-1072.1414296473376,446.28787156241015,303.16377020813525,left_blink
1761185158.3112774,-1562.109462742228,-1127.8360197874717,424.09530522534624,235.4080027109012,left_blink
1761185158.327155,-1586.0971810580231,-1151.3562506088056,386.8010228672065,228.8444782886654,left_blink
1761185158.327155,-1540.78829309484,-1096.8771279542707,400.9528042995371,277.66139241028577,left_blink
1761185158.3277042,-1529.3815982299857,-1106.365254141856,433.32163841603324,267.8740742262453,left_blink
1761185158.3277042,-1593.5807208693586,-1155.548678459134,392.4183526006527,207.08574034646153,left_blink
1761185158.341305,-1556.2191203120165,-1111.0550886862911,392.25379700260237,268.6145744174719,left_blink
1761185158.341305,-1526.5654535633512,-1097.2174588502385,445.58851027069613,281.6930045625195,left_blink
1761185158.3569217,-1580.1096012289636,-1158.6415757224895,413.2159362542443,220.71767568495125,left_blink
1761185158.3569217,-1585.5848147640936,-1146.0156734720804,376.51255808910355,246.4556671800092,left_blink
1761185158.3576255,-1530.6718637146987,-1086.670940975193,428.12317747762427,297.09017268009484,left_blink
1761185158.3576255,-1570.3148032450117,-1133.2925338228233,416.3724118168466,233.54179263301194,left_blink
1761185158.371317,-1583.1650994927622,-1143.5286400015466,389.14968003937975,237.4799072863534,left_blink
1761185158.371317,-1541.0575658916496,-1095.3101098728366,406.0203687394969,270.66403959318995,left_blink
1761185158.386991,-1535.5262538571842,-1107.5246231281199,443.4118884964846,282.2764289556071,left_blink
1761185158.386991,-1591.2171040973626,-1156.7940651443787,390.2716500260867,212.6581912804395,left_blink
1761185158.3879611,-1560.7107401588,-1116.4293249226175,389.0524426405318,262.66065368801355,left_blink
1761185158.3879611,-1517.787908367347,-1077.5381052833982,439.1820616465993,304.3567982940003,left_blink
1761185158.4012558,-1583.0566423940472,-1155.7132340571843,394.4191990769468,213.94471686519682,left_blink
1761185158.4012558,-1572.1510941232555,-1130.678343753796,389.6919655329548,258.74123853445053,left_blink
1761185158.4168923,-1526.905784459319,-1082.8001445210539,422.5843856432475,294.52834121044725,left_blink
1761185158.4168923,-1554.8353573284112,-1124.395311828237,425.57630560779944,245.06068449653685,left_blink
1761185158.4176743,-1602.6724176616408,-1171.1627607741393,363.7557593402453,201.21409741602838,left_blink
1761185158.4176743,-1526.445776764769,-1075.1670087114908,414.8166134352796,309.05411263834685,left_blink
1761185158.431291,-1556.634249207098,-1124.443930527661,409.04220790369436,238.1156902788207,left_blink
1761185158.431291,-1587.0321560469456,-1152.22016749857,400.96776389935985,229.10253138560802,left_blink
1761185158.4469576,-1564.835849809926,-1129.20856307121,372.5370444362052,248.71830665320158,left_blink
1761185158.4469576,-1505.4761577132158,-1067.9452618970536,460.4882716941647,328.5651707071811,left_blink
1761185158.4475925,-1586.4075927543454,-1172.0678165634163,387.7285180562176,203.9105652840808,left_blink
1761185158.4475925,-1551.7461999650113,-1120.6067931731232,396.62574005080387,273.10993416421115,left_blink
1761185158.4611993,-1525.312587078195,-1083.798697809223,423.4782217326574,302.0006613219157,left_blink
1761185158.4611993,-1548.0399591089226,-1113.781475753989,443.0154591011815,268.3901804201305,left_blink
1761185158.4769664,-1591.9650840885006,-1151.3375511090271,378.7564980625175,234.3720504231751,left_blink
1761185158.4769664,-1531.5582200041972,-1095.0595365758054,411.9929889687337,287.8713192893192,left_blink
1761185158.4776578,-1533.55158668058,-1114.6603522435762,431.90795623278245,281.1656786687672,left_blink
1761185158.4776578,-1600.342459989246,-1163.0396980703808,381.9391529248096,220.8448322834447,left_blink
1761185158.4912825,-1566.4701860905625,-1132.114465336781,387.1301340633072,273.8317348556593,left_blink
1761185158.4912825,-1522.3730257130228,-1115.9094788287766,427.8052859813906,291.85805264208466,left_blink
1761185158.5069203,-1588.4046993306838,-1153.3832763847895,401.74940299009904,213.7315425677225,left_blink
1761185158.5069203,-1574.870001391042,-1125.6893172129057,381.65866042813286,248.13114236015826,left_blink
1761185158.5077028,-1516.9838298768736,-1082.676727822516,434.45856800256297,296.039260792546,left_blink
1761185158.5077028,-1581.7401976096444,-1154.3855695729144,388.82056884327903,187.46996507886797,left_blink
1761185158.5376887,-1608.8432525885291,-1189.5406291563995,346.69059584243223,188.8350285626948,left_blink
1761185158.5376887,-1555.9909864147194,-1101.3201291016303,403.0995068741031,303.45922230463475,left_blink
1761185158.5383916,-1539.0342800156213,-1117.3904792112298,449.09653642913327,307.04578636214137,left_blink
1761185158.5383916,-1616.6334641962312,-1193.9948500036262,382.3879409194924,243.71806041244417,left_blink
1761185158.5391033,-1596.1724715386517,-1153.607670382131,375.9366134959273,314.3722503753379,left_blink
1761185158.5391033,-1580.7902630208991,-1141.4193364265375,426.82917209295556,348.9476254656911,left_blink
1761185158.5513785,-1633.45927409688,-1181.7616372485645,396.2031313558109,312.6032776962966,left_blink
1761185158.5513785,-1623.2007285184227,-1156.7155272453092,386.62898746924475,378.35445881728083,left_blink
1761185158.5670211,-1582.5816750996746,-1110.0041767987423,413.810580347199,415.8319962732494,left_blink
1761185158.5670211,-1620.4818212506361,-1149.4489016314037,419.60368537856266,373.49258887488395,left_blink
1761185158.567642,-1662.563175552059,-1170.6279550804757,356.05530533147976,340.8956208610907,left_blink
1761185158.567642,-1601.0754803805612,-1119.6157196848653,380.7461248389445,398.50129987858236,left_blink
1761185158.5812955,-1594.6952110561542,-1110.6362198912539,421.0061478619464,388.57186549622566,left_blink
1761185158.5812955,-1646.762098239269,-1187.8202751767822,361.6801148648374,309.6263173315674,left_blink
1761185158.5969012,-1617.6207977845334,-1144.441175590735,370.40156156150624,357.41475896537304,left_blink
1761185158.5969012,-1587.1555727454834,-1105.7332110493444,420.08987237280235,384.600091743283,left_blink
1761185158.5977063,-1634.6597819826566,-1165.1639612452127,388.278283349704,316.83310454618186,left_blink
1761185158.5977063,-1622.7930794232525,-1148.891656538006,376.8678485848941,358.3908728538081,left_blink
1761185158.6112428,-1597.4253380238079,-1111.9713641754352,402.9461709759198,374.48740226309747,left_blink
1761185158.6112428,-1616.4988277978264,-1157.6991209336556,399.2810690193437,334.36201563850045,left_blink
1761185158.626971,-1647.9962652246468,-1171.263738072943,365.09464352438226,316.31325845234096,left_blink
1761185158.626971,-1604.7031833375804,-1122.3308870526962,391.6516731097363,365.4779832698405,left_blink
1761185158.627719,-1598.857719706837,-1144.1195441945456,412.3557592644356,330.65203488245606,left_blink
1761185158.627719,-1645.2175195575692,-1189.1516795610078,380.47685204213485,289.23638277314603,left_blink
1761185158.6413128,-1608.3159266947769,-1146.7262544636615,380.6713268398307,339.0069713834673,left_blink
1761185158.6413128,-1580.5770887234248,-1131.1046923487447,431.5264864373021,346.1352206990123,left_blink
1761185158.657,-1651.3883544844575,-1201.197897318285,370.98872585454956,271.11282758787274,left_blink
1761185158.657,-1629.9288085387088,-1170.0407907874323,360.35245038056746,304.8841241877526,left_blink
1761185158.6576471,-1575.6965192812495,-1118.7069239956327,420.49004166806117,356.9921502703801,left_blink
1761185158.6576471,-1617.3253456880338,-1169.7565583908,405.48930294578895,282.5868406519294,left_blink
1761185158.6712873,-1651.9231601781212,-1196.8147345702164,354.64910294814035,274.6096340464428,left_blink
1761185158.6712873,-1603.3493395536207,-1132.2902406346984,396.85761384805664,335.68968012277037,left_blink
1761185158.6869376,-1594.5343953580596,-1150.5110332188196,405.8819924411364,298.9900418575853,left_blink
1761185158.6869376,-1651.0704629882239,-1204.5114486790262,368.0865634889342,250.13198883645236,left_blink
1761185158.6876945,-1627.6025907662697,-1167.8791286130436,360.4534276793711,287.75538239069283,left_blink
1761185158.6876945,-1589.0591818229295,-1133.935796615202,406.7683487306349,318.7105343239382,left_blink
1761185158.701386,-1630.325237934012,-1187.2368507836945,384.73659809166566,297.063993380405,left_blink
1761185158.701386,-1643.650501476135,-1168.1484014098532,348.8485181168653,308.71378174237907,left_blink
1761185158.7169445,-1583.217458092142,-1109.8957197000273,418.49293509172276,355.70562468562275,left_blink
1761185158.7169445,-1639.0279851309024,-1169.838836189825,396.5733814514242,287.41879139468074,left_blink
1761185158.7177243,-1658.2061921036802,-1187.809055476915,336.38343156455085,275.4698110362515,left_blink
1761185158.7177243,-1586.302875555586,-1105.9164661471732,389.95749842980877,364.543008280918,left_blink
1761185158.7312741,-1592.829000978265,-1132.8474857280962,414.12847184343264,333.4532199492678,left_blink
1761185158.7312741,-1652.5739027704112,-1185.1836457080208,366.61304290639237,287.5048090936616,left_blink
1761185158.7469797,-1608.5291009922512,-1137.275527275633,372.88111523212865,341.44538615457714,left_blink
1761185158.7469797,-1580.8014827207662,-1107.2291710316204,425.46410860912874,357.5082564642653,left_blink
1761185158.7477157,-1603.7121098493226,-1161.420321389567,395.2157977675088,299.5547667508945,left_blink
1761185158.7477157,-1624.5283930026926,-1156.5808908469044,356.17498213006184,309.56647893227637,left_blink
1761185158.7612388,-1571.5340106305666,-1096.125408063177,423.7774137291126,364.27373548410833,left_blink
1761185158.7612388,-1594.3810594598763,-1139.822399145458,410.72142298379913,312.72669439483434,left_blink
1761185158.7768917,-1627.4155957684852,-1179.6672932733782,357.5662249135785,291.9216309413314,left_blink
1761185158.7768917,-1568.960959461052,-1117.9589440044947,400.56385470414534,353.169972515665,left_blink
1761185158.7776892,-1587.1667924453504,-1126.3811987047084,420.4376830686815,322.5289721786976,left_blink
1761185158.7776892,-1630.3701167334802,-1173.6348346448503,386.33353537274525,282.9458710476756,left_blink
1761185158.791299,-1598.7081237086095,-1131.6656773420982,375.1175754056312,333.7112730462104,left_blink
1761185158.791299,-1570.6027755415998,-1122.9928493448533,423.6614768304862,332.89597485587,left_blink
1761185158.8070145,-1622.8678774223663,-1177.8197826952673,404.00456266338006,277.6165136108175,left_blink
1761185158.8070145,-1604.7705015367828,-1137.3316257749684,379.6465942519717,319.83998411055654,left_blink
1761185158.8076196,-1553.50021304423,-1102.7263314849697,421.914943551179,350.4735046476126,left_blink
1761185158.8076196,-1599.9011517944746,-1175.254211325664,409.83132679434493,275.7690030327067,left_blink
1761185158.8213432,-1612.6616904432885,-1216.019120842684,376.3928812905215,286.75308920256793,left_blink
1761185158.8213432,-1567.1807670821436,-1092.4303869069554,389.36659423680976,341.8979140492156,left_blink
1761185158.8368688,-1587.6716789393686,-1135.0914257015102,412.2510420656763,296.18885679077357,left_blink
1761185158.8368688,-1631.5930640189908,-1188.508416768629,379.3025234560482,261.6508806999773,left_blink
1761185158.8377247,-1581.2166116158478,-1133.1803368241526,381.8306958260946,305.19827578403056,left_blink
1761185158.8377247,-1563.111755930353,-1128.6924568773247,415.12702513160184,318.9685874208808,left_blink
1761185158.8512807,-1613.6116250320338,-1197.7459696591832,379.7849705503322,244.51091920305043,left_blink
1761185158.8512807,-1614.1651302254759,-1160.904215195682,364.50747923133895,274.1720657516271,left_blink
1761185158.8669124,-1561.843929845374,-1114.2227839487605,415.1083256318234,323.39662896841764,left_blink
1761185158.8669124,-1594.6802514563315,-1167.149848121684,408.3278870121576,267.29064983315766,left_blink
1761185158.86771,-1598.1284392154776,-1220.4920411896892,376.531257588882,249.94499383866787,left_blink
1761185158.86771,-1546.4093627282418,-1201.138058918994,415.0971059319563,330.17706758808345,left_blink
1761185158.8814144,-1572.4315866199322,-1145.0021605840884,420.90517056314275,280.88518617209047,left_blink
1761185158.8814144,-1630.5458920313977,-1172.7896172548644,372.8661556323059,230.4077564701438,left_blink
1761185158.897013,-1587.6155804400332,-1140.9107100325637,388.77569004381076,285.690957615152,left_blink
1761185158.897013,-1529.2881007310934,-1140.6750963353552,434.86995699768886,301.6939895255491,left_blink
1761185158.897609,-1585.6371733634733,-1179.8281089714728,402.5086026811041,248.98757945001125,left_blink
1761185158.897609,-1542.0374196800403,-1251.791263918858,404.11675966205075,268.67067291680723,left_blink
1761185158.9283843,-1507.0992742939852,-1098.4965046350844,446.29161146236584,336.2020464166999,left_blink
1761185158.9283843,-1562.3787355390377,-1167.3742421190254,427.1096645896323,237.22933398932219,left_blink
1761185158.9290075,-1519.2502092500217,-1268.2131646242924,411.8471328704618,264.85223506204784,left_blink
1761185158.9290075,-1374.5123410648666,-1431.9983432837762,469.7295644846745,325.69666744116694,left_blink
1761185158.9298437,-1529.931363523472,-1060.0129340910353,456.6099954401143,298.82548625953496,left_blink
1761185158.9298437,-1600.499535787385,-1103.8894403711893,406.56639413302764,223.90033054724336,left_blink
1761185158.9305317,-1506.9421984958462,-1192.9626376158558,411.44135372526944,295.46892604930326,left_blink
1761185158.9412544,-1396.5029528043233,-1149.531179430429,476.0481254598126,296.80033043352887,left_blink
1761185158.9412544,-1472.4304017047398,-1154.6211832701229,439.3971058940515,188.90047681191936,left_blink
1761185158.9562411,-1412.6630605128594,-1154.497766571585,446.6525118080899,239.89401270775124,left_blink
1761185158.9562411,-1314.9132953709923,-1237.0859772930853,491.73700577393174,269.98524775123224,left_blink
1761185158.9719963,-1372.3469389905222,-1121.478189862799,479.4140354199335,188.05151952197775,left_blink
1761185158.9719963,-1263.4597517806105,-1302.736181115266,473.0487256953493,178.44371653581038,left_blink
1761185158.9728374,-1374.3365657669492,-1060.764653982129,465.5464863842353,207.36810279311612,left_blink
1761185158.9728374,-1290.832079556305,-1101.7202983968891,508.4954974753782,171.4014849192463,left_blink
1761185158.986288,-1323.1635146732442,-1230.7244074684568,453.4105110280216,122.07220450369641,left_blink
1761185158.986288,-1262.2405443950556,-1135.7646076935343,457.01951448526233,158.06500167725608,left_blink
1761185159.0019653,-1185.5763352033682,-1147.190002058167,518.9036390520632,145.8991071213968,left_blink
1761185159.0019653,-1349.4550113617443,-1152.713834292721,460.134851148352,55.7488186894916,left_blink
1761185159.0027273,-1268.205684824381,-1089.3786285431124,460.78559374064207,83.48391676088795,left_blink
1761185159.0027273,-1155.5037996596657,-1149.0300328363664,511.0947279445827,106.2150286915712,left_blink
1761185159.016281,-1214.4857618608512,-1148.8318181387149,482.58173068240285,36.35369751928374,left_blink
1761185159.016281,-1217.7469546222128,-1144.6169508886524,437.1307265209034,9.187064241152257,left_blink
1761185159.0320072,-1221.7561273747124,-1096.028170664329,473.87150368560106,65.6408540722914,left_blink
1761185159.0320072,-1151.494626907166,-1028.0367894698866,497.03270411118865,38.86317038955167,left_blink
1761185159.032709,-1210.0876395129599,-1173.9789054407738,440.9940431751311,-34.36407074285671,left_blink
1761185159.032709,-1168.8253233018331,-1071.7337805521674,445.2500493247062,21.405317396391183,left_blink
1761185159.0463088,-1139.7289016465656,-1087.538597764913,495.29365063179284,24.846025355625898,left_blink
1761185159.0463088,-1212.099705689121,-1096.7013526563533,447.0639008032158,-55.43840699316934,left_blink
1761185159.0619798,-1191.8107484295033,-1042.4840229987167,446.89934520516545,10.63066562404856,left_blink
1761185159.0619798,-1148.7869393392466,-1009.6327417879365,470.19892192911357,31.271173479501158,left_blink
1761185159.0627184,-1195.15421898989,-1048.280867930036,460.6359977424145,-17.8411927386187,left_blink
1761185159.0627184,-1265.142706760671,-1086.2520721801557,397.98145378474146,-56.10784908523783,left_blink
1761185159.0763104,-1175.411287123803,-1009.9094943846576,471.94545520842075,49.61538276216015,left_blink
1761185159.0763104,-1214.4708022610284,-1014.0271242358722,459.93663645070046,-13.798360886517912,left_blink
1761185159.0919566,-1276.6428991244175,-1110.7633764897473,406.9422540785745,-63.1239014021121,left_blink
1761185159.0919566,-1212.4437764850445,-995.1967279589735,437.919845411554,41.61199685698375,left_blink
1761185159.0926952,-1217.1074317297898,-1002.7176667698659,456.86243868712336,-1.931658327113837,left_blink
1761185159.0926952,-1242.6546883271076,-1072.7846924397163,440.017929286696,-10.570827224757522,left_blink
1761185159.106274,-1281.9161580619402,-1013.0584901473485,396.43687510304153,-15.010088472161442,left_blink
1761185159.106274,-1188.5121566685848,-995.2303870585747,480.17323511093855,53.81529041239992,left_blink
1761185159.1219256,-1253.758451295551,-1034.5030764932744,459.22979535907507,-19.677483616862446,left_blink
1761185159.1219256,-1308.9892938411795,-1100.5983284101821,390.39319677464664,-51.19362054346129,left_blink
1761185159.1226366,-1216.153757241089,-963.9236845294945,468.8226387454197,93.6938436399214,left_blink
1761185159.1226366,-1273.3704866631888,-1067.19354200596,456.42487039230764,4.370073098223656,left_blink
1761185159.136364,-1307.1118640634231,-1092.2321722093038,415.06905668228865,-22.519807583186775,left_blink
1761185159.136364,-1289.9681626665406,-1076.3637766973116,412.14819481689483,17.92347053764388,left_blink
1761185159.1520221,-1257.9284397461452,-999.6621685060672,471.64626321196556,82.67235847050324,left_blink
1761185159.1520221,-1327.7411522190087,-1078.1813680757768,420.757444514893,-14.086333183106035,left_blink
1761185159.1526356,-1325.3812753469683,-1075.454981008079,406.61688278242946,18.031927636358887,left_blink
1761185159.1526356,-1249.390248147305,-1015.4744655187242,458.38083806913346,107.34447847818956,left_blink
1761185159.1663256,-1321.7348728901707,-1054.8967509516515,438.2900955071673,31.25995377963409,left_blink
1761185159.1663256,-1337.4200133043341,-1073.9515412258916,407.1142894765362,31.94061557156965,left_blink
1761185159.1819785,-1303.5813985052519,-1020.6205678577535,448.52994158584625,89.27328189229593,left_blink
1761185159.1819785,-1312.6095169982873,-1045.7414758601226,453.42173072788864,60.730365430470556,left_blink
1761185159.1826372,-1369.4559963247739,-1084.0941499057226,410.6110959351063,49.951973758172244,left_blink
1761185159.1826372,-1322.0265850867145,-1056.108478537295,418.3489489434287,113.94166200002655,left_blink
1761185159.1962724,-1305.858997578267,-1020.8636613548733,459.6673636538908,118.65393594419584,left_blink
1761185159.1962724,-1395.4109020172618,-1081.038651641924,397.83185778651386,46.84411689499393,left_blink
1761185159.2119672,-1382.201575373765,-1060.0690325903706,395.16530911810696,97.38886479614303,left_blink
1761185159.2119672,-1340.2249382711016,-1007.7478322102688,435.1597992442548,143.8683414454572,left_blink
1761185159.2126882,-1394.0869774329476,-1079.1874011638574,413.2626850036904,70.80939581105486,left_blink
1761185159.2126882,-1428.8680470208637,-1091.517851317767,368.96730992849916,60.71166593069211,left_blink
1761185159.226288,-1366.3294399618171,-1028.6650926624425,421.87941450159997,137.6750671188347,left_blink
1761185159.226288,-1381.9884010762908,-1041.98661630461,440.8818461764604,113.74344730237499,left_blink
1761185159.2419686,-1433.5653613652103,-1087.1720875692554,401.822331039235,81.68128498224542,left_blink
1761185159.2419686,-1415.9167734743096,-1043.8416066826321,393.403816238977,116.79894556617364,left_blink
1761185159.2427106,-1375.7839070498012,-1012.7443385510705,436.49120362848043,155.40219290880486,left_blink
1761185159.2427106,-1458.5927718686871,-1079.120082964655,387.8089259052649,59.211966048460454,left_blink
1761185159.256299,-1436.1234529349022,-1046.2501022540964,369.909764717333,103.71677552117035,left_blink
1761185159.256299,-1373.1023987815715,-1001.7565124812536,449.0198684800416,199.72000738373026,left_blink
1761185159.2719243,-1457.893410576973,-1067.4441153029911,411.4488335251808,99.71134266862646,left_blink
1761185159.2719243,-1495.1241146358661,-1080.2495327512734,369.9546435168013,96.55486710602418,left_blink
1761185159.2729132,-1436.0374352359213,-1006.008778730873,411.8938816199079,175.87440526625142,left_blink
1761185159.2729132,-1451.3785048541613,-1036.9826301638968,417.8552821492776,145.5662560253404,left_blink
1761185159.286221,-1506.3812135024928,-1081.64077553479,372.6174522852525,114.79061928996816,left_blink
1761185159.286221,-1467.6470696614124,-1027.6889787740074,375.15684435516596,169.77836833847687,left_blink
1761185159.3019698,-1434.2235837574117,-993.2220607823692,425.6080947574228,216.6355748833157,left_blink
1761185159.3019698,-1526.4495166647248,-1094.7416450795718,368.3951052352786,109.89509024797007,left_blink
1761185159.302642,-1497.5363501072861,-1033.1791519089602,373.1859170785174,192.74883386632428,left_blink
1761185159.302642,-1477.9205748396926,-1003.8171973568387,401.9270482379943,204.28268532967195,left_blink
1761185159.3163264,-1519.7812750437297,-1057.9447694155388,389.6975753828883,153.17321253521368,left_blink
1761185159.3163264,-1530.3016136190854,-1062.043699766975,347.3955669840798,165.6869177869521,left_blink
1761185159.3320525,-1491.4664924792014,-1009.8309564855881,390.90556306857616,220.26327784033492,left_blink
1761185159.3320525,-1516.220890285913,-1017.5351503943093,402.521692330949,183.55615977523848,left_blink
1761185159.3326464,-1561.3914019507356,-1052.5443538795225,349.2767366617918,149.76616367558017,left_blink
1761185159.3326464,-1509.1076005701907,-985.9255159688182,377.68501672521234,232.07388190040365,left_blink
1761185159.3462403,-1498.093595200684,-985.6712027718313,410.2969443388283,238.2035779277794,left_blink
1761185159.3462403,-1568.0110248723067,-1046.6876705489121,368.0697339391336,157.52645608363673,left_blink
1761185159.3619647,-1549.9024292868562,-1032.5471088164486,358.7199840499088,190.61709089158103,left_blink
1761185159.3619647,-1475.7888318649493,-951.4511181772687,420.03938372340053,279.20036124205217,left_blink
1761185159.362677,-1563.691440423485,-1039.6379591324367,383.31356615852565,174.4756826828234,left_blink
1761185159.362677,-1589.6500860159285,-1055.7120491419919,345.73131150379777,175.92676386563107,left_blink
1761185159.3763845,-1525.0807132809423,-985.9965740679763,388.38861039839685,250.64622508035973,left_blink
1761185159.3763845,-1535.4851149576716,-1004.7820915454067,395.6290567126125,205.8235241114162,left_blink
1761185159.392044,-1603.296980954241,-1071.8684169505723,347.7957362793386,158.6895649698563,left_blink
1761185159.392044,-1556.9633604031987,-1001.1581284883432,388.8112190933898,256.18875681469217,left_blink
1761185159.3926976,-1549.8164115878753,-976.9609757750295,408.3521963618696,266.31640589470044,left_blink
1761185159.3926976,-1606.0121483220719,-1064.7513873348944,372.68477048445493,182.3967907889746,left_blink
1761185159.4062216,-1602.1338720680214,-1021.3722877488472,348.85038806684315,227.25315085751936,left_blink
1761185159.4062216,-1538.4620753224008,-967.0240615927614,406.7814383804798,282.46529390336946,left_blink
1761185159.422681,-1574.7054457929917,-1023.3095559258945,389.54423948470503,219.42554025026038,left_blink
1761185159.422681,-1618.1331640784629,-1052.7612680769525,337.72792559862137,192.89468996459618,left_blink
1761185159.4233484,-1568.586969465483,-983.6703562955372,384.71976854186505,274.05051900306717,left_blink
1761185159.4233484,-1590.8954727011733,-1012.0187979596667,391.4104495625943,226.0189838721417,left_blink
1761185159.4362922,-1623.3278851169161,-1045.5844000619836,360.75074972584844,208.2694186824374,left_blink
1761185159.4362922,-1585.2220444683917,-1008.5668703005649,369.75268891919404,248.95953020034358,left_blink
1761185159.4520836,-1572.9925716132857,-994.0859776721336,398.1123502831906,258.34293918916956,left_blink
1761185159.4520836,-1615.6087316083722,-1046.253842154052,375.41863735206425,218.51674456102774,left_blink
1761185159.4526088,-1619.7338412594981,-1030.5761815398,355.6158670866862,240.24930320354179,left_blink
1761185159.4526088,-1570.7411518399604,-999.0525648132898,378.5414538150653,261.27876065438613,left_blink
1761185159.482617,-1590.7346570030786,-1032.0646617221646,395.20644801761955,236.59168104687706,left_blink
1761185159.482617,-1630.314018234145,-1054.8930110516958,350.78391634393483,220.2707576402463,left_blink
1761185159.4834137,-1583.1351802931167,-1010.1750272815116,370.4034315114841,255.92696381779388,left_blink
1761185159.4834137,-1587.847454237286,-998.4766202201135,395.924508809112,239.62100001098588,left_blink
1761185159.484077,-1631.4285084209405,-1054.67235695431,353.0876947166398,188.36193121830001,left_blink
1761185159.484077,-1582.372240702156,-981.9051235164516,382.8161594644189,274.72744089504704,left_blink
1761185159.4962263,-1585.2818828676827,-1008.2340192045085,396.17134220618755,239.43400501320139,left_blink
1761185159.4962263,-1609.2957804831676,-1033.5456621046178,391.61240416020155,233.74935708055273,left_blink
1761185159.512076,-1629.7605130407028,-1050.1769972075708,349.74048425629735,213.27340482315049,left_blink
1761185159.512076,-1542.7592203714885,-971.9943886338733,418.25171154458076,310.1667328751646,left_blink
1761185159.5126877,-1621.6598897366785,-1054.8930110516958,388.87479739263654,210.80881075235084,left_blink
1761185159.5126877,-1630.8226446281187,-1050.2293558069505,349.58714835811406,197.59948410885409,left_blink
1761185159.5262616,-1580.9809979186393,-1011.2334189689718,366.2110036611557,250.87061907770112,left_blink
1761185159.5262616,-1581.661659710575,-999.0263855136,408.13154226448387,255.8820850183256,left_blink
1761185159.5419838,-1646.9154341374524,-1064.0520260431804,361.71564391441643,194.27845294820145,left_blink
1761185159.5419838,-1591.7032910916023,-1015.4370665191673,368.86259272973984,249.01936859963462,left_blink
1761185159.5427296,-1568.9160806615837,-1002.8336036684923,413.9358669957146,267.636590579059,left_blink
1761185159.5427296,-1626.4619212797843,-1062.4102099626325,373.23079587798566,204.05455143237486,left_blink
1761185159.5563383,-1609.2509016836993,-1025.0710488050245,360.37675973027945,253.3277333485894,left_blink
1761185159.5563383,-1574.9971579895355,-980.0239538387395,395.4832006143406,270.1049245498143,left_blink
1761185159.5720165,-1586.7067847508006,-1018.4327263836749,407.3349435739219,236.27004965068772,left_blink
1761185159.5720165,-1632.8908093036152,-1073.1811218350194,349.92747925408185,213.68105391832069,left_blink
1761185159.5727274,-1564.4955189139582,-986.1274705664255,413.0943895056844,309.74786408012733,left_blink
1761185159.5727274,-1586.388893254567,-1006.7492789220996,398.6658554766327,251.4316040710546,left_blink
1761185159.5863197,-1619.8647377579473,-1053.7112026656978,366.45409715827554,222.638114312198,left_blink
1761185159.5863197,-1586.931178748142,-1010.3545424793847,369.1056862268597,272.08707152632996,left_blink
1761185159.602011,-1556.9259614036418,-984.0480861910619,420.3497954197228,297.3164366274141,left_blink
1761185159.602011,-1644.4433602667414,-1076.16556199966,358.78730224911124,188.60128481546417,left_blink
1761185159.6026883,-1603.6747108497657,-1040.6851311200298,364.2438162844628,254.22904923791066,left_blink
1761185159.6026883,-1566.6347416886128,-1013.2305255453102,400.65548225305974,279.87354323407635,left_blink
1761185159.6163423,-1607.1602976084687,-1047.1888171429746,394.49960692599416,230.62280071759596,left_blink
1761185159.6163423,-1639.6899474230595,-1071.4196289558895,360.5338355284184,210.8985683512874,left_blink
1761185159.6319735,-1566.6272618887015,-993.2183208824135,397.046478795819,297.99709841934964,left_blink
1761185159.6319735,-1586.9760575476103,-1047.9330572341569,407.69023406971246,243.77976876171306,left_blink
1761185159.6326303,-1620.5154803502373,-1060.5327801848762,364.9095184765756,221.03369723120704,left_blink
1761185159.6326303,-1616.3567115995102,-1044.0323415803723,353.30086901411414,245.806794537697,left_blink
1761185159.6462932,-1563.545584325213,-994.1271165716462,411.7068866221234,275.7746128826402,left_blink
1761185159.6462932,-1624.5022137030028,-1064.9047232330777,372.68103058449924,211.53435134375468,left_blink
1761185159.6619244,-1633.0778043013997,-1055.8392057404853,363.6828312911093,233.3491877852939,left_blink
1761185159.6619244,-1579.14096714044,-1006.5585440243594,401.2688258457929,284.8513500750996,left_blink
1761185159.662658,-1601.7262229728512,-1046.9008448463865,394.9670944204554,225.22238518157974,left_blink
1761185159.662658,-1631.4995665200986,-1047.6824839371257,360.4291183296591,239.1684721163474,left_blink
1761185159.676304,-1584.892933272291,-998.435481320601,375.4298570519313,282.4914732030593,left_blink
1761185159.676304,-1583.277296491433,-1020.0296636647545,412.496005512774,272.0421927268617,left_blink
1761185159.6919284,-1656.7588508208282,-1081.1396289407276,350.00227725319564,196.35409742360935,left_blink
1761185159.6919284,-1608.3682852941565,-1033.0632150103338,363.2864018958062,265.23557480750605,left_blink
1761185159.6926541,-1591.9987431881018,-1012.7331188512035,391.956474956125,255.45947632333264,left_blink
1761185159.6926541,-1627.5165730672888,-1066.3932034154423,364.27373548410833,216.1980065885,left_blink
1761185159.7063398,-1633.2610593992285,-1051.0970125966705,365.4630236700177,253.16691765049472,left_blink
1761185159.7063398,-1561.9336874443106,-998.7159738172777,406.47850648406893,299.81468979781494,left_blink
1761185159.72192,-1615.8967039049603,-1046.8784054466523,391.8106188578531,228.09836824750528,left_blink
1761185159.72192,-1634.6710016825236,-1052.1741037839092,369.08698672708124,248.57432050490752,left_blink
1761185159.722756,-1565.4043146031909,-985.3944501751103,402.05420483648777,321.1695185448043,left_blink
1761185159.722756,-1590.2073311093263,-1018.7019991804846,396.780945898965,271.39145013457164,left_blink
1761185159.7362823,-1622.8416981226765,-1041.8445001062937,367.90517834108323,254.5469407341443,left_blink
1761185159.7362823,-1594.1379659627564,-1020.6916259569116,369.44601712282747,290.72673290548846,left_blink
1761185159.7519095,-1542.4338490753435,-970.0795598565601,441.49144986923784,334.7004765844904,left_blink
1761185159.7519095,-1641.9077080967836,-1080.1896943519823,365.9118116647005,219.58261604839936,left_blink
1761185159.7526948,-1584.2309709801339,-995.8699099509977,387.97722140327096,319.0901341694407,left_blink
1761185159.7526948,-1579.54861623561,-1006.5136652248912,392.7792529463768,288.53889143140987,left_blink
1761185159.766288,-1596.1949109383859,-1027.5693019754253,403.1948743229732,274.4843473979272,left_blink
1761185159.766288,-1621.0054072444327,-1079.6174896587618,363.52575549297035,258.34293918916956,left_blink
1761185159.7818875,-1569.3686085562222,-1005.1299022412859,389.8060324816033,301.4639856782742,left_blink
1761185159.7818875,-1589.9866770119406,-1019.2181053743698,414.10416249372065,278.6244166488759,left_blink
1761185159.7826097,-1637.1094164536335,-1070.6267701652832,362.5758209042251,241.92851828364655,left_blink
1761185159.7826097,-1591.695811291691,-1021.4994443473406,367.5798070449382,296.43756013782695,left_blink
1761185159.7965028,-1568.6430679648183,-1007.5196983129717,418.13577464595437,304.51948394207284,left_blink
1761185159.7965028,-1634.6410824828781,-1081.1658082404174,374.98106905724853,228.56585574196652,left_blink
1761185159.811993,-1604.4339105407707,-1055.7644077413715,372.5837931856513,283.4526274916716,left_blink
1761185159.811993,-1574.2753572980873,-1018.6309410813265,404.61977620609105,295.9738125433214,left_blink
1761185159.8126988,-1601.995495769661,-1053.8084400645457,403.31829102151096,248.73887610295787,left_blink
1761185159.8126988,-1637.584383748006,-1100.370194512885,343.47615183051676,225.21490538166836,left_blink
1761185159.8263218,-1568.1568809705786,-1020.5046309591271,389.61903748381883,310.3799071726389,left_blink
1761185159.8263218,-1590.2372503089719,-1051.7253157892264,405.2966980980709,266.27526699518785,left_blink
1761185159.8419054,-1636.2754187635146,-1108.3361814185046,362.9049321003258,205.40091541642323,left_blink
1761185159.8419054,-1579.3915404374711,-1036.305708271917,386.08857192564756,299.92688679648563,left_blink
1761185159.8426132,-1584.2683699796908,-1026.2865162906237,410.70085353404284,269.1849091607146,left_blink
1761185159.8426132,-1632.5355188078247,-1098.4254465359263,367.8004611423239,215.1919735004194,left_blink
1761185159.8562477,-1612.8823445406742,-1073.0764046362601,360.1299263332039,251.75697536719963,left_blink
1761185159.8562477,-1570.4232603437267,-1028.9343654592521,416.95770615991205,285.2702188701369,left_blink
1761185159.8719637,-1602.7359959608875,-1075.9823069018312,392.6969751473516,233.93261217838153,left_blink
1761185159.8719637,-1619.700182159897,-1082.1980206281878,368.511042133905,234.59457447053865,left_blink
1761185159.8729684,-1571.7509248279966,-1025.5871549989097,385.19473583623767,283.46384719153866,left_blink
1761185159.8729684,-1574.024784001056,-1048.3706255289726,413.0794299058616,270.3592377468012,left_blink
1761185159.886371,-1630.5683314311318,-1098.646100633312,372.9989220807329,243.00186957092956,left_blink
1761185159.886371,-1587.4996435414068,-1052.0020683859475,373.5150282746181,289.6758210179396,left_blink
1761185159.901972,-1566.3131102924235,-1038.983476640191,417.1297415578738,274.43198879854754,left_blink
1761185159.901972,-1631.7314403173514,-1105.0001906580292,392.5137200495228,215.21815280010924,left_blink
1761185159.9028156,-1604.99863543408,-1085.0253849946894,362.2504496080801,246.68567102728412,left_blink
1761185159.9028156,-1561.4923792495392,-1036.2645693724044,389.80229258164763,289.4589068205096,left_blink
1761185159.9162455,-1613.1067385380156,-1088.6343884519301,384.551473043859,221.13467453001067,left_blink
1761185159.9162455,-1630.8824830274098,-1121.0144422682934,349.9835777534172,230.26751022180542,left_blink
1761185159.9326148,-1568.9684392609634,-1044.0398213802837,391.3319116635248,287.05789104895666,left_blink
1761185159.9326148,-1585.8840067605488,-1069.1607293826528,416.6472944635898,257.1386914034374,left_blink
1761185159.9334245,-1640.6922406111844,-1122.2560890535824,369.12064582668245,214.51879150839522,left_blink
1761185159.9334245,-1582.7724099974148,-1058.9358429037966,366.6934507554397,280.5691646258347,left_blink
1761185159.9341004,-1562.7302861348726,-1050.1919568073936,421.6475407043472,290.02363171381876,left_blink
1761185159.9463456,-1620.7211748478003,-1123.0190286445431,377.471842427738,208.65088847791776,left_blink
1761185159.9463456,-1607.4183507054113,-1079.2360198632814,372.41549768764526,256.4767291112803,left_blink
1761185159.9612234,-1562.2814981401898,-1056.1159583372064,399.69432796444744,272.4835009216331,left_blink
1761185159.9612234,-1584.5750417760573,-1081.8202907326631,392.4015230508521,258.7431084844284,left_blink
1761185159.9769027,-1609.292040583212,-1109.031802810263,364.60284668020904,246.3229007315822,left_blink
1761185159.9769027,-1557.7001206944697,-1044.0622607800178,407.54811787139624,333.81786019494757,left_blink
1761185159.9776123,-1556.694087606389,-1039.0021761399694,424.3814075719565,303.50971095403656,left_blink
1761185159.9776123,-1631.2190740234219,-1116.724777019117,366.3119809599593,213.26218512328342,left_blink
1761185159.9912724,-1565.0452842074446,-1064.672849435825,376.12921834364533,296.9050476322882,left_blink
1761185159.9912724,-1566.9077543853782,-1071.8871164503507,411.31793702673167,274.27865290036425,left_blink
1761185160.0069747,-1615.0215673153289,-1120.8648462700658,376.15539764333516,230.00571722490713,left_blink
1761185160.0069747,-1589.2499167206697,-1086.1323953815736,381.7091490775347,272.01975332712755,left_blink
1761185160.0077357,-1562.4535335381515,-1057.810133017134,423.85034177824855,290.73047280544415,left_blink
1761185160.0077357,-1592.8065615785308,-1091.891841313336,394.2303341291845,244.48660985333845,left_blink
1761185160.02123,-1589.066661622841,-1093.1858466980048,374.20316986646503,261.8547052475624,left_blink
1761185160.02123,-1542.908816369716,-1043.179644390475,411.6320886230096,297.0920426300727,left_blink
1761185160.0369277,-1556.1256228131242,-1073.7084477287717,424.2692105732858,269.409303158056,left_blink
1761185160.0369277,-1609.9764422751032,-1118.366593099665,385.2882333351299,244.81198114948347,left_blink
1761185160.037675,-1577.970378454309,-1056.6358044310473,377.5167212272063,290.2293262113817,left_blink
1761185160.037675,-1541.8466847823001,-1039.4734035343863,429.82296200748533,302.48123846622184,left_blink
1761185160.051282,-1600.7014903849922,-1124.14099863125,389.87709058076143,234.38514007302,left_blink
1761185160.051282,-1597.2495627258904,-1104.712218361441,351.8273484315723,240.45125780114904,left_blink
1761185160.0671115,-1547.13116341969,-1046.81108724745,411.25435872748494,296.80033043352887,left_blink
1761185160.0671115,-1597.5001360229217,-1118.5012294980697,388.4858477972448,227.32794885663316,left_blink
1761185160.0677617,-1594.1230063629337,-1103.579028674867,373.9114576699212,255.8446860187687,left_blink
1761185160.0677617,-1563.5904631246813,-1066.1762892180122,398.9201686736196,273.69148860732093,left_blink
1761185160.0812805,-1585.2968424675055,-1105.7070317496546,398.7144741760567,239.46018431289122,left_blink
1761185160.0812805,-1591.3966192952357,-1106.8215219364502,375.4111575521529,244.25473605608568,left_blink
1761185160.0969417,-1580.1544800284319,-1081.3378436383791,373.5786065738648,274.6339433961548,left_blink
1761185160.0969417,-1558.9193280800246,-1066.3932034154423,414.3921347903088,278.83011114643887,left_blink
1761185160.0976856,-1617.385184087325,-1123.1873241425492,386.75053421780467,206.16011510742828,left_blink
1761185160.0976856,-1604.5535873393528,-1104.555142563302,369.34877972397953,235.85866065556183,left_blink
1761185160.1112764,-1563.3137105279602,-1059.339752099011,404.9414076022804,279.6641088365577,left_blink
1761185160.1112764,-1589.8632603134029,-1101.8100559958257,386.80289281718433,223.06820280710235,left_blink
1761185160.1270692,-1593.068354575429,-1100.804022907745,374.67813716083765,251.065093875397,left_blink
1761185160.1270692,-1551.387169569265,-1063.393803650979,401.68395474087447,271.1520965374075,left_blink
1761185160.1277325,-1548.5635451027192,-1074.8341576154344,429.5050705112517,270.20216194866225,left_blink
1761185160.1277325,-1618.5370732736774,-1144.1793825938366,364.0194222871214,197.04971881536767,left_blink
1761185160.1412733,-1563.0893165306188,-1067.9976204964332,385.98011482693255,280.99177332082763,left_blink
1761185160.1412733,-1551.5592049672268,-1070.2228609700687,417.91886044852436,266.4809614927508,left_blink
1761185160.15695,-1622.3555111284368,-1140.8172125336714,364.4308112822473,188.27591351931915,left_blink
1761185160.15695,-1584.4665846773423,-1103.990417669993,380.8938508871943,255.71752942027524,left_blink
1761185160.1578805,-1545.3322715410031,-1081.0797905414365,422.09632869903,282.8467636988498,left_blink
1761185160.1578805,-1578.7333180452697,-1117.9888632041402,399.4848935669288,230.5405229185708,left_blink
1761185160.1711817,-1611.0684930621646,-1146.0343729718588,349.418852860108,210.34880305780098,left_blink
1761185160.1711817,-1551.7536797649227,-1076.442314596381,386.1147512253374,284.73541317647323,left_blink
1761185160.1870048,-1541.5026139863767,-1075.3764431090094,418.36764844320714,270.9351823399775,left_blink
1761185160.1870048,-1598.592186809983,-1142.7582206106745,376.4284103401005,221.80785652203485,left_blink
1761185160.187848,-1561.82149044564,-1094.13578128675,394.1405765302479,267.3373985826038,left_blink
1761185160.187848,-1552.8382507520728,-1081.061091041658,412.43990701343864,274.8882565931417,left_blink
1761185160.20129,-1597.4664769233204,-1140.652656935621,383.30982625856996,220.48019203776494,left_blink
1761185160.20129,-1583.251117191743,-1103.6650463738479,388.6728427950293,261.38347785314545,left_blink
1761185160.217012,-1534.9951880634762,-1069.7516335756518,424.1308342749253,293.9654862671159,left_blink
1761185160.217012,-1572.4764654194005,-1118.0374819035642,412.4174676137045,233.62220048205927,left_blink
1761185160.217758,-1605.8139336244203,-1146.767393363174,355.8402610840276,218.453166261781,left_blink
1761185160.217758,-1546.7833527238108,-1076.756466192659,400.5657246541232,288.65482833003625,left_blink
1761185160.2313073,-1561.941167244222,-1105.6509332503192,427.0479562403634,261.27128085447475,left_blink
1761185160.2313073,-1599.3700860007666,-1158.2638458269648,360.55627492815256,219.73969184653834,left_blink
1761185160.2469263,-1573.9462461019866,-1102.3149424898438,376.9519963338971,263.1487106322311,left_blink
1761185160.2469263,-1559.1848609768786,-1096.862168354448,413.10186930559576,261.7686875485815,left_blink
1761185160.2476404,-1585.0350494706072,-1122.6300790491514,397.95527448505163,227.81039595091715,left_blink
1761185160.2476404,-1567.4575196788646,-1103.2835765783675,380.3590451935306,279.39483603974804,left_blink
1761185160.261364,-1538.338658623863,-1082.4111949256621,422.5376368938014,281.98284680908546,left_blink
1761185160.261364,-1581.4634450129233,-1123.695950536523,409.2310728514567,233.00137708941475,left_blink
1761185160.2769775,-1591.3891394953243,-1126.0670471084304,372.37809868808836,263.2571677309461,left_blink
1761185160.2769775,-1547.3181584174745,-1070.9708409612067,397.0838777953759,280.31485142884776,left_blink
1761185160.2776537,-1539.8271388062276,-1081.6744346343912,428.21854492649436,270.7033085427247,left_blink
1761185160.2776537,-1601.0455611809157,-1148.8243383388035,369.49837572220713,208.31429748190567,left_blink
1761185160.2915137,-1553.9751803386025,-1080.0326185538433,388.45592859759927,294.1487413649447,left_blink
1761185160.2915137,-1542.4188894755207,-1103.9978974699043,414.06676349416375,261.8734047473408,left_blink
1761185160.3069916,-1596.3445069366135,-1139.7887400458567,387.60323140770197,229.2801766335033,left_blink
1761185160.3069916,-1594.45585745899,-1119.0322952917777,370.1678178142756,246.85770642524585,left_blink
1761185160.3077338,-1543.899889857974,-1081.5472780358978,413.9844856951386,284.24922618223354,left_blink
1761185160.3077338,-1583.4268924896605,-1128.6026992783882,388.8785372925922,213.8568292162381,left_blink
1761185160.3212128,-1602.4629832641222,-1140.2711871401407,357.5419155638665,219.2759442520328,left_blink
1761185160.3212128,-1538.37605762342,-1074.5761045184918,404.39538220874965,290.92494760314,left_blink
1761185160.3369815,-1570.1165885473602,-1125.7641152120195,406.9011151790619,235.99329705396667,left_blink
1761185160.3369815,-1605.9111710232683,-1145.5781051772647,361.9811768112704,211.17532094800845,left_blink
1761185160.3378341,-1572.0501168244518,-1098.1225146395154,379.076259508729,268.8034393652342,left_blink
1761185160.3378341,-1557.7337797940709,-1093.2269855975173,417.5037315534428,265.5048476043157,left_blink
1761185160.35123,-1608.289747395087,-1150.5446923184209,389.90326988045126,209.0061789737083,left_blink
1761185160.35123,-1573.699412704911,-1136.819259481039,382.0270405737683,254.79377413121983,left_blink
1761185160.366946,-1534.3033065716736,-1081.2144269398414,420.166540321894,280.2288337298669,left_blink
1761185160.366946,-1570.5915558417328,-1110.1575126969256,411.9686796190217,241.89859908400103,left_blink
1761185160.367669,-1614.333425723482,-1145.2415141812526,364.99927607551217,212.12525553675368,left_blink
1761185160.367669,-1526.9618829586543,-1050.850179199595,419.40734063088894,313.37556703714654,left_blink
1761185160.3812346,-1539.7448610072024,-1084.2848848034628,439.6252397913486,284.27914538187906,left_blink
1761185160.3812346,-1598.7193434084766,-1149.336704632733,377.04549383278936,215.7492185938172,left_blink
1761185160.3970068,-1545.7735797357745,-1081.1732880403288,402.9630005257204,309.19061898672953,left_blink
1761185160.3970068,-1535.660890255589,-1077.6353426822461,430.03613630495965,293.7223927699961,left_blink
1761185160.3976612,-1594.2726023611613,-1136.6210447833873,394.42480892688036,231.22866451041773,left_blink
1761185160.3976612,-1569.7276389519684,-1118.4713102984242,377.19882973097265,263.0626929332502,left_blink
1761185160.4112554,-1520.2525024381466,-1069.5870779776014,434.1388065563515,298.9769522077404,left_blink
1761185160.4112554,-1563.0967963305302,-1131.3477858458646,400.9284949498251,232.8667406910099,left_blink
1761185160.4268987,-1566.2607516930439,-1126.7402291004546,383.2911267587915,247.51966871740296,left_blink
1761185160.4268987,-1492.5061846668832,-1035.871879877057,451.19649025425315,346.60831804340705,left_blink
1761185160.4276905,-1530.6045455154963,-1106.1520798443817,435.9451782349497,267.86846437631175,left_blink
1761185160.4276905,-1597.7357497201301,-1138.7153887585737,384.334558846429,226.57996886549518,left_blink
1761185160.4413097,-1539.8720176056959,-1082.9160814196803,405.741746192798,303.4947513542138,left_blink
1761185160.4413097,-1545.3247917410918,-1102.4495788882487,438.08440100960433,281.64999571302906,left_blink
1761185160.4569523,-1586.714264550712,-1151.3375511090271,401.95696743763983,238.30829512653872,left_blink
1761185160.4569523,-1583.9916173829697,-1142.631064012181,375.7627081479877,237.75478993309662,left_blink
1761185160.4576426,-1549.012333097402,-1090.4108409308828,420.8621617136523,269.5102804568596,left_blink
1761185160.4576426,-1564.88446850935,-1114.420998646412,418.6144818402827,250.6611846801825,left_blink
1761185160.4876823,-1592.1146800867282,-1158.5405984236859,364.868379577063,224.13407429447398,left_blink
1761185160.4876823,-1534.3145262715407,-1098.8330956310965,391.3393914634362,282.5924505018629,left_blink
1761185160.4883535,-1540.5040606982075,-1101.9559120940976,427.9829312292859,259.83141937153414,left_blink
1761185160.4883535,-1575.0532564888708,-1137.1895095766522,398.43772157933563,246.67071142746136,left_blink
1761185160.489153,-1549.0833911965601,-1097.1538805509917,389.17398938909173,286.65024195378646,left_blink
1761185160.489153,-1511.4487779424526,-1055.2333419476636,445.57168072089553,316.5731814992614,left_blink
1761185160.5012956,-1601.296134477947,-1173.8031301428564,379.3343126056716,185.7402613493614,left_blink
1761185160.5012956,-1560.2133334646933,-1105.2058851555921,397.76453958731145,274.3796301991679,left_blink
1761185160.5169556,-1530.3352727186866,-1081.5061391363852,417.55235025286674,284.6755747771822,left_blink
1761185160.5169556,-1555.646915618796,-1114.9558043400757,416.0489104706794,248.3574063074775,left_blink
1761185160.5176148,-1594.7924484550022,-1151.6928416048177,373.1335584791377,214.21959951194003,left_blink
1761185160.5176148,-1543.6530564608984,-1096.4582591592334,408.43073426093906,271.86641742894426,left_blink
1761185160.5313284,-1535.118604762014,-1103.1751194796525,421.39696740731597,269.0427929623984,left_blink
1761185160.5313284,-1582.9930640948005,-1147.287239457015,378.74714831262827,225.17002658220008,left_blink
1761185160.5469904,-1546.6038375259377,-1095.197912874166,396.3321579042822,270.45647514564916,left_blink
1761185160.5469904,-1543.596957961563,-1104.4205061648972,421.96543220058084,239.9127122075297,left_blink
1761185160.5477388,-1595.6189663452096,-1152.2126876986586,393.8900032332167,211.62784884264693,left_blink
1761185160.5477388,-1568.6243684650399,-1132.7315488294698,389.97806787956506,251.08379337517545,left_blink
1761185160.5612743,-1531.5208210046403,-1092.8380360021256,440.93046487588435,276.1822619778104,left_blink
1761185160.5612743,-1586.074741658289,-1150.2118412223645,395.1092106187716,203.21307394234464,left_blink
1761185160.5770752,-1582.286223003175,-1137.7504945700057,377.19882973097265,237.9866637303494,left_blink
1761185160.5770752,-1522.0476544168778,-1093.7094326918013,418.8239162378013,284.57833737833425,left_blink
1761185160.577679,-1531.6853766026907,-1109.7685631015338,432.67276577372104,271.20819503674284,left_blink
1761185160.577679,-1580.1320406286977,-1155.8104714560322,393.31779853999615,224.87457448570058,left_blink
1761185160.5912468,-1553.6834681420587,-1112.479990569409,392.04997245501727,257.9502496938221,left_blink
1761185160.5912468,-1526.5878929630853,-1093.556096793618,443.71669034287333,281.9940665089525,left_blink
1761185160.606956,-1577.3832141612656,-1171.2599981729873,396.8520039981231,206.69866070104763,left_blink
1761185160.606956,-1545.6090241377242,-1129.810686964076,381.2902802824974,251.6185990688391,left_blink
1761185160.6078403,-1530.787800613325,-1094.726685479749,421.9429928008467,266.7651938893832,left_blink
1761185160.6078403,-1583.9841375830583,-1148.9103560377844,408.87578235566616,221.42638672655448,left_blink
1761185160.621258,-1584.264630079735,-1152.642776193563,364.11291978601366,235.43605196056888,left_blink
1761185160.621258,-1514.3658999078907,-1087.3964815665968,413.9470866955817,278.8488106462173,left_blink
1761185160.63694,-1556.3126178109087,-1125.4013449163176,413.0420309063047,225.9367060731165,left_blink
1761185160.63694,-1585.738150662277,-1157.3475703378208,384.6636700425297,207.77575188828632,left_blink
1761185160.6377313,-1548.1820753072388,-1114.9670240399428,391.63110365998,261.1029853564687,left_blink
1761185160.6377313,-1523.782967996318,-1100.8152426076122,422.7246318915859,261.0693262568675,left_blink
1761185160.6512544,-1581.2540106154047,-1159.3895557136275,397.8206380866468,202.8203844469972,left_blink
1761185160.6512544,-1572.9140337142162,-1138.326439163182,378.2609613183886,236.96941094240174,left_blink
1761185160.6669853,-1518.4461307595484,-1086.7046000747941,432.07438178081065,277.46130776265636,left_blink
1761185160.6669853,-1571.7883238275535,-1149.2020682343282,396.39199630357325,206.79215819993988,left_blink
1761185160.6678295,-1583.1239605932496,-1160.3170509026386,385.3667712341994,215.95117319142446,left_blink
1761185160.6678295,-1518.3937721601687,-1097.8083630432375,412.23047261592,273.20156171312556,left_blink
1761185160.681195,-1542.4974273745902,-1119.4474241868593,427.728618032299,241.0608614939265,left_blink
1761185160.681195,-1595.2337566497736,-1184.8133956124075,362.3925658063963,174.63649838091806,left_blink
1761185160.696922,-1522.4403439122252,-1100.4487324119546,415.4280870780349,279.9595609330572,left_blink
1761185160.696922,-1527.5041684522294,-1115.5280090332963,432.89341987110674,244.62872605165467,left_blink
1761185160.6976547,-1556.465953709092,-1159.3446769141592,400.748979751952,198.39234289946035,left_blink
1761185160.6976547,-1549.8912095869891,-1142.7432610108517,384.8544049402699,229.3549746326171,left_blink
1761185160.7112849,-1495.6477006296627,-1086.2632918800227,448.701976983808,264.7045090137981,left_blink
1761185160.7112849,-1568.901121061761,-1159.2549193152227,421.3034699084237,187.64387042680755,left_blink
1761185160.7269611,-1563.3959883269854,-1155.2532263626345,387.337698510848,210.57319705514237,left_blink
1761185160.7269611,-1517.5560345700942,-1102.1541267917491,423.8952205777168,252.66951095638797,left_blink
1761185160.7276616,-1531.9509094995447,-1135.1250848011114,432.71016477327794,217.46583267347887,left_blink
1761185160.7276616,-1576.8409286676906,-1172.0191978639923,377.0754130324349,182.80069998418912,left_blink
1761185160.7412944,-1527.810840248596,-1100.8863007067703,415.6711805751547,263.0028545339592,left_blink
1761185160.7412944,-1523.7605285965838,-1114.4509178460576,440.81826787721366,230.20767182251438,left_blink
1761185160.7570157,-1561.4774196497165,-1148.143676546868,401.43338144384325,193.87080385303125,left_blink
1761185160.7570157,-1556.3761961101554,-1132.9372433270328,388.98325449135154,236.34110774984583,left_blink
1761185160.7578018,-1505.823968409095,-1082.2354196277447,429.4302725121379,276.0027467799373,left_blink
1761185160.7578018,-1576.8035296681337,-1166.9067546245642,399.42879506759346,186.73133483761922,left_blink
1761185160.7712624,-1577.8095627562143,-1147.1563429585658,375.3550590528175,211.99435903830454,left_blink
1761185160.7712624,-1529.0599668337964,-1095.2016527741216,414.2799377916381,265.175736408215,left_blink
1761185160.787002,-1544.7862461474724,-1120.5768739734776,430.70931829698384,233.1696725874208,left_blink
1761185160.787002,-1585.9139259601943,-1167.4378204182722,369.48715602234006,196.91882231691852,left_blink
1761185160.7878418,-1550.979520474095,-1121.2650155653246,388.8785372925922,242.22771028010175,left_blink
1761185160.7878418,-1530.0809595216997,-1106.6120875389315,427.9081332301721,260.98330855788663,left_blink
1761185160.8012433,-1588.5505554289557,-1167.7370124147274,383.152750460431,193.9231624524109,left_blink
1761185160.8012433,-1565.0153650077991,-1139.5643460485153,377.2885873299092,231.9467253019102,left_blink
1761185160.8170211,-1520.5629141344689,-1102.6590132857673,436.89511282369494,273.6653093076311,left_blink
1761185160.8170211,-1563.0818367307074,-1148.8991363379173,405.5584910949692,209.11089617246762,left_blink
1761185160.8177247,-1577.607608158607,-1159.0080859181471,351.4645781358704,206.88939559878781,left_blink
1761185160.8177247,-1529.0786663335748,-1096.2899636612274,398.23950688168406,270.5836317441426,left_blink
1761185160.8314912,-1539.124037614558,-1113.1569124613889,428.5065172230825,249.19514389755204,left_blink
1761185160.8314912,-1597.1598051269539,-1170.1380281862803,371.78345459513366,190.77042678976431,left_blink
1761185160.8470068,-1536.7753804423846,-1091.0877628228627,399.83644416276366,273.6017310083844,left_blink
1761185160.8470068,-1538.989401216153,-1115.8832995290868,428.9889643173665,251.56998036941513,left_blink
1761185160.8476622,-1581.396126813721,-1161.4726799889468,390.6774291712791,200.2622928773053,left_blink
1761185160.8476622,-1564.7199129112996,-1135.3793979980983,379.26699440646917,237.52291613584384,left_blink
1761185160.861247,-1536.663183443714,-1109.7685631015338,404.1971675110981,251.0688337753527,left_blink
1761185160.861247,-1562.0458844429813,-1145.731441075448,402.1851013349369,216.07832978991792,left_blink
1761185160.8769221,-1556.5295320083387,-1121.5043691624887,377.6214384259656,248.53318160539493,left_blink
1761185160.8769221,-1517.1296859751455,-1081.5958967353217,417.8291028495878,290.7416925053112,left_blink
1761185160.877642,-1535.7431680546142,-1112.9325184640475,444.4721501339227,238.74586342135444,left_blink
1761185160.877642,-1583.3072156910785,-1146.8085322626866,391.3618308631703,217.44713317370042,left_blink
1761185160.8912847,-1530.3128333189525,-1103.3546346775256,403.9765134137124,264.9625621107407,left_blink
1761185160.8912847,-1509.575088064652,-1086.3941883784719,424.25799087341875,265.7105421018787,left_blink
1761185160.906984,-1585.3791202665307,-1156.453734248411,389.50684048514813,191.27905318373814,left_blink
1761185160.906984,-1550.9720406741835,-1118.957497292664,385.46774853300303,249.32978029595688,left_blink
1761185160.9077172,-1516.1012134873308,-1098.0813757400028,431.7976291840896,271.4101496343501,left_blink
1761185160.9077172,-1564.6451149121858,-1138.5134341609664,409.3806688496843,199.71626748377457,left_blink
1761185160.9213,-1587.5183430411853,-1162.9013217720203,361.4613307174295,194.71602124301717,left_blink
1761185160.9213,-1506.3325948030688,-1072.7734727398492,429.44149221200496,297.7465251223184,left_blink
1761185160.9376352,-1534.8119329656474,-1119.884992481675,430.0847550043836,232.7171446927823,left_blink
1761185160.9376352,-1583.6438066870905,-1163.4062082660384,382.4720886684954,201.7395533598028,left_blink
1761185160.9383588,-1522.152371615637,-1086.6410217755474,398.3704033801332,280.28119232924655,left_blink
1761185160.9383588,-1511.370240043383,-1093.9450463890098,437.96846411097795,250.6237856806256,left_blink
1761185160.939108,-1574.7783738421276,-1153.9947500275448,401.7811921397224,200.0958673292771,left_blink
1761185160.951383,-1549.2984354440123,-1109.2169278580695,389.75741378217936,251.0482643255964,left_blink
1761185160.951383,-1508.5447456268594,-1083.5238151624799,425.9746049530804,267.1560134347528,left_blink
1761185160.9662912,-1550.5849610287696,-1138.1375742154196,410.7906111329794,222.71852216124535,left_blink
1761185160.9662912,-1583.757873635739,-1163.135065519251,358.9929967466742,196.89451296720654,left_blink
1761185160.9819193,-1501.7904863068834,-1065.6396135743707,420.44329291861504,295.5755131980404,left_blink
1761185160.9819193,-1525.9801592202857,-1118.1889478517696,443.6456322437152,233.67268913146108,left_blink
1761185160.9826884,-1573.8246993534267,-1167.1068392721936,383.57161925546825,203.36453989055008,left_blink
1761185160.9826884,-1545.779189585708,-1116.80892476812,394.7800994226709,246.9343743743375,left_blink
1761185160.9962602,-1509.4236221164465,-1099.3248924752697,445.52680192142725,253.38570179790258,left_blink
1761185160.9962602,-1561.3596128011122,-1155.860960105434,399.2717192694545,202.55298160016537,left_blink
1761185161.0118992,-1568.4018444176763,-1141.099574980326,372.3257400887087,228.0366598982364,left_blink
1761185161.0118992,-1500.3431450240314,-1068.433318841271,439.77857568953186,306.0434931740165,left_blink
1761185161.012646,-1564.160797867924,-1166.7964275758713,396.2349205054343,186.89028058573604,left_blink
1761185161.012646,-1547.529462764971,-1129.7340190149844,386.35410482250154,230.2170215724036,left_blink
1761185161.0262227,-1523.6876005474478,-1113.2223607106134,406.0521578891203,247.75341246463358,left_blink
1761185161.0262227,-1524.9666463322937,-1117.4035688610747,433.6563594620675,245.72264678869396,left_blink
1761185161.0421548,-1570.746761689894,-1149.7686630776152,380.72555538918823,205.56360106449574,left_blink
1761185161.0421548,-1539.8140491563827,-1108.910256061703,404.5225388072431,272.82196186762303,left_blink
1761185161.0426252,-1531.993918349035,-1109.4862006548792,425.03962996415794,258.99181183148175,left_blink
1761185161.0426252,-1564.8339798599482,-1140.2169585907832,409.8892952436581,225.4785683285445,left_blink
1761185161.056224,-1548.819728249684,-1147.4873241046444,376.7799609359354,249.36904924549162,left_blink
1761185161.056224,-1498.237581348978,-1087.9219375103712,427.74731753207743,283.1627852451056,left_blink
1761185161.0719864,-1529.6265616770834,-1140.6208677859977,424.5048242704943,224.2518811430782,left_blink
1761185161.0719864,-1562.3544261893257,-1141.8325953716412,387.3788374103606,233.85968412924558,left_blink
1761185161.0726335,-1492.5978122157976,-1082.2485092775896,421.22119210939854,309.2111884364858,left_blink
1761185161.0726335,-1533.9760653255507,-1136.177866638638,417.9824387477711,245.66280838940293,left_blink
1761185161.0863688,-1558.5098090348765,-1155.6627454077825,396.8108650986105,245.96200038585812,left_blink
1761185161.0863688,-1516.76130582951,-1084.9711564453319,417.81040334980935,287.45245049428195,left_blink
1761185161.1020591,-1512.6361961783841,-1114.4976665955037,428.85058801900595,255.50996497273445,left_blink
1761185161.1020591,-1571.4162037819624,-1175.3794979741797,392.2332275528461,210.61246600467712,left_blink
1761185161.103098,-1526.9487933088094,-1118.9481475427747,403.7408997165039,283.30864134337753,left_blink
1761185161.103098,-1505.0105401687324,-1107.5152733782306,425.9746049530804,268.8614078145474,left_blink
1761185161.1163447,-1553.932171489112,-1151.025269462727,413.28512440342456,219.0721197044477,left_blink
1761185161.1163447,-1568.4766424167901,-1156.332187499851,387.82762540504336,237.0012000920251,left_blink
1761185161.132128,-1505.967954557389,-1100.6413372596726,437.33268111851066,296.3945512883365,left_blink
1761185161.132128,-1545.7604900859296,-1146.5486092157662,412.8961748080328,223.04389345739037,left_blink
1761185161.132745,-1562.302067589946,-1161.324953940697,379.23707520682365,219.72286229673773,left_blink
1761185161.132745,-1523.8820753451437,-1109.7218143520877,403.76333911623806,267.8366752266884,left_blink
1761185161.1463456,-1505.642583261244,-1096.6172049073502,443.4399377461523,273.69709845725447,left_blink
1761185161.1463456,-1582.7668001474813,-1176.0227607665583,393.7740663345903,192.19719862286001,left_blink
1761185161.1619992,-1558.7865616315976,-1143.077982056886,391.01776006724685,247.0428314730525,left_blink
1761185161.1619992,-1511.4057690929621,-1089.0925261965021,426.92827944178134,283.4731969414279,left_blink
1761185161.1626415,-1548.9207055484876,-1156.5752809969708,408.24747916311026,220.6653170855716,left_blink
1761185161.1626415,-1566.5019752401859,-1153.0672548385337,376.20027644280344,219.09829900413752,left_blink
1761185161.1762288,-1506.2708864538,-1095.9028840158135,426.58794854581356,283.9481642358005,left_blink
1761185161.1762288,-1527.326523204334,-1117.508286059834,435.1784987440333,253.5315578961745,left_blink
1761185161.1919432,-1591.5032064439729,-1182.3057926921174,372.90542458184063,187.69435907620937,left_blink
1761185161.1919432,-1520.0262384908274,-1093.7000829419121,413.4571598013863,295.81860669516027,left_blink
1761185161.1926212,-1526.9824524084106,-1120.3468701262027,424.2841701731086,241.76583263557404,left_blink
1761185161.1926212,-1559.7963346196339,-1154.5033764215186,395.7375138113275,230.69198886677623,left_blink
1761185161.2063932,-1564.366492365487,-1156.294788500294,364.00072278734297,228.41812969371676,left_blink
1761185161.2063932,-1491.2888472313061,-1077.360460035503,452.1090258434415,306.05471287388355,left_blink
1761185161.2220004,-1570.167077196762,-1178.3714179387316,414.4557130895555,194.39625979680568,left_blink
1761185161.2220004,-1543.583868311718,-1137.9543191175908,401.3324041450396,265.3459018561989,left_blink
1761185161.2226355,-1515.2391665475443,-1097.7690940937027,409.7883179448545,270.0207768008113,left_blink
1761185161.2226355,-1535.9806517018005,-1124.2588054798543,425.9334660535678,244.52961870282888,left_blink
1761185161.2362359,-1589.1171502722427,-1173.2739342991263,376.67524373717606,201.580607611686,left_blink
1761185161.2362359,-1533.104668635875,-1125.276058267802,400.3001917572692,263.37123467959464,left_blink
1761185161.2519004,-1505.7959191594273,-1102.8104792339727,437.1045472212136,272.7247244687751,left_blink
1761185161.2519004,-1591.6864615418017,-1197.6319027105346,377.0604534326121,175.29659072309732,left_blink
1761185161.252604,-1553.5993203930557,-1140.1010216921568,372.8119270829484,247.4093416687101,left_blink
1761185161.252604,-1523.3023908520117,-1121.3155042147264,415.8319962732494,245.18410119507462,left_blink
1761185161.2663708,-1552.8625601017848,-1156.2050309013575,420.5293106175959,219.7340819966048,left_blink
1761185161.2663708,-1585.422129116021,-1189.12363031134,376.6528043374419,187.59712167736143,left_blink
1761185161.282005,-1501.7979661067948,-1084.1633380549029,425.207925462164,300.7328352369368,left_blink
1761185161.282005,-1539.5410364596173,-1147.9585514990613,408.39707516133785,211.21832979749888,left_blink
1761185161.2827287,-1563.955103370361,-1157.416758487001,385.8828774280846,227.63275070302188,left_blink
1761185161.2827287,-1541.3997667375952,-1137.0081244288012,392.98494744393975,230.41897617001086,left_blink
1761185161.2962868,-1511.4843069920316,-1112.8558505149558,437.89366611186415,266.41177334357053,left_blink
1761185161.2962868,-1587.7857458880171,-1189.6359966052696,381.08832568489015,184.35836831573397,left_blink
1761185161.31195,-1539.8925870554522,-1127.8865084368736,403.69602091703564,258.74123853445053,left_blink
1761185161.31195,-1505.2424139659852,-1099.478228373453,436.4313652291894,276.5656017232686,left_blink
1761185161.3127787,-1565.3949648533016,-1173.1243383008987,405.1209228001535,190.9405922377482,left_blink
1761185161.3127787,-1559.347546624951,-1159.395165563561,386.34662502259016,218.09600581601262,left_blink
1761185161.3263805,-1504.1204439792782,-1108.8092787628993,435.12240024469793,263.8574216738343,left_blink
1761185161.3263805,-1519.85046319291,-1123.709040186368,444.4010920347646,241.34696384053677,left_blink
1761185161.342142,-1575.7844069302082,-1177.2494479520246,389.24130758829415,194.2391839986667,left_blink
1761185161.342142,-1518.5639376081526,-1103.180729329586,422.56007629353553,291.27462824899703,left_blink
1761185161.3427577,-1509.0645917207003,-1118.13658925239,451.8098338469863,259.1526275295764,left_blink
1761185161.3427577,-1567.8857382237911,-1168.367185557261,410.0762902414426,210.432950806804,left_blink
1761185161.356201,-1529.6751803765073,-1155.5542883090675,396.4854938024655,253.13512850087136,left_blink
1761185161.356201,-1514.831517452374,-1115.0399520890787,431.82006858382374,270.21899149846286,left_blink
1761185161.37193,-1543.0715020177886,-1178.6294710356742,417.1297415578738,218.57471301034093,left_blink
1761185161.37193,-1562.1674311915413,-1175.5141343725845,382.0606996733695,210.8779989015311,left_blink
1761185161.3726656,-1499.2884932365268,-1112.6464161174372,441.34185387101024,277.33976101409644,left_blink
1761185161.3726656,-1515.0633912496269,-1169.2385822469369,430.00621710531414,225.54214662779123,left_blink
1761185161.3862283,-1546.4411518778652,-1212.2997903367504,391.7844395581633,210.94157720077783,left_blink
1761185161.3862283,-1535.5131642073393,-1123.2677319915965,402.0093260370195,248.93896075058728,left_blink
1761185161.4020455,-1502.6319637969136,-1152.0687015503645,441.2184371724725,255.51744477264583,left_blink
1761185161.4020455,-1527.1544878063723,-1261.6141111524776,405.21816019900143,198.00526325404644,left_blink
1761185161.4027345,-1482.5748803345487,-1212.6887399321422,415.70109977480024,255.0499572781846,left_blink
1761185161.4027345,-1456.567616042681,-1151.4179589580745,456.52958759106696,288.18547088559717,left_blink
1761185161.4162784,-1546.7066847747192,-1220.7407445367426,430.9860708937049,208.6938973274082,left_blink
1761185161.4162784,-1514.5996436551213,-1243.5242150668055,412.17063421662897,207.51956874132156,left_blink
1761185161.4319124,-1348.1628759270534,-1288.2459387369454,476.8933428497985,277.6838318100199,left_blink
1761185161.4319124,-1504.9020830700174,-1107.7209678757936,459.9291566507891,234.15513622574508,left_blink
1761185161.4327617,-1563.483875975944,-1149.3460543826222,413.35992240253836,193.8277950035408,left_blink
1761185161.4327617,-1407.167277527973,-1324.2312561105937,462.19553602393717,252.0430777138099,left_blink
1761185161.4461992,-1428.0284394808114,-1135.4822452468798,457.0756129845977,220.1828699912876,left_blink
1761185161.4461992,-1442.1727411132306,-1137.3634149245918,446.26730211265385,195.82116167992353,left_blink
1761185161.4619844,-1413.042660358362,-1129.8424761136994,443.52221554517746,213.33137327246368,left_blink
1761185161.4619844,-1356.0391052337363,-1139.5961351981387,500.1330811744556,220.52694078721106,left_blink
1761185161.4627073,-1298.6391207138076,-1226.7919026650488,485.58113044686615,169.0808769967407,left_blink
1761185161.4627073,-1418.2373813968152,-1167.1965968711302,426.9394991416484,146.15903016831726,left_blink
1761185161.4762473,-1336.1877162689343,-1061.2302715266123,467.4426156617701,203.63007278740406,left_blink
1761185161.4762473,-1344.6885088682175,-1083.6098328614607,473.4526348905638,166.4105884283781,left_blink
1761185161.4919167,-1331.3894246257842,-1164.7095634005964,417.7991836499423,111.28820298146456,left_blink
1761185161.4919167,-1240.3079011049122,-1133.1373279746622,438.0320424102247,170.39358188118786,left_blink
1761185161.4926567,-1240.7978279991075,-1201.0314717702568,478.2920654332265,153.13768348563462,left_blink
1761185161.4926567,-1345.5524257579818,-1049.221452768892,421.0080178119242,106.03738344367594,left_blink
1761185161.5063324,-1250.6749037820846,-1122.9872394949198,427.2686103377491,122.16383205261081,left_blink
1761185161.5063324,-1152.1995980488136,-1163.6474318131804,475.1954282699153,139.2925738496706,left_blink
1761185161.5219336,-1328.8687320556492,-1120.0327185299248,413.4646396012977,67.45657550077885,left_blink
1761185161.5219336,-1323.0382280247286,-1071.0587286101654,387.3227389110252,103.38953427504748,left_blink
1761185161.5227163,-1209.917474064976,-1064.5475627873093,434.22108435537666,128.9854095717892,left_blink
1761185161.5227163,-1248.9545498024672,-1064.4989440878853,441.8130812654272,89.34247004147619,left_blink
1761185161.5362835,-1240.876365898177,-1110.1593826469034,395.5916577130556,77.4084492828697,left_blink
1761185161.5362835,-1240.5435148021206,-1068.0817682454363,398.8865095740184,108.72637151181698,left_blink
1761185161.5519817,-1290.5833762092516,-1024.8821838572621,437.55707511585206,120.38737957365811,left_blink
1761185161.5519817,-1301.1897324835882,-1087.9817759096622,389.1066711898893,62.71438235696405,left_blink
1761185161.55277,-1294.0091245686635,-997.337820683606,380.75921448878944,87.29674476571381,left_blink
1761185161.55277,-1254.8000134332106,-991.439998453483,428.7271713204682,122.96417064312845,left_blink
1761185161.5662956,-1296.114688243717,-1045.7994443094358,393.5908112367615,57.25786832161248,left_blink
1761185161.5662956,-1320.6858309525996,-1034.4264085441828,358.9817770468071,72.12771054543555,left_blink
1761185161.5819485,-1250.2934339866042,-1017.5258006444201,413.2776446035132,132.99832222424448,left_blink
1761185161.5819485,-1288.9191207289696,-984.154673339799,406.7963979803026,74.65588291548193,left_blink
1761185161.582684,-1347.3662772364914,-1071.788009101525,367.3329736478627,65.48190832417458,left_blink
1761185161.582684,-1318.064161083661,-991.2717029554769,384.7758670412004,127.26131569221616,left_blink
1761185161.596239,-1293.4144804757088,-989.7458237735555,420.10296202264726,113.15815295930952,left_blink
1761185161.596239,-1349.1502095153555,-1076.5376820452511,375.52335455082357,59.22131579834968,left_blink
1761185161.6119418,-1301.1448536841199,-1038.7347732931376,380.68441648967564,119.49354348424822,left_blink
1761185161.6119418,-1322.4922026311979,-954.8039384875447,414.3435160908848,134.33346650842577,left_blink
1761185161.6126904,-1375.351948604919,-1057.6586670689285,372.94282358139753,49.310580915771425,left_blink
1761185161.6126904,-1340.4886012179777,-1037.2537729106843,371.75727529544383,121.17649846430868,left_blink
1761185161.6263208,-1321.658204941079,-973.9223070610315,402.73112672846764,161.4888800866902,left_blink
1761185161.6263208,-1355.3958424413577,-1055.3474088963121,400.1505957590416,103.78596367035061,left_blink
1761185161.6421473,-1409.482275600545,-1056.0205908883363,376.2975138416514,87.64081556163728,left_blink
1761185161.6421473,-1349.33720451314,-983.7171050449833,391.7470405586064,176.8299497049302,left_blink
1761185161.6427236,-1355.994226434268,-1009.9712027339265,408.8608227558434,129.38183896709234,left_blink
1761185161.6427236,-1401.9725564895198,-1064.1473934920505,366.1062864623964,100.16948041319847,left_blink
1761185161.6563299,-1404.0519408648834,-1023.8050926700234,352.7698032204062,142.12367811612785,left_blink
1761185161.6563299,-1350.904222594574,-1019.4032304221764,409.81075734458864,181.4973448496312,left_blink
1761185161.6720667,-1447.3599823517725,-1042.3213373506442,385.6958824303001,100.06850311439484,left_blink
1761185161.6720667,-1443.0553575027734,-1028.8315182104707,363.8735661888495,156.51107324566692,left_blink
1761185161.672803,-1395.2856153687462,-995.8381208013743,392.4015230508521,186.07124249543995,left_blink
1761185161.672803,-1413.9402363477275,-1020.0577129144222,408.6476484583691,157.24035373702645,left_blink
1761185161.6864057,-1461.5416829837486,-1079.5557813094929,351.7263711327687,115.87332032714039,left_blink
1761185161.6864057,-1435.0744109973311,-1029.7103947000578,363.04330839868635,175.67058071866632,left_blink
1761185161.7020223,-1411.920690371655,-999.8285940540954,406.2653321865946,189.45211205538362,left_blink
1761185161.7020223,-1474.3246610322967,-1062.46443851199,362.11207330971956,129.92786436062306,left_blink
1761185161.7027216,-1450.2546649174765,-1032.302145369351,355.5074099879712,178.0080181909725,left_blink
1761185161.7027216,-1417.8820909010246,-995.9353582002223,396.9567211968824,193.319168609567,left_blink
1761185161.716329,-1488.8616521600634,-1061.910933318548,367.1310190502554,123.87670623231679,left_blink
1761185161.716329,-1472.7987818503752,-1039.1125031886622,350.4996839473024,177.63402819540352,left_blink
1761185161.7319107,-1421.2629604609683,-1034.62836314179,401.7063941406086,199.04495544172823,left_blink
1761185161.7319107,-1450.3780816160142,-1027.1485632304102,402.1177831357345,172.88809515163302,left_blink
1761185161.7326915,-1519.764445493929,-1062.7748502083123,343.88006102573127,143.59345879871398,left_blink
1761185161.7326915,-1456.182406347245,-988.496697188355,368.2829082366079,213.6567445686087,left_blink
1761185161.7463255,-1469.1523793935776,-1014.6797367781401,395.7449936112389,192.18223902303725,left_blink
1761185161.7463255,-1520.5872234841809,-1068.6502330387011,355.81034188438207,139.2102960506454,left_blink
1761185161.761928,-1489.082306257449,-1029.093311207369,340.0541433710605,186.28067689295858,left_blink
1761185161.761928,-1454.675226665102,-998.2428764728829,411.6694876225665,236.42525549884886,left_blink
1761185161.7627275,-1517.2362731238827,-1066.4997905641794,382.3972906693816,147.87190434802324,left_blink
1761185161.7627275,-1527.3302631042898,-1026.849371233955,353.1250937161967,185.66359340026975,left_blink
1761185161.792733,-1476.5835606055334,-986.5220300117508,380.4413229925558,219.659283997491,left_blink
1761185161.792733,-1517.378389322199,-1018.3036998352036,396.6986680999398,184.43690621480346,left_blink
1761185161.7935045,-1541.3474081382155,-1063.6761660976335,345.5817155055702,159.53291240986437,left_blink
1761185161.7935045,-1482.219589838758,-991.6606525508687,391.15987626556307,239.24140016548336,left_blink
1761185161.7941012,-1490.724122337997,-999.809894554317,404.20464731100947,207.26151564437896,left_blink
1761185161.7941012,-1524.8843685332686,-1035.2342269346118,377.86453192308545,169.3800689931959,left_blink
1761185161.8062148,-1531.934079949744,-1025.5778052490205,356.95849117077887,196.55792197119445,left_blink
1761185161.8062148,-1478.1243993872777,-992.3113951431587,399.9673406612128,227.83470530062914,left_blink
1761185161.8220203,-1519.053864502348,-1036.1692019235343,398.9987065726891,175.70423981826752,left_blink
1761185161.8220203,-1541.0070772422478,-1037.2275936109945,360.2084642322734,183.80112322233617,left_blink
1761185161.82275,-1493.678643302992,-973.9671858604997,400.6779216527939,237.38266988750547,left_blink
1761185161.82275,-1511.117796796374,-1019.1227379254997,405.4911728957668,197.08524786494672,left_blink
1761185161.8361964,-1546.2167578805238,-1064.1997520914301,344.62056121695787,175.63318171910942,left_blink
1761185161.8361964,-1509.2815059181303,-1001.5975667331368,382.46086896862835,238.69163487199694,left_blink
1761185161.851929,-1506.3830834524706,-998.6654851678759,407.937067466788,221.2188222790137,left_blink
1761185161.851929,-1571.879951376468,-1054.9771588006988,360.8367674248293,173.09378964919597,left_blink
1761185161.8527372,-1522.9284008564427,-1020.7009757068008,369.7339894194156,224.68570953793824,left_blink
1761185161.8527372,-1510.7774659004062,-996.3766663949937,406.50842568371445,226.847371712327,left_blink
1761185161.866429,-1556.9801899529994,-1050.728632451035,377.56533992663026,182.58191583678126,left_blink
1761185161.866429,-1566.1915635438636,-1049.486985665746,338.25899139232934,181.80401664599776,left_blink
1761185161.8819892,-1496.4686086699367,-973.2491250690073,403.46788701973855,277.0143897179514,left_blink
1761185161.8819892,-1537.0951418885961,-997.2705024844036,409.10765615291893,239.75750635936856,left_blink
1761185161.8827124,-1573.6938028549775,-1043.0431380420923,361.5323888165876,206.14328555762768,left_blink
1761185161.8827124,-1526.5935028130189,-981.1253543756902,391.1112575661391,269.7515040040016,left_blink
1761185161.8961842,-1517.3335105227306,-968.5256314249709,429.2470174143091,262.03983029536903,left_blink
1761185161.8961842,-1568.562660115771,-1049.1690941695124,375.2204226544127,202.3585068024695,left_blink
1761185161.9119704,-1537.951578978449,-1002.7831150190905,372.2060632901266,242.0463251322508,left_blink
1761185161.9119704,-1515.8001515408978,-968.0918030301109,412.8176369089633,278.78710229694843,left_blink
1761185161.9126668,-1580.3844838757068,-1045.6535882111639,367.8341202419251,199.33666763827205,left_blink
1761185161.9126668,-1579.9618751807138,-1021.2694405000657,354.14982630405575,207.40737174265087,left_blink
1761185161.9262805,-1538.7032988695428,-989.2259776797146,384.3308189464733,257.5033316491172,left_blink
1761185161.9262805,-1559.4223446240649,-1017.406123845838,395.31116521637887,240.79345864709467,left_blink
1761185161.942685,-1607.1098089590669,-1069.749763625674,337.59328920021653,184.6463406123221,left_blink
1761185161.942685,-1566.7936874367297,-982.7148118568584,392.65209634788334,266.381854143925,left_blink
1761185161.943329,-1545.5959344878793,-1000.1651850501075,396.83330449834466,239.31993806455284,left_blink
1761185161.943329,-1606.3580890679732,-1053.4363200189546,358.70876435004175,194.0596688007936,left_blink
1761185161.9441147,-1573.4787586075254,-1018.9843616271392,345.45268895709887,251.51201192010194,left_blink
1761185161.956313,-1539.2960730125196,-995.359413607046,405.283608448226,251.1193224247545,left_blink
1761185161.956313,-1587.9970502355136,-1064.8018759842962,376.1610074932687,197.84070765599608,left_blink
1761185161.9711902,-1618.1780428779311,-1048.0583438826725,348.5642857202329,196.47938407212496,left_blink
1761185161.9711902,-1533.5366270807572,-974.1354813585058,407.695843919646,296.581546286121,left_blink
1761185161.986986,-1576.3323022737168,-1026.935388932936,397.0259093460627,227.37843750603497,left_blink
1761185161.986986,-1610.062459974084,-1063.7360044969246,352.42760237446055,207.51956874132156,left_blink
1761185161.987728,-1548.2867925059982,-994.7610296141356,390.2417308264412,283.6227929396555,left_blink
1761185161.987728,-1569.6416212529875,-1017.6080784434453,397.9459247351624,242.1547822309658,left_blink
1761185162.001268,-1605.9485700228252,-1067.3674473538995,364.1260094358586,212.93494387716055,left_blink
1761185162.001268,-1595.6002668454312,-1042.1979206521064,365.5359517191537,254.16360098868608,left_blink
1761185162.0169773,-1568.2391587696038,-1001.2796752369031,405.92687124060467,268.85018811468035,left_blink
1761185162.0169773,-1606.7002899139188,-1070.2284708200023,386.2811767733656,217.01143482886255,left_blink
1761185162.0177095,-1614.2324484246783,-1063.4031534008682,356.4068559273146,225.67678302619606,left_blink
1761185162.0177095,-1554.764299229253,-998.1344193741679,404.16163846151903,287.9797763880342,left_blink
1761185162.031351,-1588.558035228867,-1038.7085939934477,382.09996862290427,241.31704464089125,left_blink
1761185162.031351,-1637.1243760534562,-1081.2985746888444,350.8119655936025,202.56420130003244,left_blink
1761185162.0469863,-1579.417719737161,-1011.7588749127463,374.8931814082898,287.5459479931742,left_blink
1761185162.0469863,-1562.206700141076,-1014.4179437812418,409.44611709890887,260.641107711941,left_blink
1761185162.0476418,-1611.5995588558726,-1080.206523901783,372.8212768328376,218.94496310595423,left_blink
1761185162.0476418,-1594.867246454116,-1048.4846924776211,357.3418309162371,250.03475143760443,left_blink
1761185162.0612674,-1567.6744338762946,-1012.3460392057896,405.9792298399843,270.6864789929241,left_blink
1761185162.0612674,-1611.9137104521506,-1064.4204061888158,380.7236854392104,214.74879535567015,left_blink
1761185162.0770304,-1621.2410209416412,-1061.6416605217382,364.036251836922,250.25166563503444,left_blink
1761185162.0770304,-1557.0381584023125,-1006.5267548747361,396.2031313558109,286.0238087112084,left_blink
1761185162.0777133,-1582.491917500738,-1054.1992596099153,400.19734450848773,244.817590999417,left_blink
1761185162.0777133,-1631.8511171159334,-1090.4239305807278,356.2722195289098,221.89200427103788,left_blink
1761185162.091252,-1571.0515635362826,-1013.5615066913888,377.3054168797098,291.588779845275,left_blink
1761185162.091252,-1567.7454919754528,-1021.1909026009962,416.9595761098899,274.8265482438728,left_blink
1761185162.1069453,-1619.6478235605173,-1083.2882014652714,369.42918757302687,233.21642133686692,left_blink
1761185162.1069453,-1588.2251841328107,-1045.9565201075748,373.28128452738747,277.33602111414075,left_blink
1761185162.107653,-1548.5037067034282,-1010.2404755307361,425.400530309882,302.7636009128764,left_blink
1761185162.107653,-1603.1735642557032,-1072.9772972874343,390.99345071753487,226.39484381768852,left_blink
1761185162.1212447,-1595.9181583416648,-1057.351995272562,359.51097289053723,262.7915501864627,left_blink
1761185162.1212447,-1555.9274081154726,-1013.6400445904583,386.25873737363145,298.5412538629025,left_blink
1761185162.1369493,-1583.9654380832799,-1041.9473473550752,407.6921040196903,264.50816426612437,left_blink
1761185162.1369493,-1627.7858458640985,-1107.859344174154,346.1370906489901,203.74226978607476,left_blink
1761185162.1376455,-1555.4860999207012,-1034.3815297447145,392.59786779852584,314.1927351774648,left_blink
1761185162.1376455,-1569.1367347589694,-1043.9369741315022,409.5096953981556,275.125740240328,left_blink
1761185162.151265,-1625.7962190876715,-1102.0176204433665,377.9486796720885,237.00867989193648,left_blink
1761185162.151265,-1597.5861537219025,-1071.1821453087032,366.77385860448703,274.5647552469745,left_blink
1761185162.1669264,-1572.9850918133743,-1035.5221992312,399.52416251646355,277.26870291493833,left_blink
1761185162.1669264,-1608.723575789947,-1088.7222761008888,386.8384218667634,227.34477840643376,left_blink
1761185162.1676443,-1615.1375042139553,-1111.0756581360474,351.20465508894995,221.25996117852628,left_blink
1761185162.1676443,-1564.559097213205,-1035.1556890355423,400.9602840994485,295.04070750437677,left_blink
1761185162.1817143,-1593.1730717741884,-1078.6656851200387,390.36888742493466,229.13245058525354,left_blink
1761185162.1817143,-1620.3883237517439,-1091.3888247692958,368.20624028751627,240.81215814687312,left_blink
1761185162.1970673,-1565.6361884004436,-1030.3199983928353,388.11372775165364,302.09415882080793,left_blink
1761185162.1970673,-1568.5907093654387,-1061.2975897258148,420.2469481709413,270.99315078929067,left_blink
1761185162.197725,-1621.4280159394257,-1118.3722029495984,370.46513986075297,209.2848015204072,left_blink
1761185162.197725,-1595.7311633438803,-1061.6229610219598,368.2585988868959,270.832335091196,left_blink
1761185162.211481,-1548.8402976994403,-1021.1235844017938,423.38472423376516,296.64138468541205,left_blink
1761185162.211481,-1596.0752341398038,-1088.8232533996925,402.8825926766731,233.89708312880248,left_blink
1761185162.226983,-1610.8553187646903,-1094.8744115279987,352.8128120698966,233.9232624284923,left_blink
1761185162.226983,-1547.8454843112268,-1049.2289325688034,404.5805072565563,298.53003416303545,left_blink
1761185162.2277656,-1578.8679544436745,-1078.4412911226973,404.7749820542522,248.8641627514735,left_blink
1761185162.2277656,-1612.6990894428454,-1109.007493460551,359.2641394934617,221.480615275912,left_blink
1761185162.2413151,-1569.7126793521456,-1062.4494789121673,391.63671350991353,285.64233891572803,left_blink
1761185162.2413151,-1562.2478390405886,-1051.2783977445215,416.1816769191064,273.10993416421115,left_blink
1761185162.2570035,-1623.5447993143462,-1131.9181205891073,368.09404328884557,206.15076535753906,left_blink
1761185162.2570035,-1576.4295396725647,-1066.0996212689206,371.5197916482575,275.45111153647304,left_blink
1761185162.2577176,-1546.5103400270455,-1041.1507486645132,412.49787546275184,291.85431274212897,left_blink
1761185162.2577176,-1614.8495319173671,-1115.7767123803496,381.0976754347794,218.71308930870146,left_blink
1761185162.2713256,-1603.1548647559248,-1086.104346131906,373.7973907212727,247.51779876742512,left_blink
1761185162.2713256,-1544.382336952258,-1034.8265778394416,402.70307747879997,315.1052707666531,left_blink
1761185162.28692,-1581.5083238123916,-1078.9910564161837,413.4814691510983,243.9274948099628,left_blink
1761185162.28692,-1601.838419971522,-1122.007385706529,368.703646981623,224.54359333962202,left_blink
1761185162.2877202,-1551.4432680686004,-1054.8088633026928,391.52077661128715,303.287186906673,left_blink
1761185162.2877202,-1558.1489086891524,-1070.617420415394,418.429356792476,274.052388953045,left_blink
1761185162.301274,-1620.3733641519211,-1121.9064084077254,383.5435700058006,216.3606922365725,left_blink
1761185162.301274,-1574.5147108952515,-1089.3655388932675,375.39806790230796,260.858021909371,left_blink
1761185162.3170166,-1544.8012057472952,-1061.3948271246627,411.53672117413953,290.3209537602961,left_blink
1761185162.3170166,-1607.9980351985432,-1117.2128339633346,381.55768312932923,217.7668946199119,left_blink
1761185162.317708,-1592.9673772766255,-1103.2966662282124,357.005239920225,245.13174259569496,left_blink
1761185162.317708,-1554.0948571371846,-1069.0541422339156,392.62778699817136,268.6108345175162,left_blink
1761185162.3314083,-1568.8263230626471,-1084.5148886507377,414.82035333523527,245.17662139516324,left_blink
1761185162.3314083,-1610.3728716704063,-1123.6866007866338,367.3011844982393,214.52814125828445,left_blink
1761185162.3469694,-1566.6833603880368,-1064.1548732919618,391.5731352106668,285.2496494203806,left_blink
1761185162.3469694,-1561.9710864438675,-1077.094927138649,407.1759978258051,259.1301881298423,left_blink
1761185162.3477676,-1614.7335950187407,-1135.02223755233,367.9407073906623,210.72092310339212,left_blink
1761185162.3477676,-1598.8539798068814,-1100.611418060027,360.46464737923816,247.820730663836,left_blink
1761185162.361316,-1549.3601437932812,-1056.7311718799174,418.8893644870259,285.63485911581665,left_blink
1761185162.361316,-1599.1980506028049,-1130.8896481012926,387.18249266268685,219.67050369735807,left_blink
1761185162.376969,-1610.1035988735966,-1116.2628993745893,355.05675204331055,237.09843749087304,left_blink
1761185162.376969,-1553.3019983465783,-1043.1216759411618,388.9365057419054,284.30345473159105,left_blink
1761185162.3776927,-1593.816334566567,-1089.7881475882605,394.7557900729589,244.8587298989296,left_blink
1761185162.3776927,-1604.1721175438724,-1113.203661210835,374.493012113031,227.98056139890105,left_blink
1761185162.391296,-1541.8579044821672,-1044.9916259190068,405.814674241934,296.52170788683,left_blink
1761185162.391296,-1553.1636220482178,-1070.3107486190274,416.8922579106875,268.25180412176996,left_blink
1761185162.406879,-1619.5805053613149,-1126.5289247529581,363.87917603878304,210.33571340795606,left_blink
1761185162.406879,-1586.714264550712,-1081.4818297866732,374.06666351808235,269.3588145086542,left_blink
1761185162.4076688,-1533.2673542839475,-1038.330864097923,424.6263710190542,313.3026389880106,left_blink
1761185162.4076688,-1585.8615673608147,-1112.1564892232418,394.9427850707434,236.16720240190625,left_blink
1761185162.4212227,-1603.0239682574756,-1113.8207447035238,357.0688182194717,249.45880684442818,left_blink
1761185162.4212227,-1544.1242838553153,-1042.710286946036,402.67689817911014,297.1350514795631,left_blink
1761185162.4369724,-1569.9819521489553,-1095.7944269170985,386.4943510708399,241.46664063911885,left_blink
1761185162.4369724,-1614.9692087159492,-1113.4953734073788,362.637529253494,218.50365491118282,left_blink
1761185162.4376364,-1564.7086932114325,-1063.1824993034825,388.45031874766573,287.4973292937502,left_blink
1761185162.4376364,-1558.08159048995,-1084.0586208561435,409.9547434928827,259.2274255286902,left_blink
1761185162.4512105,-1605.0509940334596,-1142.1504868678749,377.3839547787793,209.842046613805,left_blink
1761185162.4512105,-1593.4498243709095,-1105.712641599588,356.8219848223962,247.24104617070407,left_blink
1761185162.4669082,-1534.538920268882,-1031.240013781935,435.4795606904663,313.4484950862825,left_blink
1761185162.4669082,-1597.7207901203074,-1126.2933110557497,385.33498208457604,212.57217358145863,left_blink
1761185162.467638,-1590.7608363027684,-1102.866577733308,363.46404714370146,257.2265790523961,left_blink
1761185162.467638,-1560.0899167661555,-1061.0806755283847,398.3647935301997,283.52929544076324,left_blink
1761185162.4812627,-1561.5148186492734,-1068.941945235245,417.64397780178115,271.7299110805616,left_blink
1761185162.4812627,-1600.716449984815,-1115.6345961820334,369.9789528665133,230.76678686589003,left_blink
1761185162.4968953,-1545.889516634401,-1062.187685915269,408.1371521144174,293.74670211970806,left_blink
1761185162.4968953,-1527.9005978475325,-1041.1245693648234,437.95537446113303,291.89919154159725,left_blink
1761185162.497714,-1614.1052918261848,-1130.3436227077618,374.28357771551237,207.47842984180897,left_blink
1761185162.497714,-1564.1177890184335,-1062.284923314117,385.0208304882981,291.2783681489527,left_blink
1761185162.5112176,-1537.3363654357381,-1049.3336497675627,423.50066113239154,306.72041506599635,left_blink
1761185162.5112176,-1578.2920098504983,-1098.6629301831126,397.78884893702343,245.9732200857252,left_blink
1761185162.5269787,-1587.5557420407422,-1112.0966508239508,362.9292414500378,240.75231974758208,left_blink
1761185162.5269787,-1522.2458691145293,-1031.7673396756873,416.4771290156059,312.90246969275177,left_blink
1761185162.527661,-1572.6485008173622,-1087.151518119499,416.2602148181759,243.04861832037568,left_blink
1761185162.527661,-1604.8602591357194,-1130.463299506344,362.1625619591214,218.35405891295522,left_blink
1761185162.5413024,-1539.2511942130513,-1059.3827609485015,406.74964923085645,284.41939163021743,left_blink
1761185162.5413024,-1546.8244916233234,-1084.1072395555675,415.7777677238919,277.0929276170209,left_blink
1761185162.5569832,-1610.5523868682794,-1138.1974126147106,371.8302033445798,225.6281643267721,left_blink
1761185162.5569832,-1559.1886008768342,-1068.3847001418471,393.3121886900626,309.4168829340488,left_blink
1761185162.557792,-1551.678881765809,-1057.3482553726062,436.9269019733183,283.3572600428015,left_blink
1761185162.557792,-1590.1811518096365,-1126.9440536480397,397.4634776408784,231.49980725720525,left_blink
1761185162.5712984,-1586.9236989482306,-1097.3165661990643,373.2738047274761,260.3419157154858,left_blink
1761185162.5712984,-1540.739674395416,-1068.0107101462781,406.89550532912835,297.1088721798733,left_blink
1761185162.5870476,-1572.229632022325,-1093.449509644881,417.6290182019584,248.10122316051275,left_blink
1761185162.5870476,-1622.4901475268416,-1152.8727800408378,357.2296339175664,205.0213155709207,left_blink
1761185162.5877712,-1538.544353121426,-1077.2108640372753,403.028448774945,303.94166939891875,left_blink
1761185162.5877712,-1546.0652919323184,-1086.8224069233984,419.13245798414573,268.577175417915,left_blink
1761185162.601436,-1600.5032756873406,-1137.3334957249463,388.3231621491723,204.60618667583913,left_blink
1761185162.601436,-1573.3104631095193,-1105.9407754968852,372.5333045362495,248.62854905426502,left_blink
1761185162.61708,-1523.6558113978244,-1060.631887533702,433.64700971217826,294.9472100054845,left_blink
1761185162.61708,-1604.2581352428533,-1140.3815141888335,376.40036109043285,207.01468224730343,left_blink
1761185162.6177287,-1589.9156189127825,-1122.1195827051997,374.83708290895447,223.2570677548647,left_blink
1761185162.6177287,-1546.6075774258934,-1071.9862237991765,399.74481661384925,273.3605074612424,left_blink
1761185162.6314259,-1563.1042761304416,-1116.3601367734373,403.6829312671907,237.37892998754978,left_blink
1761185162.6314259,-1626.2562267822213,-1159.9598904568702,356.0366058317013,197.48541716020554,left_blink
1761185162.646974,-1545.380890240427,-1087.9742961097509,398.77618252532557,283.3946590423584,left_blink
1761185162.646974,-1556.3986355098896,-1113.1288632117212,416.56314671458676,236.01760640367866,left_blink
1761185162.6477072,-1603.4390971525572,-1154.391179422848,384.0559362997301,204.79318167362362,left_blink
1761185162.6477072,-1548.6607825015672,-1092.1480244603008,396.44996475288644,303.78833350073546,left_blink
1761185162.661386,-1518.232956462074,-1076.3918259469792,405.8782525411807,270.458345095627,left_blink
1761185162.661386,-1584.313248779159,-1129.281491120346,385.1367673869245,232.16176954936236,left_blink
1761185162.6769247,-1587.9970502355136,-1143.668886249885,360.6067635775544,228.403170093894,left_blink
1761185162.6769247,-1529.6583508267067,-1051.3344962438568,419.8542586755939,308.7810999415815,left_blink
1761185162.6776965,-1569.2526716575958,-1127.2282860446721,416.01338142110035,237.80901848245412,left_blink
1761185162.6776965,-1611.9174503521062,-1149.132880085148,365.58831031853333,202.74745639786124,left_blink
1761185162.6912043,-1542.826538570691,-1073.0333957867697,393.9554514824413,292.9463635291904,left_blink
1761185162.6912043,-1542.8153188708238,-1088.598859402351,420.9126503630541,259.40320082660764,left_blink
1761185162.7069633,-1603.8542260476388,-1158.815481070429,384.65806019259617,203.14388579316437,left_blink
1761185162.7069633,-1575.546923283022,-1107.3993364796042,370.91018795548007,260.9440396083519,left_blink
1761185162.7076569,-1542.9836143688299,-1069.6936651263386,411.7611151714809,276.2327506272122,left_blink
1761185162.7076569,-1594.3511402602307,-1134.453772759065,401.04630179842934,212.6918503800407,left_blink
1761185162.721286,-1582.4058998017572,-1117.171695063822,376.2993837916292,242.36421662848443,left_blink
1761185162.721286,-1534.516480869148,-1078.7030841195956,399.5353822163306,276.55438202340156,left_blink
1761185162.737078,-1559.8169040693901,-1112.3023453215137,416.75014171237126,232.5918580442667,left_blink
1761185162.737078,-1586.5871079522185,-1132.6399212805554,379.51943765347824,235.90540940500796,left_blink
1761185162.7378283,-1554.7082007299177,-1090.3416527817026,386.03808327624574,275.70542473345995,left_blink
1761185162.7378283,-1548.7318406007253,-1100.0541729666293,421.38013785751536,248.16480145975947,left_blink
1761185162.7513733,-1607.6165654030629,-1156.4107253989205,373.66649422282353,198.62234674673527,left_blink
1761185162.7513733,-1548.4550880040042,-1085.5882399380207,387.92673275386915,285.6273793159053,left_blink
1761185162.7670293,-1523.2967810020782,-1080.5842537973076,424.8171059167944,278.5103497002274,left_blink
1761185162.7670293,-1588.270062932279,-1144.6898789377883,381.4193068309687,211.72321629151702,left_blink
1761185162.7676792,-1579.8178890324198,-1122.4599136011675,379.6166750523262,231.90371645241976,left_blink
1761185162.7676792,-1541.786846383009,-1074.8173280656338,412.64747146097943,280.66827197466046,left_blink
1761185162.781372,-1573.1234681117348,-1128.507331829518,394.6922117737122,220.78873378410935,left_blink
1761185162.781372,-1596.4380044355057,-1159.0922336671501,368.5914499829523,210.90791810117662,left_blink
1761185162.7970057,-1545.1976351425983,-1090.7193826772273,395.1036007688381,278.6449860986322,left_blink
1761185162.7970057,-1543.9036297579296,-1113.0503253126517,416.596805814188,259.91930702049285,left_blink
1761185162.7978446,-1578.7033988456242,-1146.62340721488,397.01094974623993,228.52658679243177,left_blink
1761185162.7978446,-1561.5372580490075,-1110.948501537554,395.07368156919256,275.11452054046094,left_blink
1761185162.811366,-1528.858012236189,-1082.8319336706772,425.45662880921736,276.85731391981244,left_blink
1761185162.811366,-1576.6240144702606,-1144.4467854406685,404.8049012538977,223.4814617522061,left_blink
1761185162.8434472,-1596.9204515297897,-1146.0362429218367,361.6352360653691,229.6298572793603,left_blink
1761185162.8434472,-1525.6229987745173,-1077.9102253289893,419.0240008854307,290.82584025431424,left_blink
1761185162.8440614,-1558.8220906811766,-1139.6260543977842,412.8531659585424,226.52574031613767,left_blink
1761185162.8440614,-1593.8574734660797,-1153.2542498363182,375.1175754056312,216.57386653404683,left_blink
1761185162.8448133,-1543.0845916676335,-1111.9919336251915,415.79272732371464,293.3914116239175,left_blink
1761185162.8448133,-1547.3144185175188,-1104.6056312127039,430.067925454583,258.16903384123,left_blink
1761185162.8455591,-1603.3269001538865,-1167.8473394634202,367.10670970054343,207.93095773644745,left_blink
1761185162.8455591,-1568.8450225624256,-1112.9343884140253,384.88245418993756,262.4960980899632,left_blink
1761185162.8563251,-1525.7052765735425,-1083.0264084683731,409.22920290147886,283.00944934692234,left_blink
1761185162.8563251,-1573.3478621090762,-1125.118982469663,397.45599784096703,235.6323967082426,left_blink
1761185162.871524,-1583.7447839858942,-1139.9402059940621,372.080776641611,241.5264790384099,left_blink
1761185162.871524,-1516.1610518866219,-1074.6677320674062,433.710588011425,305.4413692811504,left_blink
1761185162.8869293,-1552.6587355541997,-1116.4985130717978,417.4345434042625,250.8650092277676,left_blink
1761185162.8869293,-1600.5032756873406,-1143.246277554892,380.9368597366847,227.37843750603497,left_blink
1761185162.8876476,-1539.2362346132286,-1081.4519105870277,394.59497437486425,288.63051898032427,left_blink
1761185162.8876476,-1520.1253458396532,-1078.5834073210135,431.50030713761225,288.33880678378046,left_blink
1761185162.9012716,-1593.4498243709095,-1149.4171124817804,383.37153460783884,213.5782066695392,left_blink
1761185162.9012716,-1558.8594896807335,-1100.3683245629072,388.15486665116623,268.8389684148133,left_blink
1761185162.9169493,-1512.2827756325714,-1059.786670143716,446.84137675585225,297.2061095787212,left_blink
1761185162.9169493,-1579.5710556353442,-1155.2850155122578,400.2048243083991,206.6519119516015,left_blink
1761185162.9176977,-1568.392494667787,-1122.8787823962048,375.1175754056312,248.17976105958223,left_blink
1761185162.9176977,-1528.5663000396453,-1080.9021452935413,419.6934429774992,278.5776678994298,left_blink
1761185162.9313886,-1564.1626678179018,-1127.157227945514,409.3713190997951,233.48943403363228,left_blink
1761185162.9313886,-1594.781228755135,-1164.2757350057364,365.7042472171597,217.8454325189814,left_blink
1761185162.947696,-1527.6275851507671,-1083.6023530615494,404.74132295465097,287.74790259078145,left_blink
1761185162.947696,-1546.5552188265137,-1106.9393287850544,423.91205012751743,254.4964520847425,left_blink
1761185162.9484382,-1589.837081013713,-1156.9455310925841,391.15426641562954,197.08524786494672,left_blink
1761185162.9484382,-1558.6350956833921,-1119.1351425405592,370.3342433623038,252.46194650884718,left_blink
1761185162.9491007,-1511.6881315396167,-1087.622745513916,407.5555976713076,277.77732930891216,left_blink
1761185162.961257,-1577.3158959620632,-1159.1707715662196,389.15902978926897,203.49169648904353,left_blink
1761185162.961257,-1589.1414596219547,-1157.6000135848299,363.0694876983762,215.8782451422885,left_blink
1761185162.9762104,-1518.6854843567125,-1080.543114897795,422.18982619792223,280.82534777279943,left_blink
1761185162.9762104,-1546.9703477215953,-1125.5565507644787,409.6761209461838,216.68232363276184,left_blink
1761185162.992047,-1583.131440393161,-1151.6722721550614,379.775620800443,217.6546976212412,left_blink
1761185162.992047,-1514.4743570066057,-1075.539128757082,406.25037258677185,289.9993223641068,left_blink
1761185162.9927137,-1520.9817829295062,-1083.437797463499,434.71101124957204,267.1260942351073,left_blink
1761185162.9927137,-1599.0185354049318,-1166.4897557795048,380.0748127968982,193.73055760469288,left_blink
1761185163.006254,-1555.2916251230054,-1111.6553426291794,381.46605558041483,259.51165792532265,left_blink
1761185163.006254,-1517.7093704682775,-1090.7380821770057,425.55199625808746,265.69745245203376,left_blink
1761185163.0219731,-1577.3607747615315,-1160.6480320487171,388.6317038955167,201.8349208086729,left_blink
1761185163.0219731,-1562.8537028334104,-1144.8581744357944,378.2235623188317,229.8467714767903,left_blink
1761185163.022688,-1526.8272465602495,-1102.4626685380936,410.831750032492,268.85392801463604,left_blink
1761185163.022688,-1547.0788048203103,-1128.0772433346137,419.65791392792016,234.2224544249475,left_blink
1761185163.0362203,-1578.1648532520048,-1163.471656515263,380.6582371899858,221.02434748131782,left_blink
1761185163.0362203,-1525.929670570884,-1088.1874704072252,413.2327658040449,287.63944549206644,left_blink
1761185163.0520177,-1532.635311191436,-1106.3222452923656,437.11950682103634,258.5392839368433,left_blink
1761185163.0520177,-1587.5632218406536,-1171.0075549259782,386.8814307162538,197.14882616419345,left_blink
1761185163.0526683,-1551.4395281686448,-1121.9886862067506,383.2163287596777,246.51550557930022,left_blink
1761185163.0526683,-1501.7025986579247,-1073.2054311847314,442.8490335531533,289.7225697673857,left_blink
1761185163.0663652,-1587.2303707445972,-1165.6108792899176,394.64546302426606,192.7544437162578,left_blink
1761185163.0663652,-1561.5447378489189,-1123.8100174851716,391.98265425581485,258.9057941325009,left_blink
1761185163.0819612,-1514.6127333049662,-1071.062468510121,434.10888735670596,295.15290450304747,left_blink
1761185163.0819612,-1550.5157728795893,-1133.3392825722694,410.47271963674575,231.54842595662922,left_blink
1761185163.08276,-1557.9993126909249,-1139.543776598759,388.5531659964472,231.75786035414785,left_blink
1761185163.08276,-1527.7996205487289,-1095.6149117192253,413.80123059730977,281.30031506717205,left_blink
1761185163.0964344,-1539.2586740129627,-1116.2965584741905,430.5036237994209,248.95766025036573,left_blink
1761185163.0964344,-1571.0403438364156,-1154.7464699186385,394.0395992314443,222.19119626749307,left_blink
1761185163.1120267,-1548.5037067034282,-1134.5547500578687,394.2303341291845,249.87767563946545,left_blink
1761185163.1120267,-1522.3057075138204,-1097.0846924018115,432.66154607385397,284.1388991335407,left_blink
1761185163.112745,-1572.2034527226351,-1163.2884014174342,395.53555921372026,207.34005354344845,left_blink
1761185163.112745,-1572.6672003171407,-1140.546069786884,380.30668659415096,242.72324702423066,left_blink
1761185163.1263037,-1511.8938260371797,-1081.3958120876923,429.7519039083272,295.46331619936973,left_blink
1761185163.1263037,-1556.5070926086046,-1149.2787361834198,410.50637873634696,216.64866453316063,left_blink
1761185163.1419764,-1584.6348801753484,-1175.9217834677547,374.00869506876916,204.34065377898514,left_blink
1761185163.1419764,-1530.1931565203704,-1103.2031687293202,398.84537067450583,271.9356055781245,left_blink
1761185163.142754,-1545.1003977437504,-1122.5122722005472,419.7588912267238,241.38810274004936,left_blink
1761185163.142754,-1594.276342261117,-1178.8650847328827,366.2184834610671,189.48577115498483,left_blink
1761185163.1562448,-1552.3632834577002,-1125.0666238702834,391.4515884621069,254.25709848757833,left_blink
1761185163.1562448,-1531.11317190947,-1110.2528801457956,425.6941124564037,263.004724483937,left_blink
1761185163.1719923,-1581.7364577096887,-1164.545007802546,391.7844395581633,190.5740820420906,left_blink
1761185163.1719923,-1576.837188767735,-1142.655373361893,377.206309530884,239.32367796450853,left_blink
1761185163.1727633,-1518.367592860479,-1094.2947270348668,414.88954148441553,281.6593454629183,left_blink
1761185163.1727633,-1557.3747493983246,-1136.1703868387267,413.5768365999684,231.46240825764835,left_blink
1761185163.18621,-1600.0320482929237,-1182.9153963848948,361.26311601977795,201.10938021726906,left_blink
1761185163.18621,-1524.6169656864367,-1092.447216456756,419.07448953483254,304.72330848965794,left_blink
1761185163.2019744,-1529.6209518271498,-1116.9622606663033,433.85457415971905,249.39148864522576,left_blink
1761185163.2019744,-1571.8369425269775,-1161.8335803346708,404.9638470020145,213.05088077578694,left_blink
1761185163.202754,-1564.6002361127175,-1121.3005446149036,380.6170982904732,246.1153362840414,left_blink
1761185163.202754,-1509.6760653634556,-1076.3432072475553,443.5409150449559,300.7440549368039,left_blink
1761185163.216293,-1580.730424621608,-1162.61521942541,399.4811536669731,205.71319706272334,left_blink
1761185163.216293,-1590.8206747020595,-1155.8647000053898,375.1007458558306,216.065240140073,left_blink
1761185163.2320228,-1496.4629988200031,-1075.5727878566831,443.3576599471271,307.8049860531464,left_blink
1761185163.2320228,-1549.8912095869891,-1130.1267085103318,409.5639239475131,237.00867989193648,left_blink
1761185163.232761,-1579.9338259310462,-1155.7151040071622,381.2641009828076,228.8444782886654,left_blink
1761185163.232761,-1509.548908764962,-1081.3733726879582,425.70533215627074,298.93768325820565,left_blink
1761185163.2463198,-1520.1365655395202,-1092.49583515618,435.7581832371652,280.55607497598976,left_blink
1761185163.2463198,-1566.9862922844477,-1143.4968508519232,404.9975061016157,240.6289030490443,left_blink
1761185163.262038,-1546.1700091310777,-1104.9085631091148,395.09425101894885,270.2302111983299,left_blink
1761185163.262038,-1514.362160007935,-1083.28072166536,434.36694045364857,289.019468575716,left_blink
1761185163.2627585,-1570.3522022445686,-1152.6970047429204,416.8604687610641,215.12278535123914,left_blink
1761185163.2627585,-1575.763837480452,-1147.4013064056635,381.9185834750533,229.2932662833482,left_blink
1761185163.2763314,-1527.5116482521407,-1099.9569355677813,415.36076887883246,281.8089414611459,left_blink
1761185163.2763314,-1549.0946108964272,-1145.9090863233432,423.9887180766091,231.99347405135632,left_blink
1761185163.291954,-1588.4720175298862,-1170.6896634297445,369.2478024251759,200.88498621992767,left_blink
1761185163.291954,-1527.7547417492606,-1103.2256081290543,408.2773983627558,281.41251206584275,left_blink
1761185163.2926872,-1532.0518867983483,-1123.791317985393,420.91452031303197,246.51924547925591,left_blink
1761185163.2926872,-1570.5204977425747,-1170.5363275315613,388.16421640105546,197.70233135763556,left_blink
1761185163.3062348,-1537.422383134719,-1142.752610760741,375.8749051466584,252.95935320295393,left_blink
1761185163.3062348,-1501.6352804587223,-1117.4147885609418,438.9595375992358,275.6942050335929,left_blink
1761185163.322128,-1578.5164038478397,-1171.3254464222118,395.0755515191704,196.4980835719034,left_blink
1761185163.322128,-1573.3890010085888,-1153.1944114370272,367.37411254737526,226.89599041175097,left_blink
1761185163.3228216,-1513.8236144143157,-1110.0696250479668,430.4624848999083,280.2082642801106,left_blink
1761185163.3228216,-1539.9729949044995,-1175.5702328719199,422.03275039978325,222.53526706341654,left_blink
1761185163.3364596,-1509.1749187693931,-1271.4126490363851,391.5974445603788,204.71090387459844,left_blink
1761185163.3364596,-1527.1638375562616,-1097.8999905921519,415.9030543724075,280.33168097864836,left_blink
1761185163.3516982,-1542.4936874746345,-1090.0686400849372,432.2838161783293,256.58331626001745,left_blink
1761185163.3516982,-1570.5915558417328,-1154.6380128199235,406.65054188203067,218.20820281468332,left_blink
1761185163.3676012,-1491.1972196823917,-1171.7480551172048,415.70483967475593,269.81882220320404,left_blink
1761185163.3676012,-1438.404791907873,-1187.930602225475,473.69572838768363,299.41639045253396,left_blink
1761185163.368371,-1524.4000514890067,-1237.4805367384106,418.6892798393965,195.70148488134146,left_blink
1761185163.368371,-1569.937073349487,-1086.4147578282282,385.86791782826185,237.93991498090327,left_blink
1761185163.3691394,-1426.3623140505515,-1149.5330493804067,459.56264645513147,273.2782296622172,left_blink
1761185163.3691394,-1439.0031759007834,-1269.8082319553941,472.846771097742,232.19542864896357,left_blink
1761185163.3813083,-1440.2710019857623,-1227.6408599549904,420.21889892127365,185.1587069062516,left_blink
1761185163.3813083,-1506.2802362036891,-1036.4235151205212,427.85203473083675,244.0770908081904,left_blink
1761185163.3962886,-1442.9375506541692,-1164.2233764063567,456.64552448969334,194.39999969676137,left_blink
1761185163.3962886,-1432.1890781815164,-1235.0122027676553,443.0547280507162,169.79519788827747,left_blink
1761185163.411913,-1442.9375506541692,-1089.129925196059,427.7660170318559,213.89983806572855,left_blink
1761185163.411913,-1319.9023219118826,-1150.2436303719878,477.02423934824765,225.64312392659485,left_blink
1761185163.4127092,-1425.2440839638002,-1134.4874318586662,438.63790620304644,152.67393589112908,left_blink
1761185163.4127092,-1348.867847068701,-1227.4837841568515,423.543669981882,128.33092707954347,left_blink
1761185163.426293,-1380.8589512896724,-1025.2150349533185,445.9456707164645,195.65660608187318,left_blink
1761185163.426293,-1354.0251691075973,-1091.6244384665042,460.66591694206,151.60058460384607,left_blink
1761185163.442108,-1384.542752746027,-1168.1166122602299,416.29574386775494,110.1624930948019,left_blink
1761185163.442108,-1249.5772431450896,-1189.041352512315,454.6558977132663,180.1210616659373,left_blink
1761185163.4426336,-1304.4266158952378,-1019.4481092216447,462.9547357149422,142.22839531488717,left_blink
1761185163.4426336,-1396.338397206273,-1079.5595212094486,399.9673406612128,96.47071935702115,left_blink
1761185163.4562688,-1339.7574507766403,-1037.3360507097095,416.0189912710339,144.3227392900735,left_blink
1761185163.4562688,-1275.6069468366913,-1020.7159353066236,454.49508201517165,150.54593281634152,left_blink
1761185163.4719737,-1350.5246227490716,-1123.0582975940779,410.95890663098544,62.153397363610566,left_blink
1761185163.4719737,-1317.6284627388231,-1088.4642230039462,410.39418173767626,137.9200305659324,left_blink
1761185163.4726703,-1223.0688322591595,-1073.8599136769772,442.8864325527102,137.56100017018616,left_blink
1761185163.4726703,-1321.3945419942029,-1030.189101894386,410.0463710417971,102.4209001865238,left_blink
1761185163.4862502,-1361.2693553217687,-1032.3769433684647,373.5860863737762,70.9608617592603,left_blink
1761185163.4862502,-1298.5474931648932,-984.4015067368746,417.4588527539745,147.38945725373924,left_blink
1761185163.5019305,-1315.952987558674,-986.2228380152956,447.0190220037475,113.10205445997417,left_blink
1761185163.5019305,-1364.1789974872954,-1066.5745885632932,379.7008228013292,77.65154277998954,left_blink
1761185163.5027292,-1308.824738243129,-1026.9017298333347,399.91124216187745,133.58922641724348,left_blink
1761185163.5027292,-1295.7799671976827,-956.6028303662315,437.5121963163838,150.4412156175822,left_blink
1761185163.516282,-1372.9303633836098,-1083.643491961062,391.21223486494273,51.03841469530016,left_blink
1761185163.516282,-1379.333072107751,-1032.4854004671797,376.98191553354263,101.9010540926829,left_blink
1761185163.5320053,-1341.631140654441,-977.063823023811,424.62076116912067,149.4389224294573,left_blink
1761185163.5320053,-1397.0078392983414,-1001.5377283338457,410.6447550347075,84.42450159974396,left_blink
1761185163.5329127,-1411.619628425222,-1053.3914412194863,360.18976473249495,63.368864849209785,left_blink
1761185163.5329127,-1293.3490322264843,-1042.5719106476754,412.3800686141476,167.8167908117175,left_blink
1761185163.5462556,-1368.5434607355855,-967.994565631263,406.7141201812774,126.44975740183145,left_blink
1761185163.5462556,-1424.9149727676995,-1009.941283534281,372.0676869917661,104.15247386600822,left_blink
1761185163.5619636,-1379.2021756093018,-1003.4488172112033,380.2954668942839,141.7010694211349,left_blink
1761185163.5619636,-1324.951186852064,-997.4799368819222,429.22083811461926,174.14470153674483,left_blink
1761185163.562676,-1405.0037454036064,-1045.2234997162595,386.90013021603227,96.02193136233836,left_blink
1761185163.562676,-1407.9694860684685,-1019.5378668205813,379.9214768987149,127.00700249522924,left_blink
1761185163.5762637,-1353.6511791120283,-964.6548349708319,424.0560362758115,172.64874155446887,left_blink
1761185163.5762637,-1378.5102941174991,-1049.31869016774,405.80532449204475,119.9086723793298,left_blink
1761185163.591971,-1416.9639454619028,-1022.989794479683,365.6986373672262,129.75208906270564,left_blink
1761185163.591971,-1380.959928588476,-977.8492020145059,394.28269272856414,192.97135791368783,left_blink
1761185163.5927143,-1379.7930798023008,-994.4730573175475,427.85203473083675,166.1113964319229,left_blink
1761185163.5927143,-1434.556434853468,-1083.0600675679743,377.12403173185885,97.34585594665259,left_blink
1761185163.606259,-1399.3564964705147,-1018.6814297307283,377.00809483323246,171.13782197237015,left_blink
1761185163.606259,-1379.2507943087257,-999.0544347632676,430.41012630052865,180.76806435827166,left_blink
1761185163.6219797,-1441.9913559653796,-1061.1592134274542,387.02354691457003,117.29822221025825,left_blink
1761185163.6219797,-1444.747662232723,-1038.9180283909664,366.2521425606683,151.58188510406762,left_blink
1761185163.6226575,-1412.3264695168473,-1008.7482554484159,409.6836007460952,171.07050377316773,left_blink
1761185163.6226575,-1436.22069033375,-1041.9099483555183,407.35738297365606,156.39139644708484,left_blink
1761185163.6362944,-1468.6718022492714,-1088.913010998629,376.0619001444429,136.87285857833922,left_blink
1761185163.6362944,-1454.276927319821,-1029.6655159005895,395.60661731287837,174.3466561343521,left_blink
1761185163.651926,-1447.0140416058712,-1053.731772115454,418.69301973935217,173.32192354649305,left_blink
1761185163.651926,-1498.4488856964745,-1094.1301714368165,367.08988015074283,134.2137897098437,left_blink
1761185163.6527457,-1463.0245533161797,-1051.9254004368559,358.6227466510609,171.0031855739653,left_blink
1761185163.6527457,-1439.0779738998972,-1029.2242077058181,415.28597087971866,202.52306240051985,left_blink
1761185163.6662338,-1518.2890549614094,-1116.7416065689176,372.23598248977214,126.6143129998818,left_blink
1761185163.6662338,-1467.1047841678374,-1033.3231380572543,385.142377236858,218.9935818053782,left_blink
1761185163.681981,-1481.9858460915275,-1031.0567586841062,396.91184239741415,201.23653681576252,left_blink
1761185163.681981,-1496.3732412210666,-1038.390702497214,403.69976081699133,203.75722938589752,left_blink
1761185163.6827192,-1536.603345044423,-1085.6779975369573,347.02905678842217,156.19318174943328,left_blink
1761185163.6827192,-1490.1238683951087,-1022.279213488102,384.3308189464733,227.53925320412964,left_blink
1761185163.6965556,-1476.9182816515677,-1031.0006601847708,418.84635563753545,227.83844520058483,left_blink
1761185163.6965556,-1562.098243042361,-1108.5138266663998,349.3066558614373,146.67887626215816,left_blink
1761185163.7119803,-1511.3178814440034,-1020.4429226098582,373.6272252732888,224.61091153882444,left_blink
1761185163.7119803,-1508.5279160770588,-1033.001506661065,399.8289643628523,214.8385529546067,left_blink
1761185163.7127326,-1551.1627755719237,-1063.3395751016214,369.22536302544177,201.56938791181892,left_blink
1761185163.7127326,-1567.838989474345,-1069.4318721294403,336.80791020952165,193.0162367131561,left_blink
1761185163.7262928,-1494.787523639854,-996.8778129890561,416.2396453684196,292.74440893158317,left_blink
1761185163.7262928,-1547.011486621108,-1069.3047155309469,403.2659324221313,207.42607124242932,left_blink
1761185163.7418833,-1579.526176835876,-1085.6966970367357,366.63361235614866,197.95664455462247,left_blink
1761185163.7418833,-1530.0697398218326,-1020.6897560069337,387.42745610978454,279.0189760942012,left_blink
1761185163.7427163,-1526.1952034677379,-1024.6764893596992,406.3401301857084,256.47485916130245,left_blink
1761185163.7427163,-1596.5651610339992,-1071.3803600063547,368.3988451352343,206.85760644916445,left_blink
1761185163.7562191,-1554.7829987290315,-1037.0218991134316,369.0308882277459,247.21112697105855,left_blink
1761185163.7562191,-1515.6973042921163,-1001.4479707349092,425.3201224608347,293.34279292449355,left_blink
1761185163.7719536,-1582.2787432032637,-1058.9601522535086,377.2511883303523,199.19455143995583,left_blink
1761185163.7719536,-1587.4996435414068,-1071.6047540036961,355.4213922889903,226.955828811042,left_blink
1761185163.77267,-1539.797219606582,-1016.5347271561623,404.4552206080407,276.3636471256614,left_blink
1761185163.77267,-1583.120220693294,-1059.846508543007,385.8080794289708,218.5821928102523,left_blink
1761185163.7862396,-1616.1846762015484,-1094.111471937038,354.04510910529643,198.98885694239289,left_blink
1761185163.7862396,-1548.974934097845,-1031.3260314809158,396.28727910481393,279.40418578963727,left_blink
1761185163.801983,-1551.1777351717465,-1028.465008014813,415.3458092790097,265.18508615810424,left_blink
1761185163.801983,-1620.2387277535163,-1101.92786284443,365.30220797192305,196.5354825714603,left_blink
1761185163.8028092,-1562.6106093362905,-1050.2200060570613,367.44891054648906,266.22103844583035,left_blink
1761185163.8028092,-1542.5310864741914,-1012.0580669092014,418.73041873890907,282.6092800516635,left_blink
1761185163.816294,-1623.305445717182,-1117.7177204573527,363.9932429874316,191.5688954303041,left_blink
1761185163.816294,-1598.7679621079005,-1054.6630072044209,358.9181987475604,255.6745205707848,left_blink
1761185163.8319125,-1556.6641684067436,-1007.274734865874,393.49731373786926,296.27113458979875,left_blink
1761185163.8319125,-1595.772302243393,-1059.1583669511601,405.21068039909005,250.32646363414824,left_blink
1761185163.8327413,-1617.5086007858627,-1087.2225762186572,355.96741768252105,223.91529014706612,left_blink
1761185163.8327413,-1566.8105169865303,-1036.6030303183943,386.7056554183364,297.60627887398005,left_blink
1761185163.8462949,-1568.8899013618939,-1034.1982746468857,407.5181986717507,275.9410384306684,left_blink
1761185163.8462949,-1634.207254088018,-1110.0883245477453,354.36674050148576,208.97438982408494,left_blink
1761185163.8619473,-1589.0143030234613,-1029.7216143999249,375.1867635548115,288.8324735779315,left_blink
1761185163.8619473,-1579.1559267402627,-1030.4770741909742,396.86696359794587,267.63098072912544,left_blink
1761185163.8627508,-1642.5921097886749,-1108.7606600634754,363.6491721915081,199.7630162332207,left_blink
1761185163.8627508,-1609.856765476521,-1064.3119490901008,370.78490130696446,261.28811040427536,left_blink
1761185163.8762915,-1575.5768424826674,-1028.9437152091414,385.75572082959116,275.77648283261806,left_blink
1761185163.8762915,-1606.674110614229,-1059.7492711441591,386.97866811510175,241.04777184408158,left_blink
1761185163.8920867,-1629.2818058463745,-1090.7268624771386,344.85617491416633,222.79332016035914,left_blink
1761185163.8920867,-1579.8216289323755,-1017.2939268471673,386.19702902436256,301.34617882966995,left_blink
1761185163.8927424,-1596.520282234531,-1045.9714797073975,408.73740605730563,275.2715963385999,left_blink
1761185163.8927424,-1642.2966576921754,-1098.3599982867017,349.6095877578482,215.90816434193403,left_blink
1761185163.9226809,-1605.6531179263256,-1051.573849841021,348.6783526688814,288.01343548763543,left_blink
1761185163.9226809,-1574.7278851927258,-1033.0351657606661,404.6721348054707,278.7160441977903,left_blink
1761185163.9234145,-1636.5185122606345,-1092.9221837511286,376.49572853930295,248.73700615298003,left_blink
1761185163.9234145,-1627.9765807618387,-1076.9939498398453,349.04112296458334,271.28860288579017,left_blink
1761185163.9241629,-1572.035157224629,-1015.524954168126,403.8680563149974,326.1865943353623,left_blink
1761185163.9241629,-1618.5482929735444,-1068.7399906376377,381.7839470766485,250.55085763148963,left_blink
1761185163.9363296,-1660.7119250739925,-1086.272641629912,347.6872791806236,242.73072682414204,left_blink
1761185163.9363296,-1590.2821291084401,-1015.0312873739749,376.0992991439998,323.8192376634106,left_blink
1761185163.9526515,-1595.3796127480455,-1036.2066009230912,405.8614229913801,291.7346359435469,left_blink
1761185163.9526515,-1655.3563883374445,-1099.05561967846,344.48218491859734,228.53406659234315,left_blink
1761185163.9534464,-1594.601713557262,-1031.8944962741807,378.1487643197179,307.39359705802053,left_blink
1761185163.9534464,-1577.9554188544862,-1026.9279091330245,405.35653649736196,302.27367401868105,left_blink
1761185163.954156,-1640.0153187192045,-1086.0127185829915,367.28622489841655,234.56091537093744,left_blink
1761185163.966306,-1629.9175888388418,-1059.9867547913454,358.3777832039632,261.2899803542532,left_blink
1761185163.966306,-1578.0825754529797,-1020.5981284580193,407.74446261906996,307.5824620057829,left_blink
1761185163.981419,-1613.1291779377498,-1066.9093096093275,401.9476176877506,252.3590992600657,left_blink
1761185163.981419,-1655.3563883374445,-1111.3430609828793,332.7295493078418,229.54570953035727,left_blink
1761185163.9969773,-1582.2301245038398,-1019.4387594717555,378.3825080669485,324.55412800470367,left_blink
1761185163.9969773,-1604.6059459387325,-1045.0907332678325,397.85242723627016,269.2971061593853,left_blink
1761185163.9976614,-1634.0613979897462,-1083.450887113344,357.17727531818673,253.94481684127823,left_blink
1761185163.9976614,-1600.3873387887143,-1059.4594288975932,357.86915680998936,276.98634046828374,left_blink
1761185164.0112362,-1575.038296889048,-1024.6409603101201,412.82698665885255,318.7161441738717,left_blink
1761185164.0112362,-1636.8700628564693,-1102.516897087451,369.5974830710329,230.15905312309042,left_blink
1761185164.0269828,-1620.0068539562635,-1079.9989594542421,357.65224261255935,266.20046899607405,left_blink
1761185164.0269828,-1579.5785354352556,-1031.324161530938,393.58894128678367,288.6062096306123,left_blink
1761185164.0276527,-1598.943737405818,-1073.0502253365703,404.2139970608987,267.1728429845534,left_blink
1761185164.0276527,-1642.1096626943909,-1108.5456158160232,338.5488336388953,226.58370876545087,left_blink
1761185164.0412452,-1574.1556804995053,-1026.8213219842874,383.2668174090795,310.391126872506,left_blink
1761185164.0412452,-1592.395172583405,-1058.4459160096012,405.4780832459219,268.08911847369745,left_blink
1761185164.0569508,-1629.8839297392406,-1102.0868085925467,360.5170059786178,237.18632513983175,left_blink
1761185164.0569508,-1608.158850896638,-1066.9167894092388,355.6738355359994,266.53332009213045,left_blink
1761185164.0576427,-1574.6231679939665,-1040.6252927207388,411.49558227462694,288.13124233623967,left_blink
1761185164.0576427,-1644.316203668248,-1115.2362968367524,371.8339432445355,211.09678304893896,left_blink
1761185164.0715053,-1627.8120251637883,-1084.7598520978354,359.27909909328446,264.1846629199572,left_blink
1761185164.0715053,-1568.1344415708445,-1041.5228687101044,403.5482948687859,306.81204261491075,left_blink
1761185164.0869198,-1620.3471848522313,-1107.3376281303354,398.33487433055416,230.5704421182163,left_blink
1761185164.0869198,-1632.7112941057421,-1093.3616219959222,353.31769856391475,232.81438209163025,left_blink
1761185164.0876412,-1586.2168578566052,-1056.628324631136,372.8998147319071,275.54273908538744,left_blink
1761185164.0876412,-1579.2681237389334,-1059.365931398701,411.71623637201265,271.4886875334196,left_blink
1761185164.101244,-1640.6548416116275,-1121.4146115635522,352.5846781725995,216.01849139062688,left_blink
1761185164.101244,-1598.2294165142812,-1065.2674935287796,374.8969213082455,282.1511423070915,left_blink
1761185164.116974,-1569.3162499568425,-1027.0457159816287,407.81926061818376,294.2684181635268,left_blink
1761185164.116974,-1618.3799974755384,-1087.744292262476,391.6778524094261,247.3177141197957,left_blink
1761185164.117628,-1620.5865384493954,-1077.553064883221,364.2643857342191,262.5241473396309,left_blink
1761185164.117628,-1549.1619290956296,-1012.7929572504945,424.24490122357383,327.4974292698316,left_blink
1761185164.1312463,-1595.5853072456084,-1072.0217528487556,415.19808323075995,271.8177987295203,left_blink
1761185164.1312463,-1635.6471155709587,-1125.2592287180014,344.3232391704805,224.06301619531587,left_blink
1761185164.1469848,-1539.9767348044552,-1008.7576051983051,407.11615942651406,346.94490903941914,left_blink
1761185164.1469848,-1579.3616212378256,-1071.3336112569086,414.1135122436099,262.8158595361747,left_blink
1761185164.147686,-1624.715388000477,-1124.443930527661,358.42640190338716,224.62400118866935,left_blink
1761185164.147686,-1576.9381660665385,-1053.9692557626404,392.44079200038686,300.59258898859844,left_blink
1761185164.161242,-1588.7973888260312,-1067.2982592047192,410.4259708872996,277.4089491632767,left_blink
1761185164.161242,-1621.2223214418627,-1125.2592287180014,377.5372906769626,225.96662527276203,left_blink
1761185164.176962,-1603.248362254817,-1103.9978974699043,357.8579371101223,252.07860676338896,left_blink
1761185164.176962,-1550.231540482957,-1049.3018606179394,410.2801147890277,297.3164366274141,left_blink
1761185164.1776996,-1615.2422214127146,-1111.2907023834996,397.37745994189754,237.0554286413826,left_blink
1761185164.1776996,-1636.608269859571,-1140.4170432384126,353.0409459671937,215.715559494216,left_blink
1761185164.1912997,-1573.9686855017208,-1061.7744269701652,403.4398377700709,293.5952361715026,left_blink
1761185164.1912997,-1589.137719721999,-1084.475619701203,422.1879562479444,261.364778353367,left_blink
1761185164.2069087,-1618.4136565751396,-1133.767501117196,366.02961851330474,219.39562105061486,left_blink
1761185164.2069087,-1594.5231756581925,-1104.906693159137,377.18574008112773,271.5111269331537,left_blink
1761185164.207678,-1563.1192357302643,-1086.308170679491,426.46266189729795,279.3424774403684,left_blink
1761185164.207678,-1600.0021290932782,-1118.0075627039187,395.51872966391966,252.38901845971122,left_blink
1761185164.221312,-1610.2457150719129,-1121.3884322638623,365.4200148205273,248.0956133105792,left_blink
1761185164.221312,-1563.1902938294224,-1066.4792211144231,406.82070733001456,297.5632700244896,left_blink
1761185164.236972,-1612.9234834401868,-1132.1369047365151,404.59920675633475,220.43905313825235,left_blink
1761185164.236972,-1614.8906708168797,-1130.4053310570307,378.1917731692083,242.44462447753176,left_blink
1761185164.2377224,-1554.3977890335955,-1070.9147424618714,415.83386622322723,312.70986484503374,left_blink
1761185164.2377224,-1574.798943291884,-1126.227862806525,402.5796607802622,250.38443208346143,left_blink
1761185164.251243,-1625.646623089444,-1161.820490684826,363.43786784401163,207.09135019639507,left_blink
1761185164.251243,-1580.1096012289636,-1090.0779898348264,386.84964156663045,285.0458248727955,left_blink
1761185164.26705,-1548.589724402409,-1062.4924877616577,434.5857246010564,303.9809383484535,left_blink
1761185164.26705,-1594.1454457626678,-1107.487224128563,395.30181546648964,250.79208117863163,left_blink
1761185164.2676845,-1604.695703537669,-1125.1732110190205,364.14096903568134,249.67385109188035,left_blink
1761185164.2676845,-1539.931856004987,-1059.8782976926304,424.34587852237746,313.6410999340005,left_blink
1761185164.2812417,-1603.8617058475502,-1140.6227377359755,391.85736760729924,216.7178526823409,left_blink
1761185164.2812417,-1618.11820447864,-1136.3816911862232,368.2623387868516,227.70193885220215,left_blink
1761185164.2970445,-1536.7005824432708,-1048.1350118317641,420.20206937147304,338.1449244436808,left_blink
1761185164.2970445,-1586.1046608579345,-1122.9928493448533,406.3681794353761,230.6788992169313,left_blink
1761185164.2977254,-1631.0171194258146,-1161.1884475923143,366.9346743025817,208.95008047437295,left_blink
1761185164.2977254,-1570.7486316398717,-1101.1630533034913,388.96642494155094,282.8991222982295,left_blink
1761185164.3111937,-1559.349416574929,-1104.169932867866,412.8045472591184,261.2825005543418,left_blink
1761185164.3111937,-1629.7006746414118,-1175.5608831220306,375.0465173064731,193.54169265693054,left_blink
1761185164.3269644,-1601.9019982707687,-1134.5491402079351,384.99465118860826,246.41639823047444,left_blink
1761185164.3269644,-1542.6096243732609,-1079.5464315596037,424.5253937202506,315.18567861570045,left_blink
1761185164.3277683,-1604.6134257386439,-1159.4344345130958,399.434404917527,214.83668300462887,left_blink
1761185164.3277683,-1616.491347997915,-1160.6349423988722,354.91089594503865,219.70603274693713,left_blink
1761185164.3413067,-1546.794572423678,-1078.9854465662502,411.3908650758676,311.09048816422,left_blink
1761185164.3413067,-1565.7147262995131,-1115.9019990288652,427.6594298831187,263.50026122806594,left_blink
1761185164.3570743,-1606.3188201184385,-1160.6050231992267,385.78377007925883,221.94623282039538,left_blink
1761185164.3570743,-1562.3787355390377,-1105.579875151161,390.3501879251562,292.1516347886063,left_blink
1761185164.357688,-1527.3732719537802,-1075.5970972063951,436.3023386807181,317.8260479844175,left_blink
1761185164.357688,-1591.1123868986033,-1149.2357273339294,397.938444935251,242.3960057781078,left_blink
1761185164.3712232,-1575.3935873848386,-1113.938551552128,379.9046473489143,274.64516309602186,left_blink
1761185164.3712232,-1537.8113327301107,-1085.055304194335,427.7454475820996,300.8730814852752,left_blink
1761185164.3871157,-1597.832987118978,-1147.2573202573694,410.45589008694515,237.84454753203318,left_blink
1761185164.3871157,-1600.8286469834857,-1141.1986823291518,378.894874360878,257.26584800193086,left_blink
1761185164.3877096,-1523.4949956997298,-1066.2361276173033,421.5970520549454,331.03911452786997,left_blink
1761185164.3877096,-1553.7807055409066,-1112.902599264402,424.435636121314,273.93832200439647,left_blink
1761185164.401184,-1617.1757496898063,-1181.1445537558757,368.10526298871264,198.53819899773225,left_blink
1761185164.401184,-1564.5179583136924,-1114.9184053405188,391.44597861217335,280.565424725879,left_blink
1761185164.416977,-1554.9774735267274,-1098.2085323384963,428.6953821708448,288.43417423265055,left_blink
1761185164.416977,-1619.9058766574599,-1175.1120951273479,385.0918885874562,199.2226006896235,left_blink
1761185164.4176805,-1599.702937096823,-1144.9198827850632,359.2267404939048,235.26027666265145,left_blink
1761185164.4176805,-1553.4777736444958,-1091.9554196125828,416.30883351759985,279.6304497369565,left_blink
1761185164.4312444,-1579.4551187367178,-1155.9525876543485,404.60294665629044,216.35508238663897,left_blink
1761185164.4312444,-1623.316665417049,-1162.2804983793758,367.5330582954921,225.22612508153543,left_blink
1761185164.446972,-1548.9824138977565,-1100.4524723119102,412.83072655880824,283.7480795881711,left_blink
1761185164.446972,-1569.6528409528546,-1131.5759197431616,418.6612305897288,250.83322007814422,left_blink
1761185164.4479475,-1614.5690394206904,-1171.0543036754243,377.92624027235433,217.8248630692251,left_blink
1761185164.4479475,-1575.5918020824902,-1106.858920936007,386.9431390655227,289.76931851683185,left_blink
1761185164.4611866,-1546.2298475303687,-1092.0302176116966,417.68511670129374,283.1235162955709,left_blink
1761185164.4611866,-1592.851440377999,-1146.3560043680482,399.9579909113236,232.0140435011126,left_blink
1761185164.4769754,-1578.4341260488145,-1134.8221529047005,375.69351999880746,250.16003808612004,left_blink
1761185164.4769754,-1539.049239615444,-1088.8625223492272,430.7747665462084,291.09698300110176,left_blink
1761185164.4777691,-1580.2068386278115,-1137.3652848745696,407.4003918231465,244.52026895293966,left_blink
1761185164.4777691,-1599.7291163965128,-1158.817351020407,358.5161595023237,230.43580571981147,left_blink
1761185164.4914067,-1552.7933719526045,-1097.692426144611,406.3681794353761,295.92519384389743,left_blink
1761185164.4914067,-1554.2444531354122,-1119.0210755919106,416.9296569102444,254.23278913786635,left_blink
1761185164.5069509,-1600.3948185886256,-1170.3736418834887,371.8339432445355,218.8308961573057,left_blink
1761185164.5069509,-1559.8505631689914,-1111.1598058850504,390.95605171797797,273.9607614041306,left_blink
1761185164.5077183,-1526.146584768314,-1079.9989594542421,441.95332751376554,303.4984912541695,left_blink
1761185164.5077183,-1593.2964884727262,-1155.6496557579376,388.869187542703,216.09328938974068,left_blink
1761185164.521268,-1563.5979429245926,-1113.1943114609458,382.88160771364346,277.79789875866845,left_blink
1761185164.521268,-1521.864399319049,-1086.2184130805545,413.6609843489714,292.1665943884291,left_blink
1761185164.5370383,-1564.461859814357,-1135.3382590985857,415.53467422677204,246.5024159294553,left_blink
1761185164.5370383,-1592.9112787772901,-1148.8280782387592,371.1869405522011,240.73549019778147,left_blink
1761185164.53773,-1512.8848995254375,-1084.307324203197,417.97682889783755,318.0242626820691,left_blink
1761185164.53773,-1536.1358575499617,-1104.6112410626374,430.50549374939874,273.57181180873886,left_blink
1761185164.5676208,-1585.1622060691006,-1150.9972202130593,386.5317500703968,239.5424621119164,left_blink
1761185164.5676208,-1554.281852134969,-1113.070894762408,383.85398170212284,282.121223107446,left_blink
1761185164.5683737,-1524.1382584921084,-1098.803176431451,420.516220967751,275.1575293899514,left_blink
1761185164.5683737,-1573.3478621090762,-1146.3410447682254,418.960422586184,246.2855017320253,left_blink
1761185164.569092,-1585.1023676698096,-1157.3176511381753,381.8942741253413,232.4590915958397,left_blink
1761185164.569092,-1513.0494551234879,-1085.5227916887961,426.847871592734,300.947879484389,left_blink
1761185164.5816128,-1562.1169425421394,-1146.4457619669847,398.1403995328583,219.8257095455192,left_blink
1761185164.5816128,-1567.0386508838274,-1148.143676546868,383.7530044033192,242.6503189750947,left_blink
1761185164.597002,-1540.0253535038792,-1110.1350732971914,399.59522061562166,276.95268136868253,left_blink
1761185164.597002,-1547.8454843112268,-1119.619459584821,422.4497492448427,259.8501188713126,left_blink
1761185164.597659,-1581.3998667136766,-1162.9462005714886,370.54367775982246,212.0467176376842,left_blink
1761185164.597659,-1538.664029920008,-1123.142445343081,392.3472945014946,274.28613270027563,left_blink
1761185164.6112509,-1525.85487257177,-1104.050256069284,429.6266172598116,267.1092646853067,left_blink
1761185164.6112509,-1592.3727331836708,-1173.085069351364,385.58555538160726,203.90495543414727,left_blink
1761185164.626768,-1571.4292934318073,-1151.711541104596,372.51460503647104,245.9825698356144,left_blink
1761185164.626768,-1530.065999921877,-1099.5249771228991,423.3361055343412,280.1615155306645,left_blink
1761185164.6426778,-1558.2536258879118,-1139.2875934517942,418.5078946915455,227.89267374994233,left_blink
1761185164.6426778,-1595.024322252255,-1167.138628421817,352.9698878680356,201.18230826640502,left_blink
1761185164.6434844,-1526.9394435589202,-1093.556096793618,402.41136528225616,285.50957246730104,left_blink
1761185164.6434844,-1541.1286239908077,-1103.4256927766837,430.53167304908857,264.5474332156591,left_blink
1761185164.6442,-1600.9632833818905,-1178.2498711901717,376.4489797898568,213.14624822465703,left_blink
1761185164.6442,-1553.728346941527,-1125.132072119508,386.3896338720806,272.53585952101275,left_blink
1761185164.656315,-1537.5495397332124,-1108.1678859204985,437.31211166875437,267.49447438074276,left_blink
1761185164.656315,-1595.3235142487101,-1164.894688448403,382.5674561173655,200.53530557407066,left_blink
1761185164.6712337,-1579.8253688323312,-1145.536966277752,370.98872585454956,231.89436670253053,left_blink
1761185164.6712337,-1530.3277929187752,-1099.7456312202848,411.3347665765323,285.36371636902913,left_blink
1761185164.6870716,-1560.7556189582683,-1150.7503868159838,398.361053630244,227.0848553595133,left_blink
1761185164.6870716,-1601.307354177814,-1174.7755041313358,364.2606458342634,214.50009200861678,left_blink
1761185164.6876943,-1541.2258613896556,-1097.2735573495738,406.5925734327175,273.8523043054156,left_blink
1761185164.6876943,-1536.2704939483665,-1120.404838575516,424.1027850252576,254.2888876372017,left_blink
1761185164.701319,-1592.6195665807463,-1170.3025837843306,372.5557439359836,208.79300467623398,left_blink
1761185164.701319,-1546.491640527267,-1117.3829994113185,387.51908365869895,265.68436280218884,left_blink
1761185164.716921,-1526.8010672605596,-1107.3338882303797,425.8904572040774,272.9173293164931,left_blink
1761185164.716921,-1592.1445992863737,-1179.2409446784295,380.1963595454581,202.21826055413112,left_blink
1761185164.7176547,-1580.031063329894,-1146.3186053684913,381.5352437295951,254.52824123436585,left_blink
1761185164.7176547,-1533.925576676149,-1098.0252772406675,409.5059554981999,274.32353169983253,left_blink
1761185164.73124,-1567.4949186784215,-1147.130163658876,406.4018385349773,215.0498573021032,left_blink
1761185164.73124,-1598.9287778059952,-1165.197620344814,367.9743664902635,208.3030777820386,left_blink
1761185164.7470212,-1529.7892473251559,-1097.9990979409777,404.89091895287856,272.9996071155183,left_blink
1761185164.7470212,-1552.9841068503447,-1149.6807754286565,400.1375061091967,231.78964950377122,left_blink
1761185164.7476182,-1589.0928409225307,-1174.4688323349692,376.69581318693236,191.98963417531922,left_blink
1761185164.7476182,-1548.4289087043144,-1106.3689940418117,388.97016484150663,262.67374333785847,left_blink
1761185164.7612886,-1536.4313096464612,-1088.9634996480308,424.5553129198961,264.7306883134879,left_blink
1761185164.7612886,-1597.5749340220354,-1158.9407677189447,384.7104187919758,196.23068072507158,left_blink
1761185164.7770045,-1573.2020060108043,-1148.2483937456273,367.8285103919916,237.63511313451454,left_blink
1761185164.7770045,-1524.916157682892,-1092.856735501904,415.8076869235374,271.52982643293217,left_blink
1761185164.777714,-1571.1114019355737,-1161.5138188884594,402.7255168785341,208.4115348807536,left_blink
1761185164.777714,-1586.2467770562507,-1171.5330108697526,369.5750436712988,216.73655218211934,left_blink
1761185164.791325,-1517.6083931694739,-1092.4939652062021,410.8485795822926,292.1254554889165,left_blink
1761185164.791325,-1543.163129566703,-1134.0405138139613,427.3265787870623,235.69784495746717,left_blink
1761185164.8069901,-1596.7708555315621,-1177.0979820038192,367.58915679482743,193.56039215670899,left_blink
1761185164.8069901,-1538.6378506203182,-1122.5478012501262,378.1992529691197,266.79511308902875,left_blink
1761185164.8077633,-1528.136211544741,-1101.5669624987058,427.68934908276424,268.2237548721023,left_blink
1761185164.8077633,-1591.1909247976728,-1172.6437611565925,380.3010767442174,194.17373574944213,left_blink
1761185164.8212483,-1574.7765038921498,-1149.1384899350815,364.58601713040844,237.7211308334954,left_blink
1761185164.8212483,-1522.2084701149724,-1100.949879006017,412.5951128615998,288.4491338324733,left_blink
1761185164.836984,-1561.4437605501153,-1155.174688463565,388.36804094864056,214.3841551099904,left_blink
1761185164.836984,-1581.8860537079163,-1166.6674010274,372.1144357412122,223.18413970572874,left_blink
1761185164.83781,-1525.5743800750934,-1097.367054848466,401.1360593973659,287.57773714279756,left_blink
1761185164.83781,-1549.0646916967817,-1130.1023991606198,419.56254647905007,246.1695648333989,left_blink
1761185164.8512163,-1592.4849301823415,-1181.5297634513117,380.33099594386294,208.60974957840517,left_blink
1761185164.8512163,-1530.4212904176675,-1120.9658235688694,397.829987836536,272.45732162194327,left_blink
1761185164.8669753,-1528.2371888435446,-1120.2664622771554,413.82553994702175,253.9896956407465,left_blink
1761185164.8669753,-1591.4489778946154,-1178.934272882063,378.1319347699173,196.72808741917834,left_blink
1761185164.8676896,-1575.1579736876301,-1148.2596134454943,365.98473971383646,237.8370677321218,left_blink
1761185164.8676896,-1517.810347767081,-1096.005731264595,417.6514576016925,279.1068637431599,left_blink
1761185164.8812602,-1573.9275466022082,-1158.6864545219578,403.44731756998226,213.02657142607495,left_blink
1761185164.8812602,-1598.8203207072802,-1172.711079355795,362.8656631507911,204.46594042750075,left_blink
1761185164.8969326,-1521.8307402194478,-1095.6616604686715,412.04534756811336,290.865109203849,left_blink
1761185164.8969326,-1546.3570041288622,-1136.8454387807287,424.061646125745,238.58878762321547,left_blink
1761185164.8978004,-1591.4115788950585,-1175.8002367191948,374.96049960749224,185.74774114927277,left_blink
1761185164.8978004,-1546.3644839287736,-1113.3177281594835,394.3892798773013,264.15848362026736,left_blink
1761185164.9112082,-1530.873818312306,-1110.4567046933807,419.2820539823733,244.00790265901014,left_blink
1761185164.9112082,-1578.2994896504097,-1180.4601520639844,382.14858732232824,201.23840676574036,left_blink
1761185164.9270732,-1558.5902168839239,-1142.3617912153713,375.28961080359295,242.0968137816526,left_blink
1761185164.9270732,-1512.035942235496,-1101.4734649998136,419.46156918024644,275.98030738020316,left_blink
1761185164.927774,-1566.3617289918475,-1161.9439073833637,394.47903747623786,186.57799893943593,left_blink
1761185164.927774,-1578.2172118513845,-1155.174688463565,374.2050398164429,217.83234286913648,left_blink
1761185164.9412408,-1494.7202054406516,-1074.0375589248724,435.8236314863898,317.73629038548097,left_blink
1761185164.9412408,-1527.4443300529383,-1107.3600675300695,434.518406401854,263.4105036291294,left_blink
1761185164.9576166,-1573.1421676115133,-1160.7359196976759,393.4617846882902,226.58744866540655,left_blink
1761185164.9576166,-1512.9596975245513,-1096.5405369582586,413.8853783463128,305.6077948291786,left_blink
1761185164.9584663,-1505.2181046162732,-1098.548863234464,441.5194991189055,288.5650707310997,left_blink
1761185164.9584663,-1568.7739644632675,-1165.8034841376357,394.29578237840906,223.8984605972655,left_blink
1761185164.9591591,-1544.1972119044513,-1145.0245999838226,387.52282355865464,256.7553516579792,left_blink
1761185164.971253,-1485.2264694031328,-1081.569717435632,448.0157053419389,313.0109267914668,left_blink
1761185164.971253,-1555.5814673695713,-1164.4421605537646,409.89116519363597,219.0721197044477,left_blink
1761185164.9862792,-1552.5671080052853,-1206.0261081610806,380.4244934427552,232.37868374679238,left_blink
1761185164.9862792,-1505.2536336658522,-1119.9523106808774,411.8733121701516,298.5898725623265,left_blink
1761185165.00175,-1533.5571965305135,-1104.7832764605992,430.8084256458096,251.92714081518352,left_blink
1761185165.00175,-1580.53781977389,-1175.3252694248222,381.63248112844303,209.0267484234646,left_blink
1761185165.01757,-1534.129401223734,-1121.343553464394,397.9459247351624,273.4203458605334,left_blink
1761185165.01757,-1500.7059153197333,-1120.7975280708633,438.13862955896184,280.9450245713815,left_blink
1761185165.0181057,-1551.763029514812,-1210.0689400131814,404.7263633548282,218.81406660750508,left_blink
1761185165.0181057,-1544.200951804407,-1127.6939035891555,394.66229257406667,255.76801806967705,left_blink
1761185165.0319693,-1520.549824484624,-1090.601575828623,433.336598015856,280.215744080022,left_blink
1761185165.0319693,-1569.2283623078838,-1162.05984428199,404.9133583526127,203.03916859440506,left_blink
1761185165.0327723,-1572.7887470657006,-1160.1150963050313,363.62112294184044,198.30819515045732,left_blink
1761185165.0327723,-1492.328539418988,-1079.5987901589833,437.8880562619306,307.4870945569128,left_blink
1761185165.0462885,-1512.0527717852965,-1119.1332725905813,446.0372982653789,258.43082683812827,left_blink
1761185165.0462885,-1570.541067192331,-1167.3293633195572,383.62210790487006,212.7292493795976,left_blink
1761185165.0620303,-1517.5616444200277,-1113.40748575842,404.1391990617849,274.77418964449316,left_blink
1761185165.0620303,-1503.6604362847283,-1093.1073087989353,453.9060477721505,289.8871253654361,left_blink
1761185165.0627432,-1561.3334335014224,-1146.8309716624208,403.1032467740588,226.89599041175097,left_blink
1761185165.0627432,-1551.291802120395,-1134.4519028090872,381.66240032808855,248.14236206002533,left_blink
1761185165.076338,-1499.0678391391411,-1079.6062699588947,439.2718192455359,301.4097571289167,left_blink
1761185165.076338,-1544.5338029004633,-1144.2654002928175,393.89561308315024,223.1822697557509,left_blink
1761185165.091942,-1562.1674311915413,-1152.9382282900624,389.3217154373415,226.15923012048006,left_blink
1761185165.091942,-1513.5711711673066,-1093.5635765935294,419.1025387845002,295.4034778000787,left_blink
1761185165.0927403,-1537.2335181869566,-1133.524407620076,418.1451243958436,239.4844936626032,left_blink
1761185165.0927403,-1567.6763038262725,-1152.063091700431,388.18852575076744,206.04230825882405,left_blink
1761185165.1063395,-1553.3711864957586,-1127.8846384868957,391.6516731097363,242.0014463327825,left_blink
1761185165.1063395,-1531.137481259182,-1105.2657235548832,424.0803456255235,259.7210923228413,left_blink
1761185165.121952,-1564.2430756669492,-1147.5976511533372,399.12025332124904,213.03966107591987,left_blink
1761185165.121952,-1543.898019907996,-1125.7267162124626,387.9491721536033,256.57957636006176,left_blink
1761185165.1227036,-1514.831517452374,-1094.1881398861296,419.4727888801135,279.6173600871116,left_blink
1761185165.1227036,-1553.8947724895552,-1137.9187900680117,402.78909517778084,220.16791039146483,left_blink
1761185165.136325,-1558.3302938370034,-1128.0117950853892,384.8001763909124,249.3054709462449,left_blink
1761185165.136325,-1518.6836144067347,-1093.1372279985808,423.4857015325688,284.00052283518016,left_blink
1761185165.15194,-1529.2750110812485,-1116.822014417965,435.1504494943656,243.16455521900207,left_blink
1761185165.15194,-1569.9950417988002,-1161.9850462828763,386.1278408751823,217.52006122283638,left_blink
1761185165.1527412,-1518.040351614356,-1103.8483014716767,407.04136142740026,284.6101265279576,left_blink
1761185165.1527412,-1519.5325716966763,-1097.5577897462063,447.21536675142124,271.95804497785866,left_blink
1761185165.1663437,-1561.1613981034607,-1149.542399130296,399.82709441287443,225.09709853306413,left_blink
1761185165.1663437,-1540.2665770510212,-1109.970517699141,397.11192704504356,268.00123082473874,left_blink
1761185165.181944,-1502.7890395950526,-1123.1013064435683,426.1522502009757,263.8574216738343,left_blink
1761185165.181944,-1530.36706186831,-1122.9517104453407,431.1113575422205,243.27301231771708,left_blink
1761185165.1827354,-1576.2070156252012,-1174.1060620392673,360.6815615766682,192.88908011466265,left_blink
1761185165.1827354,-1491.7825140254572,-1076.8462237915955,417.56917980266735,283.33856054302305,left_blink
1761185165.196525,-1515.5944570433348,-1158.020752329845,431.31331213982776,233.42585573438555,left_blink
1761185165.196525,-1568.491602016613,-1162.5011524767615,397.75144993746653,219.79018049594015,left_blink
1761185165.2118855,-1520.766738682054,-1160.9453540951945,398.19275813223794,245.29629819374532,left_blink
1761185165.2118855,-1513.2383200712502,-1146.8384514623322,440.24793313397095,247.84690996352583,left_blink
1761185165.2127593,-1496.2180353729054,-1227.0293863122351,423.7362748296,216.42427053581923,left_blink
1761185165.2127593,-1542.293602827005,-1163.062137470115,397.41859884141013,207.57192734070122,left_blink
1761185165.2262957,-1495.6645301794633,-1257.303876453545,462.8406687662937,251.40355482138693,left_blink
1761185165.2262957,-1518.7359730061144,-1114.772549242247,435.68525518802926,230.31051907129586,left_blink
1761185165.2419183,-1518.5639376081526,-1239.5206521642394,392.246317202691,199.37032673787326,left_blink
1761185165.2419183,-1428.189255178906,-1127.0581205966882,470.30550907785073,264.7250784635544,left_blink
1761185165.2428024,-1463.4228526614606,-1386.3715638243593,482.96881032781675,136.9887954769656,left_blink
1761185165.2428024,-1477.2978814970702,-1114.9932033396326,440.150695735123,233.89708312880248,left_blink
1761185165.256334,-1428.5333259748295,-1151.8499174029566,436.3023386807181,201.26271611545235,left_blink
1761185165.256334,-1357.68466121424,-1295.4583358014934,519.0364055004902,252.005678714253,left_blink
1761185165.2720325,-1477.4661769950762,-1077.1229763883166,447.3425233499147,166.7060405248776,left_blink
1761185165.2720325,-1443.7173197949305,-1122.5403214502148,420.5050012678839,140.07795284036547,left_blink
1761185165.2726557,-1331.9803288187832,-1199.182091242168,510.5655321008526,206.52475535310805,left_blink
1761185165.2726557,-1303.6954654539004,-1143.5510794012807,511.5229464895092,163.9347746577114,left_blink
1761185165.2863,-1405.6563579458743,-1201.3325337166898,432.9663479202427,133.37979201972485,left_blink
1761185165.2863,-1287.4044612469152,-1193.3852463108487,494.1772904950194,193.60340100619942,left_blink
1761185165.3024335,-1386.6801055707037,-1024.4315259126015,486.4805763862096,137.48620217107236,left_blink
1761185165.3024335,-1391.886046309024,-1098.982691629324,439.6757284407504,94.61946887895465,left_blink
1761185165.3028316,-1316.7177970996127,-1090.5866162288003,461.85707507794723,144.46111558843404,left_blink
1761185165.3028316,-1250.6412446824834,-1060.4168432862498,504.7873866693117,159.2972987126559,left_blink
1761185165.3163445,-1323.6066928179935,-1126.9833225975744,432.0425926311873,89.58930343855172,left_blink
1761185165.3163445,-1330.776081033051,-1015.9419530131854,428.1830158769153,135.4329970953986,left_blink
1761185165.3321035,-1306.7135647181422,-1045.1879706666805,471.580814962741,173.06387044955045,left_blink
1761185165.3321035,-1337.0516331586987,-1063.9136497448198,443.31465109763667,90.77485172450542,left_blink
1761185165.3328488,-1363.930294140242,-1008.6828071991913,404.5057092574425,111.6060944776982,left_blink
1761185165.3328488,-1287.2997440481558,-1033.2389903082512,442.1926811109297,165.40081544034183,left_blink
1761185165.3463511,-1307.1586128128693,-946.0993213406764,462.1226079748012,145.28389357868582,left_blink
1761185165.3463511,-1380.2923564463854,-1037.027508963365,385.8735276781954,66.74225460924208,left_blink
1761185165.3619597,-1368.7772044828162,-893.3405526657589,393.910572682973,148.69094243831933,left_blink
1761185165.3619597,-1317.6041533891112,-926.7976976693608,427.71926828240976,113.60320105403662,left_blink
1761185165.362647,-1358.3054846068844,-1073.390556232538,402.90129217645153,85.94290098175406,left_blink
1761185165.362647,-1327.7579817688093,-908.644223284442,393.0167365935631,140.1377912396565,left_blink
1761185165.376245,-1316.0932338070124,-924.4864394967444,420.97996856225654,136.78310097940266,left_blink
1761185165.376245,-1383.9724180027843,-909.5829381733201,402.0897338860668,97.46179284527898,left_blink
1761185165.3920064,-1380.7224449412897,-977.521960768383,360.39732918003574,91.1937205195427,left_blink
1761185165.3920064,-1319.717196864076,-933.5295175896026,389.81912213144824,153.12272388581187,left_blink
1761185165.3927488,-1376.0064310971648,-887.1547581390478,397.7290105377324,121.01194286625832,left_blink
1761185165.3927488,-1382.9701248146594,-1044.1146193793975,372.84371623257175,62.75178135652095,left_blink
1761185165.4062724,-1366.4248074106872,-959.2974282843061,373.47949922503904,159.151442614384,left_blink
1761185165.4062724,-1360.0894168857485,-937.9538192371838,412.04534756811336,173.3443629462272,left_blink
1761185165.4219227,-1397.8848458379507,-1004.4567202492617,365.7528659165837,91.02542502153665,left_blink
1761185165.4219227,-1407.3916715253145,-967.8991981823929,337.6512576495297,113.236690858379,left_blink
1761185165.4227102,-1356.514072528109,-929.0042386432178,383.8240625024773,166.62002282589674,left_blink
1761185165.4227102,-1397.1144264470786,-993.8092250754125,391.55817561084405,123.34564043860883,left_blink
1761185165.4362395,-1392.959397596307,-1026.7315643853508,365.5957901184447,141.89554421883076,left_blink
1761185165.4362395,-1376.365461492911,-954.6150735397823,388.28950304957107,186.4975910903886,left_blink
1761185165.451974,-1431.3045918419957,-939.060829624068,408.7018770077266,164.69023444876075,left_blink
1761185165.451974,-1446.6045225607231,-1025.1196675044484,349.31974551128224,106.4973911382258,left_blink
1761185165.4527109,-1390.8575738212094,-952.8872397602536,371.3701956500299,193.28924940992147,left_blink
1761185165.4527109,-1368.549070585519,-967.6822839849629,402.48242338141426,189.25015745777637,left_blink
1761185165.4662328,-1431.420528740622,-1075.0660314126872,372.9334738315083,116.3146285219118,left_blink
1761185165.4662328,-1408.9960886063054,-994.0298791727982,370.94758695503697,183.04192353133112,left_blink
1761185165.481982,-1391.392379514873,-950.80785538489,400.0664480100386,200.41375882551074,left_blink
1761185165.481982,-1429.4757807636634,-1033.0071165109985,365.2965981219895,153.75476697832346,left_blink
1761185165.4827845,-1437.8568965643644,-1043.1011064914055,351.84043808141723,164.66031524911523,left_blink
1761185165.4827845,-1396.68807785213,-975.8726648879237,380.8284026379697,212.9873024765402,left_blink
1761185165.4962628,-1423.0057538403198,-1025.5572357992642,415.38507822854444,191.25100393407047,left_blink
1761185165.4962628,-1452.3153497930616,-1062.7019221591763,360.50578627875075,156.65692934393883,left_blink
1761185165.511969,-1396.856373350136,-1024.6409603101201,390.7578370203264,226.5519196158275,left_blink
1761185165.511969,-1403.8088473677635,-1003.3983285618015,419.16611708374694,211.42402429506183,left_blink
1761185165.5127263,-1492.9867618111894,-1062.6533034597524,364.02877203701064,157.32263153605163,left_blink
1761185165.5127263,-1460.0494629014283,-1047.966716333758,349.5628390084021,188.37502086814493,left_blink
1761185165.5262928,-1400.3793591083959,-1003.476866460871,423.97936832671985,242.20714083034545,left_blink
1761185165.5262928,-1462.63373377081,-1094.3788747838698,386.58410866977647,137.12343187537044,left_blink
1761185165.5420244,-1463.8940800558776,-1092.1910333097912,365.42749462043867,165.57285083830357,left_blink
1761185165.5420244,-1428.6754421731457,-1019.7903100675903,389.29179623769596,233.38845673482865,left_blink
1761185165.5427077,-1456.1113482480869,-1050.2742346064188,397.7963287369348,192.52256991900504,left_blink
1761185165.5427077,-1496.1245378740132,-1101.6081013982184,363.7819386399351,147.621331050992,left_blink
1761185165.5563283,-1449.3720485279337,-1047.8507794351317,375.457906301599,213.85495926626027,left_blink
1761185165.5563283,-1413.476488753222,-1033.9121723002754,419.0053013856523,234.58148482069373,left_blink
1761185165.5717845,-1504.9282623697072,-1121.75494245952,369.13373547652736,148.6273641390726,left_blink
1761185165.5717845,-1483.801567520015,-1065.2824531286024,360.38984938012436,200.15570572856814,left_blink
1761185165.587773,-1435.3399438941851,-1017.1499406988733,414.076113244053,250.74159252922982,left_blink
1761185165.587773,-1489.6208518510684,-1080.795558144804,389.4301725360565,189.3885337561369,left_blink
1761185165.5884702,-1503.533279686235,-1082.5121722244658,358.54607870196924,220.11181189212948,left_blink
1761185165.5884702,-1453.6841531768441,-1026.2752965907566,401.15475889714435,277.1340665165335,left_blink
1761185165.5891302,-1475.4578507188708,-1068.1509563946165,404.1429389617406,221.05052678100765,left_blink
1761185165.5891302,-1519.790624793619,-1110.729717390146,357.13613641867414,203.04664839431643,left_blink
1761185165.6012535,-1479.5156421707943,-1043.2731418893673,365.7079871171154,246.65014197770506,left_blink
1761185165.6012535,-1490.9260769356042,-1051.1082322965376,403.12194627383724,253.39692149776965,left_blink
1761185165.61629,-1524.9666463322937,-1078.36088327365,371.3028774508275,191.17246603500098,left_blink
1761185165.61629,-1517.3484701225534,-1064.407316538971,354.1217770543881,233.4408153342083,left_blink
1761185165.6320355,-1480.4506171597168,-1043.8042076830752,403.6081332680769,274.03742935322225,left_blink
1761185165.6320355,-1523.059297354892,-1113.0185361630283,389.29179623769596,209.3558596195653,left_blink
1761185165.6327631,-1547.44344506599,-1081.9212680314668,344.8917039637454,214.48700235877186,left_blink
1761185165.6327631,-1517.269932223484,-1035.606346980203,377.0885026822798,268.77539011556655,left_blink
1761185165.6628065,-1539.8252688562497,-1075.05481171282,387.51908365869895,215.63141174521297,left_blink
1761185165.6628065,-1557.6047532455996,-1106.1259005446918,366.4185681086965,214.1017926633358,left_blink
1761185165.6633508,-1529.7574581755325,-1044.2193365781568,378.96593246003613,258.8347360333428,left_blink
1761185165.6633508,-1519.0015059029683,-1039.0582746393047,398.0282025341876,254.62734858319163,left_blink
1761185165.6641536,-1569.7145493021235,-1087.1122491699643,367.05809100111946,201.93589810747653,left_blink
1761185165.6641536,-1549.1301399460062,-1097.995358041022,366.44100750843063,251.43347402103245,left_blink
1761185165.676323,-1499.5054074339569,-1050.356512405444,421.35395855782554,284.942977624014,left_blink
1761185165.676323,-1590.4822137560695,-1085.0366046945564,370.1248089647852,211.78305469080806,left_blink
1761185165.691959,-1581.046446167864,-1065.2936728284694,361.5604380662553,239.4882335625589,left_blink
1761185165.691959,-1550.6335797281936,-1045.146831767168,376.5686565884389,248.20220045931637,left_blink
1761185165.6926837,-1535.6889395052567,-1048.6623377255164,406.7646088306792,253.69611349422485,left_blink
1761185165.6926837,-1614.694326069206,-1115.662645431701,346.28294674726203,180.95505935605615,left_blink
1761185165.7062988,-1552.533448905684,-1032.3040153193288,370.29310446279123,275.1706190397963,left_blink
1761185165.7062988,-1562.4928024876863,-1054.23852855945,394.74457037309185,233.1902420371771,left_blink
1761185165.721964,-1602.850062909536,-1098.249671238009,360.4122887798585,185.80196969863027,left_blink
1761185165.721964,-1582.8827370461076,-1063.7042153473012,362.13264275947586,242.75690612383187,left_blink
1761185165.7227187,-1547.9670310597867,-1021.506924147252,401.74940299009904,263.7452246751636,left_blink
1761185165.7227187,-1586.2972657056525,-1074.8565970151685,379.4670790540986,210.16741790995002,left_blink
1761185165.736318,-1619.6833526100963,-1088.4174742545001,334.5434007863514,223.44780265260488,left_blink
1761185165.736318,-1558.2966347374022,-1016.5478168060072,377.9374599722214,275.11078064050525,left_blink
1761185165.7520492,-1581.9290625574067,-1062.6420837598853,400.8069482012652,236.27565950062126,left_blink
1761185165.7520492,-1627.899912812747,-1112.696904766839,349.20380861265585,198.7981220446527,left_blink
1761185165.7527976,-1569.0974658094347,-1042.5550810978748,369.28333147475496,268.5734355179593,left_blink
1761185165.7527976,-1556.6398590570316,-1022.0342500410043,415.53841412672773,265.3197225565091,left_blink
1761185165.766245,-1636.6363191092387,-1100.0784823163413,354.31625185208395,202.07427440583706,left_blink
1761185165.766245,-1615.7340182568878,-1071.0082399607636,338.57127303862944,234.94051521643996,left_blink
1761185165.7819817,-1543.2921561151743,-1011.6485478640534,416.8436392112635,295.19778330251575,left_blink
1761185165.7819817,-1600.7818982340395,-1078.5366585715674,380.1701802457683,210.90043830126524,left_blink
1761185165.7826612,-1634.111886639148,-1088.8026839499362,350.57635189639404,208.89211202505976,left_blink
1761185165.7826612,-1559.661698221229,-1017.0003447006457,395.4364518648945,292.9837625287473,left_blink
1761185165.7963147,-1593.1001437250525,-1069.2804061812349,382.3168828203343,226.13679072074592,left_blink
1761185165.7963147,-1630.5028831819072,-1092.2994904085062,358.4413615032099,214.86847215425223,left_blink
1761185165.8119097,-1584.5507324263453,-1037.0948271625675,366.24279281077906,278.4692108007148,left_blink
1761185165.8119097,-1578.536973297596,-1049.2121030190028,389.6470867334865,253.72229279391468,left_blink
1761185165.8126893,-1622.8622675724328,-1088.2641383563168,370.5212383600883,219.68920319713652,left_blink
1761185165.8126893,-1612.9552725898102,-1068.6969817881472,363.1124965478666,247.62251596618444,left_blink
1761185165.82646,-1581.9664615569636,-1034.061768298503,394.8044087723829,267.455205431208,left_blink
1761185165.82646,-1619.855388008058,-1087.5161583651789,375.6785603989847,206.20312395691872,left_blink
1761185165.8419435,-1646.1768038962036,-1097.8831610423513,337.15759085537866,214.30000736098737,left_blink
1761185165.8419435,-1572.698989466764,-1018.3766278843395,396.29662885470316,281.99967635888606,left_blink
1761185165.8428485,-1591.2862922465429,-1071.2027147584595,403.0209689750336,233.818545229733,left_blink
1761185165.8428485,-1631.4191586710513,-1116.9491710164584,349.7049552067183,205.05123477056623,left_blink
1761185165.856287,-1587.5314326910302,-1053.7186824656092,382.96762541262433,292.94262362923473,left_blink
1761185165.856287,-1587.0377658968791,-1050.0348810092546,410.4259708872996,265.4580988548696,left_blink
1761185165.8721497,-1636.187531114556,-1100.1719798152335,359.97846038499847,214.30000736098737,left_blink
1761185165.8721497,-1596.133202589117,-1052.8585054758005,376.8229697854258,288.86239277757704,left_blink
1761185165.8727126,-1567.586546227336,-1060.3757043867372,405.7361363428645,275.11452054046094,left_blink
1761185165.8727126,-1601.6420752238482,-1093.4289401951246,398.4321117294021,228.13015739712864,left_blink
1761185165.8862996,-1620.4425523011014,-1092.8043769025244,362.6337893535383,239.4844936626032,left_blink
1761185165.8862996,-1566.9881622344255,-1035.8382207774557,401.22207709634677,297.4043242763728,left_blink
1761185165.902007,-1597.8161575691774,-1069.7179744760506,413.5151282506995,252.70130010601133,left_blink
1761185165.902007,-1614.0248839771375,-1089.468386142049,376.21336609264836,241.91168873384595,left_blink
1761185165.9026515,-1565.2565885549411,-1053.1876166719012,384.8600147902034,289.6851707678288,left_blink
1761185165.9026515,-1545.479997589253,-1058.0233073146082,419.34937218157575,278.04660210572183,left_blink
1761185165.9162517,-1621.8412748845294,-1088.683007151354,382.59737531701103,235.65857600793242,left_blink
1761185165.9162517,-1583.589578137733,-1059.2911333995871,386.04182317620143,287.74042279087007,left_blink
1761185165.9319944,-1556.7109171561897,-1017.0826224996708,421.4025772572495,312.3714038990438,left_blink
1761185165.9319944,-1614.320336073637,-1093.859028690029,387.0815153638832,227.24380110763013,left_blink
1761185165.932668,-1616.6315942462534,-1100.4973511113785,360.50578627875075,226.68655601423234,left_blink
1761185165.932668,-1560.723829808645,-1034.8621068890207,410.167917790357,298.53377406299114,left_blink
1761185165.9462712,-1605.0304245837033,-1065.3647309276275,422.3712113457732,261.5349438013509,left_blink
1761185165.9462712,-1628.7600898025557,-1127.88089858694,365.13578242389485,224.61465143878013,left_blink
1761185165.9628408,-1581.0501860678196,-1055.2595212473534,381.9316731248982,288.6267790803686,left_blink
1761185165.9628408,-1577.1232911143452,-1075.4512411081232,416.6342048137449,268.26302382163703,left_blink
1761185165.9633512,-1636.8569732066244,-1125.0049155210145,369.6423618705012,210.09261991083622,left_blink
1761185165.9633512,-1597.0943568777293,-1075.9823069018312,381.5053245299496,266.03030354809016,left_blink
1761185165.964223,-1558.97542657936,-1039.4846232342534,431.5302263372578,307.7956363032572,left_blink
1761185165.9762745,-1609.8679851763882,-1099.0387901286595,405.71743684308603,238.25219662720338,left_blink
1761185165.9762745,-1625.3549108929,-1109.5217297044583,362.54403175460175,243.30480146734044,left_blink
1761185165.9913168,-1560.7144800587557,-1043.1385054909624,404.0307419630699,299.69127309927717,left_blink
1761185165.9913168,-1593.382506171707,-1091.0915027228184,404.60668655624613,243.43943786574528,left_blink
1761185166.0069692,-1617.3515249877237,-1135.2559812995605,378.59194246446714,227.70193885220215,left_blink
1761185166.0069692,-1578.658520046156,-1085.8930417844094,378.29275046801195,264.71572871366516,left_blink
1761185166.0078297,-1575.6441606818698,-1073.715927528683,403.7951282658614,271.7355209304951,left_blink
1761185166.0078297,-1627.3258381695487,-1125.6294788136147,372.50338533660397,233.25195038644597,left_blink
1761185166.0212846,-1611.8688316526823,-1112.285515771713,361.6314961654134,236.1653324519284,left_blink
1761185166.0212846,-1563.642821724061,-1056.7554812296294,424.7049089181237,292.8622157801874,left_blink
1761185166.0369704,-1609.340659282636,-1124.9712564214133,395.5075099640526,216.0820696898736,left_blink
1761185166.0369704,-1618.2416211771779,-1126.2241229065694,359.8251244868152,230.52556331874803,left_blink
1761185166.0377936,-1563.1790741295554,-1066.793372710701,397.07826794544235,277.7904189587571,left_blink
1761185166.0377936,-1584.2721098796465,-1108.1192672210746,410.4446703870781,238.618706822861,left_blink
1761185166.0514083,-1626.3347646812908,-1163.8998750601895,365.2292799227871,201.73207355989143,left_blink
1761185166.0514083,-1589.4331718184985,-1103.421952876728,390.03977622883394,255.7736279196106,left_blink
1761185166.0671566,-1574.4436527960934,-1087.0150117711164,417.3223464055918,249.61027279263362,left_blink
1761185166.0671566,-1626.9443683740683,-1160.6199827990495,362.6001302539371,186.24514784337953,left_blink
1761185166.0677364,-1590.6075004045852,-1111.8629070767201,365.88376241503283,250.5489876815118,left_blink
1761185166.0677364,-1552.0491318614222,-1071.2887324574403,430.53541294904426,273.79620580608025,left_blink
1761185166.0814228,-1606.831186412368,-1147.7846461511217,391.4272791123949,205.61782961385325,left_blink
1761185166.0814228,-1611.752894754056,-1140.121591141913,366.57938380679116,225.8656479739584,left_blink
1761185166.0972311,-1555.8713096161373,-1077.2164738872088,419.5924656786956,283.7929583876394,left_blink
1761185166.0972311,-1572.252071422059,-1125.9137112102471,421.8027465525083,244.71848365059122,left_blink
1761185166.0978615,-1622.1984353302978,-1163.1631147689186,346.5447397441603,197.76777960686013,left_blink
1761185166.0978615,-1563.4558267262764,-1071.4570279554464,401.56240799231455,301.0525966831483,left_blink
1761185166.111385,-1542.789139571134,-1067.0514258076437,435.2701262929477,293.6700341706164,left_blink
1761185166.111385,-1611.195649660658,-1147.3246384565718,384.89367388980463,207.57379729067907,left_blink
1761185166.1271012,-1565.8755419976078,-1088.166900957469,394.4304187768139,288.13124233623967,left_blink
1761185166.1271012,-1541.1323638907634,-1076.154342299793,430.76728674629703,303.528410453815,left_blink
1761185166.1278653,-1580.599528123159,-1138.8388054571114,411.52924137422815,236.76745634479448,left_blink
1761185166.1278653,-1599.9161113942973,-1142.3468316155486,387.2011921624653,240.07352790562436,left_blink
1761185166.1415052,-1536.8464385415427,-1052.551833679434,444.1523886877112,311.2812230619602,left_blink
1761185166.1415052,-1571.204899434466,-1115.9693172280677,410.0557207916863,241.43859138945118,left_blink
1761185166.1570644,-1601.5093087754212,-1145.4210293791257,375.9366134959273,230.73125781631097,left_blink
1761185166.1570644,-1554.4426678330638,-1087.0262314709835,410.57182698557153,296.8900880324654,left_blink
1761185166.1577823,-1551.8509171637706,-1090.0031918357126,425.12377771316096,278.7740126471035,left_blink
1761185166.1577823,-1610.5598666681908,-1151.1916950107552,393.9367519826628,234.60579417040572,left_blink
1761185166.1713996,-1584.0402360823937,-1114.3761198469438,393.33836798975244,268.6688029668294,left_blink
1761185166.1713996,-1522.2346494146623,-1065.3647309276275,447.9259477430023,314.78176942048594,left_blink
1761185166.1871135,-1584.2459305799566,-1152.605377194006,409.6218923968263,228.88748713815585,left_blink
1761185166.1871135,-1599.5196819989942,-1141.6399905239232,379.051950159017,243.8732662606053,left_blink
1761185166.1879308,-1545.2574735418893,-1085.3881552903913,417.6888566012494,308.47255819523707,left_blink
1761185166.1879308,-1569.286330757197,-1123.5052156387828,429.7388142584823,241.7228237860836,left_blink
1761185166.2013702,-1587.365007143002,-1147.8631840501912,393.753496884834,238.29333552671596,left_blink
1761185166.2013702,-1549.8425908875652,-1107.2553503313102,403.3126811715774,274.32353169983253,left_blink
1761185166.2172544,-1534.1761499731801,-1089.2589517445303,425.4080101097934,279.0432854439132,left_blink
1761185166.2172544,-1615.2422214127146,-1160.795758096967,386.7561440677382,216.8263097810559,left_blink
1761185166.21778,-1585.2594434679486,-1118.9986361921765,383.4687720066868,254.96206962922588,left_blink
1761185166.21778,-1537.7178352312185,-1094.3713949839585,436.4145356793888,294.1898802644573,left_blink
1761185166.2314525,-1579.1895858398639,-1139.7027223468758,425.4042702098377,229.02212353656068,left_blink
1761185166.2314525,-1592.8065615785308,-1137.264307575766,388.44283894775435,249.44945709453896,left_blink
1761185166.2472384,-1533.0055612870492,-1095.2353118737228,417.42332370439544,279.12930314289406,left_blink
1761185166.2472384,-1558.878189180512,-1129.8406061637215,431.60876423632726,260.9496494582854,left_blink
1761185166.2479656,-1604.4226908409037,-1161.5362582881935,384.901153689716,214.3093571108766,left_blink
1761185166.2479656,-1559.0277851787396,-1102.3074626899324,401.2781755956821,280.3746898281388,left_blink
1761185166.261555,-1541.7793665830977,-1102.1391671919264,431.54144603712484,274.46564789814875,left_blink
1761185166.261555,-1589.5902476166375,-1156.8651232435368,394.4977369760163,216.54955718433484,left_blink
1761185166.2772405,-1572.8167963153683,-1131.1645307480358,396.3976061535068,260.8748514591716,left_blink
1761185166.2772405,-1530.5260076164268,-1096.3348424606957,442.6302494057454,293.58027657167986,left_blink
1761185166.2779095,-1567.8576889741234,-1136.8641382805072,414.35286584077403,239.3554671141319,left_blink
1761185166.2779095,-1586.6619059513323,-1152.6577357933857,396.7192375496961,249.26994189666584,left_blink
1761185166.2916107,-1530.6419445150532,-1097.4418528475799,423.3585449340753,305.0430699358694,left_blink
1761185166.2916107,-1553.5039529441856,-1129.9864622619934,435.50573999015614,246.05362793477252,left_blink
1761185166.3069153,-1593.15437227441,-1157.6879012337886,393.8993529831059,226.32191576855257,left_blink
1761185166.3069153,-1544.4720945511945,-1099.188386126887,410.59800628526136,273.9345821044408,left_blink
1761185166.307664,-1526.6178121627308,-1110.1575126969256,438.21342755807564,268.8894570642151,left_blink
1761185166.307664,-1592.8963191774674,-1174.0462236399762,388.22218485036865,207.22224669484422,left_blink
1761185166.321301,-1564.1290087183006,-1129.3319797697477,391.41231951257214,252.08234666334465,left_blink
1761185166.321301,-1539.3259922121651,-1105.1049078567885,438.51261955453083,267.82732547679916,left_blink
1761185166.3370712,-1571.8332026270218,-1155.1896480633877,416.72022251272574,223.0906422068365,left_blink
1761185166.3370712,-1579.1970656397752,-1157.5308254356496,374.9044011081569,227.69445905229077,left_blink
1761185166.3378918,-1520.585353534203,-1089.3935881429352,412.66991086071357,281.05909152003005,left_blink
1761185166.3378918,-1544.090624755714,-1142.739521110896,417.96934909792617,241.3226544908248,left_blink
1761185166.351262,-1599.8450532951392,-1168.1184822102077,387.6125811575912,229.1642397348769,left_blink
1761185166.351262,-1540.6461768965237,-1115.2736958363093,410.11555919097736,293.8981680679135,left_blink
1761185166.367075,-1538.7201284193434,-1113.4822837575339,428.45976847363636,262.8869176353328,left_blink
1761185166.367075,-1569.5780429537408,-1154.6997211691923,399.11651342129335,249.29238129639998,left_blink
1761185166.367816,-1552.1201899605803,-1128.6737573775463,396.41256575332955,267.6739895786159,left_blink
1761185166.367816,-1519.2389895501547,-1091.603869016748,428.13439717749134,293.68873367039487,left_blink
1761185166.38135,-1554.7231603297405,-1134.46686240891,431.3320116396062,248.2863482083194,left_blink
1761185166.38135,-1587.1256535458378,-1149.9575280253775,380.3571752435528,237.48177723633125,left_blink
1761185166.3970306,-1520.1066463398747,-1075.851410403382,436.64640947664157,314.51623652363196,left_blink
1761185166.3970306,-1551.424568568822,-1121.863399558235,434.20799470553175,260.94216965837404,left_blink
1761185166.397706,-1579.2195050395094,-1145.9184360732324,388.4278793479316,225.13262758264318,left_blink
1761185166.397706,-1512.6156267286278,-1091.8020837143995,410.86727908207104,300.10266209440306,left_blink
1761185166.41146,-1518.367592860479,-1095.523284170311,439.716867340263,284.0397917847149,left_blink
1761185166.41146,-1586.026122958865,-1161.1697480925359,395.78800246072933,221.5348438252695,left_blink
1761185166.4270172,-1553.5450918436982,-1102.9095865827985,389.6059478339739,283.7181603885256,left_blink
1761185166.4270172,-1535.963822152,-1090.4407601305284,434.8587372978218,273.01830661529675,left_blink
1761185166.4276636,-1572.7793973158114,-1138.0496865664609,427.0460862903856,241.6480257869698,left_blink
1761185166.4276636,-1568.093302671332,-1156.2069008513354,374.5715500121005,246.27802193211392,left_blink
1761185166.4413345,-1520.222583238501,-1074.512526219245,432.6746357236989,303.63686755253,left_blink
1761185166.4413345,-1559.1848609768786,-1130.4427300565876,429.6976753589697,235.86240055551752,left_blink
1761185166.4570067,-1583.3782737902366,-1152.5978973940946,392.59038799861446,240.41759870154783,left_blink
1761185166.4570067,-1543.3875235640444,-1092.8193365023471,403.29772157175466,296.73675213428214,left_blink
1761185166.4576864,-1544.6291703493334,-1110.322068294976,428.8150589694269,247.6580450157635,left_blink
1761185166.4576864,-1585.3492010668851,-1146.50186046632,393.9517115824856,226.59118856536224,left_blink
1761185166.47139,-1566.8479159860872,-1130.6110255545937,386.0493029761128,248.83237360185012,left_blink
1761185166.47139,-1524.1831372915767,-1103.313495778013,425.38557071005926,276.09250437887385,left_blink
1761185166.4870272,-1583.5877081877552,-1169.2703713965602,392.7212844970636,206.06287770858034,left_blink
1761185166.4870272,-1581.1156343170442,-1139.6541036474518,387.638760457281,236.40842594904825,left_blink
1761185166.4877625,-1531.7152958023362,-1105.4078397531994,432.46146142622456,278.83011114643887,left_blink
1761185166.4877625,-1565.9690394965,-1151.677882004995,413.42537065176293,234.48237747186795,left_blink
1761185166.501327,-1582.5106170005165,-1166.7122798268683,381.1911729336716,216.1942666885443,left_blink
1761185166.501327,-1558.4742799852975,-1112.925038664136,388.1997454506345,255.74370871996507,left_blink
1761185166.517013,-1541.0201668920927,-1101.4734649998136,419.02026098547503,264.0612462214194,left_blink
1761185166.517013,-1580.816442320589,-1174.8428223305382,381.464185630437,209.7803382645361,left_blink
1761185166.5177257,-1574.4436527960934,-1161.072510693688,375.65612099925056,235.3537741615437,left_blink
1761185166.5177257,-1517.8028679671697,-1101.3575281011872,444.0401916890405,295.6073023476638,left_blink
1761185166.5313313,-1584.7769963736646,-1162.2243998800404,388.760730443988,202.66330864885822,left_blink
1761185166.5313313,-1593.094533875119,-1170.2539650849067,383.22567850956693,217.61916857166216,left_blink
1761185166.5469513,-1524.265415090602,-1097.4007139480673,421.0024079619907,282.8542434987612,left_blink
1761185166.5469513,-1565.0826832070015,-1143.9923875960521,413.8816384463571,226.18353947019204,left_blink
1761185166.5476635,-1577.2485777628608,-1148.3082321449183,384.0222772001289,229.6504267291166,left_blink
1761185166.5476635,-1547.142383119557,-1111.7619297779165,401.59980699187145,268.50050746882334,left_blink
1761185166.5613112,-1535.5000745574944,-1103.5939882746898,438.87912975018844,266.09201189735904,left_blink
1761185166.5613112,-1591.6995511916466,-1187.9474317752756,397.52705594012514,200.20245447801426,left_blink
1761185166.5769217,-1559.132502377499,-1135.1624838006683,393.2486103908159,246.46127702994272,left_blink
1761185166.5769217,-1516.1049533872865,-1092.060136811342,463.0239238641225,303.0123042599298,left_blink
1761185166.5778737,-1586.7067847508006,-1167.3368431194685,399.96547071123496,200.591404073406,left_blink
1761185166.5778737,-1572.3156497213058,-1138.5882321600802,386.9468789654784,245.2046706448309,left_blink
1761185166.5912714,-1524.168177691754,-1099.382860924583,430.80468574585393,284.58207727828994,left_blink
1761185166.5912714,-1550.3586970814504,-1144.067185595166,417.8085333998315,232.92657909030095,left_blink
1761185166.6070824,-1579.0848686411045,-1175.990971616935,389.6957054329105,210.70409355359152,left_blink
1761185166.6070824,-1541.5998513852246,-1116.49664312182,401.2819154956378,272.0795917264186,left_blink
1761185166.6078231,-1539.8271388062276,-1125.4836227153428,430.19882195303217,267.16910308459774,left_blink
1761185166.6078231,-1605.3165269303136,-1182.9883244340308,389.41521293623373,213.90544791566208,left_blink
1761185166.6213655,-1559.2820983757265,-1142.159836617764,392.4594915001653,247.26909542037174,left_blink
1761185166.6213655,-1515.098920299206,-1107.1880321321078,448.3074175384827,284.8214308754541,left_blink
1761185166.6369817,-1579.7356112333946,-1173.0775895514525,423.53058033203706,214.85164260445163,left_blink
1761185166.6369817,-1578.5051841479726,-1163.9858927591704,384.5047242944129,235.75394345680252,left_blink
1761185166.63775,-1519.4334643478505,-1107.341368030291,434.7465402991511,289.06621732516214,left_blink
1761185166.63775,-1551.52180596767,-1131.7554349410348,430.83834484545514,251.27452827291563,left_blink
1761185166.651262,-1601.6626446736045,-1188.508416768629,385.0881486875005,204.49585962714627,left_blink
1761185166.651262,-1503.8231219328009,-1082.7814450212754,436.4033159795217,313.4241857365705,left_blink
1761185166.6669247,-1539.0230603157543,-1140.7723337342031,437.69732136419043,245.27572874398902,left_blink
1761185166.6669247,-1605.3875850294717,-1215.416996949818,373.28876432729885,166.21424368070439,left_blink
1761185166.6676383,-1544.393556652125,-1129.6610909658484,410.15669809048995,270.965101539623,left_blink
1761185166.6676383,-1529.1609441326,-1121.7025838601403,438.05635175993666,269.45792185747996,left_blink
1761185166.6813056,-1568.5308709661476,-1172.1052155629732,425.42670960957184,231.99908390128985,left_blink
1761185166.6813056,-1591.4714172943495,-1183.9868777222,387.40314676007256,214.39911470981315,left_blink
1761185166.6970117,-1520.0842069401406,-1088.926100648474,435.87225018581375,295.8541357447393,left_blink
1761185166.6970117,-1547.9315020102076,-1111.3542806827463,429.27506666397676,254.876051930245,left_blink
1761185166.6976447,-1609.400497681927,-1190.247470248025,384.9460324891843,182.34443218959495,left_blink
1761185166.6976447,-1510.599820652511,-1084.6027762996964,424.544093220029,309.5683488822542,left_blink
1761185166.7113779,-1532.814826389309,-1119.028555391822,432.60731752449647,249.99548248806968,left_blink
1761185166.7113779,-1599.7889547958039,-1179.9141266704537,387.6537200571038,190.09724479774013,left_blink
1761185166.7269084,-1543.1893088663928,-1111.477697381284,410.49328908650205,286.17527465941384,left_blink
1761185166.7269084,-1530.3577121184207,-1105.8080090484582,423.2239085356705,252.75926855532452,left_blink
1761185166.7276888,-1559.2596589759924,-1130.0986592606641,437.2260939697735,238.15869912831113,left_blink
1761185166.7276888,-1577.3682545614429,-1155.8703098553233,384.2055322979577,223.62918780045584,left_blink
1761185166.7412868,-1513.4496244187467,-1081.786631633062,432.1136507303454,285.3450168692507,left_blink
1761185166.7412868,-1564.3197436160408,-1136.5350270844065,422.7377215414308,219.28342405194417,left_blink
1761185166.7569647,-1593.105753574986,-1181.4512255522422,378.02721757115796,193.45193505799398,left_blink
1761185166.7569647,-1532.4370964937843,-1093.3204830964096,422.60308514302596,294.02158476645127,left_blink
1761185166.7576733,-1544.4833142510615,-1127.723822788801,442.7574060042389,236.0905344528146,left_blink
1761185166.7576733,-1579.5710556353442,-1162.0149654825218,398.1665788325481,216.28402428748086,left_blink
1761185166.771279,-1561.1557882535271,-1143.9512486965396,376.9314268841408,224.57912238920107,left_blink
1761185166.771279,-1504.7917560213245,-1079.6922876578756,455.40574765438214,291.4447936969809,left_blink
1761185166.787036,-1578.7744569447823,-1164.7301328503527,405.11157305026427,200.09025747934356,left_blink
1761185166.787036,-1566.803037186619,-1147.8220451506786,390.8251552195288,242.85227357270196,left_blink
1761185166.7877123,-1523.1808441034518,-1103.6912256735377,424.98166151484475,263.63863752642646,left_blink
1761185166.7877123,-1565.2173196054064,-1142.7806600104086,424.08782542543486,217.8996610683389,left_blink
1761185166.8012817,-1583.3296550908126,-1176.7239920082502,378.8612152612768,208.0038857855834,left_blink
1761185166.8012817,-1529.763068025466,-1099.1360275275074,411.9967288686894,270.965101539623,left_blink
1761185166.8169634,-1534.4603823698126,-1130.4576896564104,432.5586988250725,236.4271254488267,left_blink
1761185166.8169634,-1610.1896165725775,-1206.250502158422,372.189233740326,166.4274179781787,left_blink
1761185166.8177588,-1528.2895474429242,-1102.9619451821782,430.6775291473605,296.28422423964366,left_blink
1761185166.8177588,-1519.8635528427549,-1106.1745192441158,443.1126965000294,265.60208500316367,left_blink
1761185166.8314276,-1572.7681776159443,-1156.090963952709,396.44996475288644,198.24274690123275,left_blink
1761185166.8314276,-1561.784091446083,-1143.3117258041166,383.9437393010594,223.4197534029372,left_blink
1761185166.847138,-1505.0236298185773,-1089.0270779472776,437.8992759617977,303.33019575616345,left_blink
1761185166.847138,-1560.6920406590216,-1135.3045999989845,436.291118980851,218.65138095943257,left_blink
1761185166.8478067,-1585.1509863692336,-1179.5663159745745,380.282377244439,193.5229931571521,left_blink
1761185166.8478067,-1505.509816812817,-1091.2373588210903,429.2152282646857,302.62709456449375,left_blink
1761185166.8612933,-1520.4207979361527,-1122.9554503452964,448.40465493733063,253.0285413521342,left_blink
1761185166.8612933,-1585.1958651687019,-1177.6215679976158,381.6063018287532,181.37205820111558,left_blink
1761185166.8779197,-1558.0890702898614,-1131.6768970419653,390.11831412790343,251.9140511653386,left_blink
1761185166.8779197,-1513.7675159149803,-1101.323869001586,452.73171918606386,271.75796033022925,left_blink
1761185166.8781583,-1566.1560344942845,-1151.7788593037985,421.09216556092724,217.9407999678515,left_blink
1761185166.8781583,-1572.5924023180269,-1155.2195672630332,388.95894514163956,225.33084228029475,left_blink
1761185166.8914385,-1503.6585663347505,-1087.7816912620328,434.8624771977775,275.4866405860521,left_blink
1761185166.8914385,-1544.8460845467634,-1127.9108177865855,428.39619017438963,222.40998041490093,left_blink
1761185166.906994,-1571.9566193255596,-1152.9008292905055,388.25210405001417,218.7486183582805,left_blink
1761185166.906994,-1499.3015828863718,-1074.3255312214606,431.4442086382769,308.47255819523707,left_blink
1761185166.9077954,-1527.290994154755,-1126.7776281000115,433.8527042097412,237.40697923721746,left_blink
1761185166.9077954,-1586.81150194956,-1187.6444998788647,393.9143125829287,186.697675738018,left_blink
1761185166.9212792,-1535.1111249621026,-1121.2500559655018,413.93025714578107,268.7772600655444,left_blink
1761185166.9212792,-1514.25370290922,-1100.8676012069918,454.4932120651938,276.597390872892,left_blink
1761185166.9369793,-1552.015472761821,-1155.06623136485,414.09107284387574,226.50891076633707,left_blink
1761185166.9369793,-1586.4636912536807,-1173.0738496514969,370.1659478642978,209.28667147038504,left_blink
1761185166.9377608,-1498.684499393683,-1086.4615065776743,430.6214306480251,283.2357132942416,left_blink
1761185166.9377608,-1535.5561730568297,-1141.2173818289302,430.39329675072804,230.70507851662114,left_blink
1761185166.9513698,-1576.0929486765526,-1182.7227915371768,383.0424234117381,212.73485922953114,left_blink
1761185166.9513698,-1518.7453227560036,-1112.0312025747262,424.64133061887696,278.7515732473694,left_blink
1761185166.9676208,-1525.4360037767328,-1127.7425222885795,444.36182308522984,248.20407040929422,left_blink
1761185166.9676208,-1580.5658690235578,-1177.920759994071,393.55154228722677,196.7019081194885,left_blink
1761185166.9684355,-1539.6999822077341,-1122.2747885533608,395.9936969582923,238.60374722303823,left_blink
1761185166.9684355,-1518.2666155616753,-1100.2879167138599,440.83883732696995,269.02409346261993,left_blink
1761185166.9690948,-1567.1097089829855,-1169.8089169901796,412.0266480683349,213.5987761192955,left_blink
1761185166.981274,-1562.4310941384174,-1154.4828069717623,392.4183526006527,230.39840672025457,left_blink
1761185166.981274,-1515.098920299206,-1098.8854542304762,435.68151528807357,273.87100380519405,left_blink
1761185166.9962962,-1541.0014673923142,-1136.131117889192,421.72420865343884,234.9498649663292,left_blink
1761185166.9962962,-1578.5799821470864,-1173.7806907431222,381.1537739341147,203.62446293747053,left_blink
1761185167.0119379,-1520.248762538191,-1092.4939652062021,411.8471328704618,273.90092300483957,left_blink
1761185167.0119379,-1523.03498800518,-1117.7569894068874,437.73472036374733,229.91595962597057,left_blink
1761185167.0126815,-1564.7086932114325,-1164.3785822545178,407.5537277213298,200.2248938777484,left_blink
1761185167.0126815,-1543.488500862848,-1124.2644153297879,388.2857631496154,236.58046134701,left_blink
1761185167.026328,-1509.922898760531,-1094.8052233788185,441.90844871429726,269.035313162487,left_blink
1761185167.026328,-1583.3782737902366,-1167.3892017188482,389.5722887343727,185.50090775219724,left_blink
1761185167.041961,-1570.8720483384095,-1158.1628685281612,385.2377446857281,213.10136942518875,left_blink
1761185167.041961,-1508.5353958769701,-1083.6977205104195,449.9305341192521,282.47277370328084,left_blink
1761185167.042674,-1552.7896320526488,-1154.497766571585,430.1090643540956,201.12620976706967,left_blink
1761185167.042674,-1573.302983309608,-1168.5074318055995,383.0162441120483,204.1555287311785,left_blink
1761185167.0563188,-1525.0507940812968,-1097.4792518471368,412.4829158629291,267.31495918286964,left_blink
1761185167.0563188,-1529.7331488258205,-1115.9393980284221,432.9551282203756,238.78700232086703,left_blink
1761185167.072154,-1580.5920483232476,-1174.917620329652,384.8600147902034,186.27506704302505,left_blink
1761185167.072154,-1531.7003362025134,-1121.5043691624887,395.04376236954704,252.79666755488142,left_blink
1761185167.0727248,-1499.5671157832257,-1100.8975204066373,452.2305725920014,264.50255441619083,left_blink
1761185167.0727248,-1556.1181430132128,-1153.125223287847,420.65085736615583,207.5962366904132,left_blink
1761185167.0863352,-1575.0195973892696,-1148.2296942458488,379.1192683582194,222.15566721791402,left_blink
1761185167.0863352,-1494.0619830484502,-1077.093057188671,434.09205780690536,289.42898762086406,left_blink
1761185167.1021516,-1522.2159499148838,-1108.2763430192135,443.262292498257,253.36887224810198,left_blink
1761185167.1021516,-1567.4201206793077,-1164.1205291575752,375.0053784069605,209.75789886480197,left_blink
1761185167.102693,-1499.6830526818521,-1089.0121183474548,436.8633236740716,300.3195762918331,left_blink
1761185167.102693,-1507.103014193941,-1105.0488093574531,462.77335056709126,259.90621737064794,left_blink
1761185167.1163216,-1580.5097705242224,-1184.2337111192755,395.6795453620143,191.8849169765599,left_blink
1761185167.1163216,-1515.5402284939773,-1093.1447077984922,411.1851705783047,289.53744471957907,left_blink
1761185167.1319413,-1500.5731488713063,-1105.2283245553263,443.8644163911231,265.42256980529055,left_blink
1761185167.1319413,-1539.5541261094622,-1166.5739035285078,424.9592221151106,214.4215541095473,left_blink
1761185167.1328075,-1535.9077236526646,-1145.3424914800562,405.9156515407376,245.51508234115317,left_blink
1761185167.1328075,-1486.249332041014,-1127.7649616883136,446.43746756063774,286.10047666030005,left_blink
1761185167.146332,-1472.3406441058032,-1189.3124952591024,469.21719819074497,255.00320852873847,left_blink
1761185167.146332,-1563.0070387315936,-1202.2749885055237,396.8276946484111,193.91942255245522,left_blink
1761185167.1619449,-1511.1346263461746,-1080.8853157437406,430.80468574585393,277.5248860619031,left_blink
1761185167.1619449,-1504.447685225401,-1155.245746562723,446.1270558643155,211.1154825487174,left_blink
1761185167.162785,-1528.9963885345496,-1244.2254463084973,431.76210013451055,196.20076152542606,left_blink
1761185167.162785,-1467.6208903617226,-1260.4341727164574,443.3071712977253,232.60120779415593,left_blink
1761185167.1764183,-1422.4279392971657,-1168.8926415010355,483.75044941855595,236.65525934612378,left_blink
1761185167.1764183,-1427.0167965427972,-1304.0788051993586,460.11054179864004,194.6262636440806,left_blink
1761185167.1920567,-1514.6239530048333,-1288.2291091871448,427.4125964860432,199.57041138550267,left_blink
1761185167.1920567,-1431.0222293953411,-1108.209024820011,474.77842942485586,240.5410154000856,left_blink
1761185167.1926708,-1531.3039068072103,-1139.6316642477177,449.37702892581,153.72671772865579,left_blink
1761185167.1926708,-1470.1528026317246,-1244.397481706459,446.6095029585995,153.1993918349035,left_blink
1761185167.2062583,-1363.7152498927899,-1135.480375296902,468.00173070514575,221.14589422987774,left_blink
1761185167.2062583,-1384.2846996490844,-1162.7629454736598,488.74321585940197,193.30233905976638,left_blink
1761185167.2220428,-1331.3950344757177,-1376.5842456403188,490.5495875380002,130.83105019992217,left_blink
1761185167.2220428,-1368.1919101397507,-1069.8077320749871,449.425647625234,208.60600967844948,left_blink
1761185167.2227476,-1493.725392052438,-975.9212835873477,445.17712127557024,189.9289492997341,left_blink
1761185167.2227476,-1365.3757654731162,-1144.2803598926403,440.80143832741305,137.72742571821436,left_blink
1761185167.2364335,-1342.5399363436736,-1134.22376891179,424.68994931830093,149.37347418023273,left_blink
1761185167.2364335,-1333.6015754495747,-1001.9285478792153,468.6038545980118,191.16685618506745,left_blink
1761185167.252045,-1304.2209213976748,-1046.2688017538749,463.7195452558808,122.62944959709421,left_blink
1761185167.252045,-1296.8271391852759,-1152.182768499013,428.24285427620634,112.9244092120789,left_blink
1761185167.2527213,-1276.2950884285383,-967.6000061859377,444.1860477873124,172.36637910781428,left_blink
1761185167.2527213,-1409.1849535540678,-1019.5883554699831,455.7984371497296,135.46478624502197,left_blink
1761185167.266384,-1360.5961733297445,-1019.5098175709136,411.05427407985553,68.47943813866004,left_blink
1761185167.266384,-1252.7748576072045,-1055.6821299423464,401.0612613982521,117.61424375651404,left_blink
1761185167.2819812,-1279.9601903851144,-953.5305025526322,440.0160593367182,156.11651380034164,left_blink
1761185167.2819812,-1326.7089398312382,-1029.7908025491051,395.140999768395,44.682454720605165,left_blink
1761185167.282738,-1360.1735646347515,-926.0197984785773,361.2911652694456,97.20934959826991,left_blink
1761185167.282738,-1287.6980433934368,-972.0991058326326,422.9695953386836,143.00068465573713,left_blink
1761185167.2963028,-1330.9312868812121,-946.1329804402776,414.5473406384699,97.90497099002823,left_blink
1761185167.2963028,-1366.6174122584052,-942.70349218091,372.46598633704707,81.37087328592315,left_blink
1761185167.3121092,-1279.1261926949956,-947.7972359205596,409.685470696073,142.84360885759816,left_blink
1761185167.3121092,-1296.3895708904602,-912.3130651409738,407.6247858204879,119.03166583972052,left_blink
1761185167.3127928,-1367.0213214536197,-985.8469780697487,364.94878742611036,63.150080701801926,left_blink
1761185167.3127928,-1281.4636301673017,-968.5536806746386,402.7217769785784,157.2422236870043,left_blink
1761185167.3263972,-1312.4711406999268,-954.0840077460743,422.02340064989403,145.54381662560627,left_blink
1761185167.3263972,-1386.5024603228085,-940.5493098064326,394.96896437043324,100.08907256415114,left_blink
1761185167.3421073,-1369.515834724065,-947.2848696266301,369.5638239714317,117.83863775385544,left_blink
1761185167.3421073,-1310.3618371249177,-920.1070166486315,402.8489335770719,149.0555826839991,left_blink
1761185167.342749,-1327.8122103181668,-1029.719744449947,403.6118731680326,94.81207372667268,left_blink
1761185167.342749,-1372.6162117873318,-1001.1431688885204,368.87942227954045,112.12407062156126,left_blink
1761185167.3566587,-1343.2505173352547,-933.3425225918181,397.48591704061255,158.03134257765487,left_blink
1761185167.3566587,-1320.3211907069199,-945.8524879436009,432.8915499211289,146.1272410186939,left_blink
1761185167.37209,-1395.9831067104824,-1035.6400060798042,371.1570213525556,82.08519417745993,left_blink
1761185167.37209,-1321.16266819695,-961.5151889580302,393.4318654886447,178.7690878319554,left_blink
1761185167.372811,-1351.7400902346708,-947.647639922332,410.1005995911546,164.15729870507494,left_blink
1761185167.372811,-1364.8970582787879,-1028.1003677691333,393.9741509822197,112.27366661978886,left_blink
1761185167.3862927,-1350.4423449500464,-1018.3616682845168,380.02806404745206,132.1923737837933,left_blink
1761185167.3862927,-1341.2347112591378,-970.0384209570475,407.04510132735595,177.78923404356465,left_blink
1761185167.4020388,-1390.2386203785427,-1016.6039153053425,399.7335969139822,115.82283167773858,left_blink
1761185167.4020388,-1406.9297938807867,-1058.905923704151,368.06786398915574,113.06278551043943,left_blink
1761185167.4026651,-1325.2017601490952,-1003.5741038597189,409.577013597358,191.73158107837662,left_blink
1761185167.4026651,-1336.0848690201528,-1017.587508993689,436.8109650746919,165.024955494795,left_blink
1761185167.4162855,-1458.0130873755552,-1037.9849233520217,377.6756669753231,104.91354350699112,left_blink
1761185167.4162855,-1412.027277520392,-1014.9807987245731,362.9666404495947,156.41196589684114,left_blink
1761185167.4319527,-1376.303753143642,-1004.6736344466917,415.79272732371464,171.88767191348597,left_blink
1761185167.4319527,-1403.0253383270465,-1056.6096251313575,406.4728966341354,128.01116563333198,left_blink
1761185167.4329221,-1410.6734337364323,-1064.298859440256,360.6366827771999,156.84953419165686,left_blink
1761185167.4329221,-1377.6538570276462,-997.2798522342928,402.9910497753881,214.68334710644558,left_blink
1761185167.4463134,-1432.6827449756674,-1056.7779206293635,404.6478254557587,154.43729872023687,left_blink
1761185167.4463134,-1455.2119023087434,-1090.3210833319463,360.9957131729461,145.47649842640385,left_blink
1761185167.461974,-1372.9976815828122,-1024.3230688138865,403.5856938683428,235.59686765866354,left_blink
1761185167.461974,-1409.6935799480416,-1032.77150281379,414.5772598381154,187.71118862600997,left_blink
1761185167.4626834,-1478.8181508290581,-1075.585877506528,362.47297365544364,160.1705653523095,left_blink
1761185167.4626834,-1432.2676160805859,-1035.7222838788293,360.16545538278297,218.72617895854637,left_blink
1761185167.47628,-1397.1910943961702,-1048.3631457290612,410.1043394911103,222.92608660878614,left_blink
1761185167.47628,-1478.1823678365909,-1092.7445385032333,384.8039162908681,169.29592124419287,left_blink
1761185167.491958,-1493.3252227571793,-1079.6212295587175,352.5584988729097,178.92616363009438,left_blink
1761185167.491958,-1444.7177430330776,-1028.6650926624425,402.8788527767174,217.76876456988975,left_blink
1761185167.492689,-1470.5193128273822,-1072.7959121395834,410.216536489781,179.20665612677112,left_blink
1761185167.492689,-1500.5544493715279,-1107.9360121232457,354.31625185208395,162.56784122390673,left_blink
1761185167.5063155,-1435.3193744444288,-1031.6906717265956,389.74806403229013,224.61278148880228,left_blink
1761185167.5063155,-1446.1763040157966,-1053.225015671458,406.33452033577487,207.68225438939407,left_blink
1761185167.5219624,-1512.4174120309763,-1123.8829455343075,353.1793222655542,137.98547881515697,left_blink
1761185167.5219624,-1483.3284701756202,-1083.83609680878,364.24942613439634,203.46738713933155,left_blink
1761185167.5227158,-1458.3309788717888,-1039.0620145392604,427.1021847897209,248.3574063074775,left_blink
1761185167.5227158,-1523.408978000749,-1112.4837304693647,385.51823718240485,151.69221215276048,left_blink
1761185167.536343,-1500.1841992759146,-1087.57599676447,368.03420488955453,206.77719860011712,left_blink
1761185167.536343,-1461.1658230382018,-1066.5876782131381,393.0990143925883,224.5716425892897,left_blink
1761185167.5520585,-1485.4489934504963,-1137.2231686762534,396.6220001508482,214.17098081251606,left_blink
1761185167.5520585,-1531.3487856066786,-1132.065846637357,341.8436854998581,177.6620774450712,left_blink
1761185167.5527575,-1475.0296321739443,-1065.4170895270072,387.88559385435656,249.70751019148156,left_blink
1761185167.5527575,-1496.2909634220414,-1098.4927647351287,384.2391913975589,202.46135405125096,left_blink
1761185167.566291,-1536.6669233436696,-1138.7079089586623,373.0194915304892,194.93667534040287,left_blink
1761185167.566291,-1510.0350957592018,-1102.0381898931228,361.0144126727246,230.6078411177732,left_blink
1761185167.5820675,-1480.774118505884,-1072.679975240957,405.05173465097323,255.72500922018662,left_blink
1761185167.5820675,-1554.9400745271705,-1167.5313179171644,363.01899904897436,175.18626367440447,left_blink
1761185167.582772,-1536.4612288461067,-1107.93227222329,352.3004457759671,225.84694847417995,left_blink
1761185167.582772,-1504.5187433245592,-1061.6659698714502,395.41775236511603,244.36319315480068,left_blink
1761185167.5963442,-1530.9635759112425,-1099.0761891282164,389.9537585298531,219.36944175092503,left_blink
1761185167.5963442,-1562.5956497364677,-1131.81153344037,340.5534200151451,199.75740638328716,left_blink
1761185167.6120903,-1488.781244311016,-1065.43204912683,396.63321985071525,288.58751013083383,left_blink
1761185167.6120903,-1528.5999591392465,-1098.1673934389837,406.56639413302764,241.6891646864824,left_blink
1761185167.6128373,-1585.5474157645367,-1116.6013603205793,369.10755617683753,210.56945715518668,left_blink
1761185167.6128373,-1540.8556112940423,-1081.6071164351888,359.42495519155636,248.93709080060944,left_blink
1761185167.626262,-1513.8759730136953,-1059.6501637953334,409.1843241020106,267.86098457640037,left_blink
1761185167.626262,-1561.8663692451082,-1118.822860894259,372.6380217350088,220.95141943218186,left_blink
1761185167.6419573,-1550.579351178836,-1119.234249889385,355.28488594060764,239.38538631377742,left_blink
1761185167.6419573,-1502.061629053671,-1048.535181127023,416.00590162118897,292.36480908608064,left_blink
1761185167.642763,-1579.7692703329958,-1084.4195212018676,379.0893491585739,218.62520165974274,left_blink
1761185167.642763,-1592.1184199866839,-1116.4442845224403,344.1773830722086,216.32142328703776,left_blink
1761185167.6563027,-1549.5770579907112,-1068.4800675907172,361.0031929728575,249.59157329285517,left_blink
1761185167.6563027,-1533.888177676592,-1066.565238813404,416.9259170102887,257.04145400458947,left_blink
1761185167.672066,-1590.6261999043636,-1131.5684399432503,355.71871433546767,206.03295850893483,left_blink
1761185167.672066,-1558.8220906811766,-1087.321683567483,361.2649859697558,244.26221585599706,left_blink
1761185167.672776,-1508.5428756768815,-1032.251656719949,422.05705974949524,297.9484797199257,left_blink
1761185167.672776,-1607.3398128063418,-1126.1455850075,363.55006484268233,182.5837857867591,left_blink
1761185167.6863024,-1591.127346498426,-1091.8544423137791,343.9567289748229,241.66298538679257,left_blink
1761185167.6863024,-1540.2347879013978,-1045.3300868649967,397.9197454354726,273.27635971223935,left_blink
1761185167.7020464,-1572.3081699213944,-1094.423753583338,387.37322756042704,235.63800655817613,left_blink
1761185167.7020464,-1608.9255303875543,-1122.611379549373,344.05022647371516,206.1937742070295,left_blink
1761185167.702871,-1565.4491934026591,-1051.2653080946766,372.36126913828775,267.86472447635606,left_blink
1761185167.702871,-1553.2982584466226,-1059.4818682973273,408.01373541587964,263.5787991271354,left_blink
1761185167.7162766,-1622.1423368309624,-1126.975842797663,358.777952499222,201.81061145896092,left_blink
1761185167.7162766,-1556.8175043049268,-1071.112957159523,386.6402071691118,288.5314116314985,left_blink
1761185167.7320583,-1540.7359344954602,-1050.139598208014,425.3967904099263,277.4912269623019,left_blink
1761185167.7320583,-1589.777242614422,-1110.1575126969256,396.85761384805664,235.64174645813182,left_blink
1761185167.732686,-1595.3309940486215,-1100.250517714303,353.24290056480095,250.82948017818853,left_blink
1761185167.732686,-1537.4485624344088,-1022.9692250299267,419.2222155830823,307.9040934019722,left_blink
1761185167.7463095,-1586.171979057137,-1073.4541345317848,406.3606996354647,243.08414736995474,left_blink
1761185167.7463095,-1604.9088778351434,-1114.1292864498682,379.29130375618115,221.6806999235414,left_blink
1761185167.7619617,-1534.153710573446,-1037.2444231607951,415.90492432238534,316.7265173974447,left_blink
1761185167.7619617,-1557.1989741004072,-1074.8042384157889,405.5454014451243,262.8046398363076,left_blink
1761185167.7629294,-1622.6883622244932,-1108.1828455203213,372.46972623700276,226.72582496376708,left_blink
1761185167.7629294,-1573.1272080116905,-1066.445562014822,375.2335123042576,266.5594993918203,left_blink
1761185167.7762933,-1547.456534715835,-1050.7192827011459,415.67679042508826,280.06427813181654,left_blink
1761185167.7762933,-1607.9194972994737,-1126.0520875086077,389.0561825404875,212.40948793338612,left_blink
1761185167.792075,-1597.6235527214594,-1100.0074242171831,355.94310833280906,248.85481300158426,left_blink
1761185167.792075,-1542.4338490753435,-1044.410071475897,413.97139604529366,309.84510147897527,left_blink
1761185167.7927663,-1598.7642222079448,-1095.4671856709756,396.5808612513356,235.8362212558277,left_blink
1761185167.7927663,-1615.9939413038082,-1104.2709101666696,359.06592479581013,244.34823355497792,left_blink
1761185167.8063092,-1554.8278775284998,-1053.094119173009,401.44647109368816,299.24622500455007,left_blink
1761185167.8063092,-1561.4362807502039,-1075.8775897030719,424.4692952209152,263.6947360257618,left_blink
1761185167.8220537,-1621.2148416419514,-1170.6167353806086,366.9010152029805,185.6654633502476,left_blink
1761185167.8220537,-1571.7845839275979,-1064.6653696359135,380.9069405370392,291.3438163981773,left_blink
1761185167.8228111,-1574.5782891944982,-1070.316358468961,407.16103822598234,265.87509769992903,left_blink
1761185167.8228111,-1614.2735873241909,-1121.6651848605834,382.6160748167895,214.91896080365404,left_blink
1761185167.8362556,-1597.8890856183134,-1107.0085169342346,357.0388990198262,245.74695613840595,left_blink
1761185167.8362556,-1546.3495243289508,-1064.3549579395913,404.1354591618292,285.4085951684974,left_blink
1761185167.8520992,-1593.490963270422,-1127.9556965860538,404.3972521587275,203.57210433809087,left_blink
1761185167.8520992,-1612.2615211480297,-1116.410625422839,359.7054476882331,243.9480642597191,left_blink
1761185167.8527927,-1565.6249687005766,-1062.8178590578027,392.85218099551275,280.1876948303543,left_blink
1761185167.8527927,-1561.3951418506913,-1073.9253619262017,420.42272346885875,257.0975525039248,left_blink
1761185167.8663018,-1626.5068000792526,-1142.4291094145738,356.50783322611824,201.53759876219556,left_blink
1761185167.8663018,-1570.5317174424417,-1083.6640614108182,381.84191552596167,279.551911837887,left_blink
1761185167.8820367,-1548.7879391000606,-1074.658382317517,428.4747280734591,279.8511038343422,left_blink
1761185167.8820367,-1621.581351837609,-1138.4049770622514,385.62295438116416,198.82243139436468,left_blink
1761185167.8827481,-1590.5102630057372,-1097.3857543482445,376.6097954879515,270.0076871509664,left_blink
1761185167.8827481,-1549.8612903873436,-1068.7456004875712,417.42332370439544,287.0728506487794,left_blink
1761185167.896305,-1598.2032372145914,-1122.0466546560638,407.78560151858255,227.6869792523794,left_blink
1761185167.896305,-1610.305553471204,-1117.136166014243,379.07064965879545,226.52013046620414,left_blink
1761185167.9283476,-1560.374149162788,-1064.949602032546,412.688610360492,295.95137314358726,left_blink
1761185167.9283476,-1560.1908940649591,-1082.3924954258837,423.8148127286695,265.6245244028978,left_blink
1761185167.9291255,-1627.2286007707007,-1132.4660159326158,382.3916808194481,208.47511318000033,left_blink
1761185167.9291255,-1583.782182985451,-1090.3098636320792,376.28442419180647,269.2110884604044,left_blink
1761185167.9298384,-1535.2981199598871,-1041.4368510111235,424.2636007233523,302.7467713630758,left_blink
1761185167.9298384,-1612.3587585468777,-1146.1091709709726,383.78292360296473,206.30971110565588,left_blink
1761185167.930588,-1582.8958266959526,-1082.5981899234466,391.1654861154966,291.3101572985761,left_blink
1761185167.930588,-1545.3434912408702,-1054.2422684594058,429.12547066574916,298.861015309114,left_blink
1761185167.9413211,-1596.7184969321825,-1115.2101175370626,404.85725985327736,232.10380110004917,left_blink
1761185167.9413211,-1611.3153264592402,-1119.0061159920879,375.07269660616294,255.26126162568107,left_blink
1761185167.9563804,-1561.3951418506913,-1057.9746886151843,414.49124213913456,312.6836855453439,left_blink
1761185167.9563804,-1551.95563436253,-1095.3923876718618,429.1479100654833,272.6742358193733,left_blink
1761185167.9726808,-1629.9923868379556,-1148.8505176384933,362.35329685686156,204.6753748250194,left_blink
1761185167.9726808,-1559.6710479711182,-1067.0327263078652,396.33776775421575,306.580168817658,left_blink
1761185167.9734566,-1572.0014981250279,-1085.1488016932271,412.1725041666068,284.2567059821449,left_blink
1761185167.9734566,-1604.2805746425875,-1134.4257235093974,398.9893568227999,238.9104190194048,left_blink
1761185167.9741747,-1603.562513851095,-1108.740090613719,367.72379319323227,265.9368060491979,left_blink
1761185167.986302,-1532.0406670984812,-1048.0078552332707,446.73665955709293,317.06497834343463,left_blink
1761185167.986302,-1590.7009979034774,-1124.963776621502,396.30036875465885,247.95162716228515,left_blink
1761185168.0013285,-1591.067508099135,-1123.9764430331998,385.43969928333536,265.33468215633184,left_blink
1761185168.0013285,-1540.3694242998026,-1065.0244000316598,418.6687103896402,319.21168091800064,left_blink
1761185168.0170476,-1556.8436836046167,-1074.7705793161876,433.0448858193122,289.67021116800606,left_blink
1761185168.0170476,-1626.0841913842596,-1149.9126492259093,361.8858093624003,217.45274302363396,left_blink
1761185168.0179183,-1548.915095698554,-1087.7480321624316,398.4283718294464,304.31191949453205,left_blink
1761185168.0179183,-1559.7383661703207,-1082.643068722915,434.76897969888523,265.4543589549139,left_blink
1761185168.0313387,-1594.9457843531854,-1129.6087323664688,409.5433544977568,246.39208888076246,left_blink
1761185168.0313387,-1592.2717558848672,-1124.563607326243,366.84865660360083,256.5571369603276,left_blink
1761185168.047064,-1540.2347879013978,-1069.7404138757847,409.30400090059265,295.15290450304747,left_blink
1761185168.047064,-1581.4335258132778,-1128.6700174775906,419.57002627896145,235.45662141032517,left_blink
1761185168.0477023,-1605.7166962255724,-1146.176489170175,375.8543356969021,238.05211197957397,left_blink
1761185168.0477023,-1569.9669925491326,-1087.9499867600389,399.4231852176599,276.92837201897055,left_blink
1761185168.0613122,-1561.8663692451082,-1094.5022914824076,420.68451646575704,274.1982450513169,left_blink
1761185168.0613122,-1615.7246685069986,-1157.9496942306869,365.1133430241607,222.3258326658979,left_blink
1761185168.0770323,-1565.2547186049633,-1099.2108255266212,373.6141356234439,277.44073831290007,left_blink
1761185168.0770323,-1564.2374658170156,-1086.947693571914,427.86886428063735,289.0643473751843,left_blink
1761185168.0778315,-1593.4947031703778,-1142.4066700148396,413.89659804617986,220.40726398862898,left_blink
1761185168.0778315,-1596.1388124390505,-1128.96546957409,366.5307651073672,232.31136554758996,left_blink
1761185168.091354,-1556.3612365103327,-1091.7160660154186,401.42029179399833,283.07302764616907,left_blink
1761185168.091354,-1579.8104092325084,-1129.0066084736027,403.4996761693619,231.06597886234522,left_blink
1761185168.1070085,-1618.2117019775324,-1149.4302021316253,355.27366624074057,229.64107697922736,left_blink
1761185168.1070085,-1556.3350572106428,-1084.4718798012473,404.8310805535875,290.52290835790336,left_blink
1761185168.1077244,-1581.0857151173986,-1121.3734726640396,417.9917884976603,233.6278103319928,left_blink
1761185168.1077244,-1618.6193510727026,-1151.7788593037985,381.4978447300382,220.09685229230672,left_blink
1761185168.121248,-1567.0760498833843,-1102.0531494929455,371.47491284878924,268.51733701862395,left_blink
1761185168.121248,-1541.7232680837624,-1113.6692787553184,423.7699339292012,272.44049207214266,left_blink
1761185168.1370175,-1605.6680775261484,-1146.7973125628196,400.5788143039681,237.521046185866,left_blink
1761185168.1370175,-1604.299274142366,-1137.6233379715122,362.1476023592986,244.0471716085449,left_blink
1761185168.1376793,-1532.1304246974178,-1064.4708948382176,425.46036870917305,310.75950701814145,left_blink
1761185168.1376793,-1607.4183507054113,-1157.500906236004,396.19565155589953,211.03881459962577,left_blink
1761185168.1512482,-1610.8328793649562,-1144.6543498882093,387.5265634586103,241.4516810392961,left_blink
1761185168.1512482,-1560.6658613593318,-1101.3500483012758,399.808394913096,274.55727544706315,left_blink
1761185168.1669695,-1554.3042915347032,-1113.0933341621421,421.93738295091316,254.9714193791151,left_blink
1761185168.1669695,-1613.899597328622,-1170.2090862854384,366.6728813056834,210.60872610472143,left_blink
1761185168.167817,-1552.9541876506992,-1090.2313257330097,395.4925503642298,296.83211958315223,left_blink
1761185168.167817,-1551.1066770725884,-1082.183061028365,429.16286966530606,286.48755630571395,left_blink
1761185168.1813283,-1582.6714326986112,-1136.3181128869765,414.7418154361658,243.29171181749552,left_blink
1761185168.1813283,-1591.9463845887221,-1128.8121336759068,388.66723294509575,258.00073834322393,left_blink
1761185168.1972644,-1532.2089625964873,-1071.329871356953,425.2883333112113,315.733573959209,left_blink
1761185168.1972644,-1599.2915481016971,-1150.1632225229405,402.18697128491476,228.75472068972886,left_blink
1761185168.197759,-1605.0322945336811,-1157.8786361315288,358.20574780600145,225.41499002929777,left_blink
1761185168.197759,-1542.3029525768943,-1093.5673164934851,417.4682025038637,304.8467251881957,left_blink
1761185168.2115033,-1546.4131026281975,-1111.8142883772962,446.59080345882103,269.19051901064813,left_blink
1761185168.2115033,-1613.0356804388575,-1159.5541113116778,390.22303132666275,206.9885029476136,left_blink
1761185168.2270963,-1568.6542876646854,-1105.677112550009,397.7177908378653,288.6978371795267,left_blink
1761185168.2270963,-1542.1159575791098,-1096.753711255733,429.34612476313487,277.4631777126342,left_blink
1761185168.2278118,-1586.085961358156,-1135.3419989985414,400.5114961047657,249.42140784487128,left_blink
1761185168.2278118,-1582.974364595022,-1149.3815834322013,374.1152822175063,241.46290073916316,left_blink
1761185168.2414854,-1534.8231526655145,-1077.1940344874747,434.3650705036707,301.98196182213724,left_blink
1761185168.2414854,-1582.974364595022,-1151.2627531099133,420.3329658699222,226.61923781502992,left_blink
1761185168.2570174,-1597.6385123212822,-1151.4086092081852,378.1992529691197,247.51405886746943,left_blink
1761185168.2570174,-1539.400790211279,-1083.5668240119703,416.6940432130359,311.32049201149493,left_blink
1761185168.2577093,-1552.4156420570798,-1120.367439575959,421.3651782576926,244.54457830265164,left_blink
1761185168.2577093,-1591.0375888994895,-1145.0470393835567,398.08430103352293,248.21716005913913,left_blink
1761185168.2713668,-1563.280051428359,-1102.91706638271,403.48097666958347,277.44821811281145,left_blink
1761185168.2713668,-1535.8965039527975,-1071.0605985601433,450.6037161112763,302.7710807127878,left_blink
1761185168.2870636,-1608.6899166903459,-1156.887562643271,373.6029159235768,196.7262174692005,left_blink
1761185168.2870636,-1579.466338436585,-1119.8027146826498,379.1192683582194,259.69491302315146,left_blink
1761185168.2877743,-1534.3893242706545,-1090.8222299260087,426.94510899158195,290.9903958523646,left_blink
1761185168.2877743,-1588.2513634325005,-1155.657135557849,405.56036104494706,217.40412432421,left_blink
1761185168.3013358,-1608.3533256943338,-1152.4445614959113,377.66070737550035,240.12027665507048,left_blink
1761185168.3013358,-1546.551478926558,-1086.536304576788,414.27058804174885,294.93225040566176,left_blink
1761185168.3169656,-1557.225153400097,-1105.4153195531107,433.16456261789426,264.9083335613832,left_blink
1761185168.3169656,-1602.3507862654515,-1188.0072701745667,360.35993018047884,198.7270639454946,left_blink
1761185168.317695,-1559.8804823686369,-1115.9917566278018,396.2442702553235,266.29583644494414,left_blink
1761185168.317695,-1547.9464616100304,-1095.328809372615,421.01362766185775,262.7204920873046,left_blink
1761185168.3314803,-1605.2454688311554,-1175.8638150184415,378.33388936752453,204.5762674761936,left_blink
1761185168.3314803,-1593.8612133660354,-1125.745415712241,372.94843343133107,249.50742554385215,left_blink
1761185168.347108,-1543.125730567146,-1090.1864469335414,428.05211937846616,285.5376217169687,left_blink
1761185168.347108,-1589.4256920185871,-1150.0173664246686,401.2482563960366,210.24221590906382,left_blink
1761185168.3478415,-1597.2645223257132,-1156.2442998508923,372.8923349319957,225.53466682787985,left_blink
1761185168.3478415,-1547.9352419101633,-1107.5919413273223,403.4360978701152,261.88649439718574,left_blink
1761185168.361301,-1568.0297243720852,-1134.6912564062513,424.83580541657284,240.68874144833535,left_blink
1761185168.361301,-1615.6610902077518,-1189.656566055026,360.0495184841566,191.78206972777843,left_blink
1761185168.377212,-1568.055903671775,-1118.7331032953225,375.30083050346,261.7593377986923,left_blink
1761185168.377212,-1542.5909248734824,-1098.4852849352174,430.1202840539627,261.606001900509,left_blink
1761185168.3777795,-1599.9946492933668,-1177.7562043960206,399.18757152045146,188.46851836703718,left_blink
1761185168.3777795,-1588.8946262248792,-1155.548678459134,391.4684180119075,235.75581340678036,left_blink
1761185168.3913581,-1539.075418915134,-1102.0082706934772,429.5518192606978,272.88180026691407,left_blink
1761185168.3913581,-1571.2572580338456,-1147.8220451506786,425.2172752120532,224.57351253926754,left_blink
1761185168.4076958,-1599.1793511030264,-1169.3376895957626,372.7576985335909,217.51632132288069,left_blink
1761185168.4076958,-1534.4005439705215,-1097.838282242883,412.74844875978306,279.96517078299075,left_blink
1761185168.4084346,-1547.1760422191583,-1125.6668778131716,418.3582986933179,241.64615583699197,left_blink
1761185168.4084346,-1611.8576119528152,-1183.1528800320812,376.7070328867994,207.30639444384724,left_blink
1761185168.421375,-1550.3362576817162,-1123.2097635422833,403.74650956643745,277.66887221019715,left_blink
1761185168.421375,-1537.3475851356052,-1103.9978974699043,431.57884503668174,277.89326620753855,left_blink
1761185168.4535007,-1598.1022599157877,-1156.079744252842,408.5074022100307,212.18322398606688,left_blink
1761185168.4535007,-1582.166546204593,-1141.2772202282213,364.36536303302273,228.87065758835524,left_blink
1761185168.4540749,-1513.6440992164426,-1081.8240306326188,440.83509742701426,308.38467054627836,left_blink
1761185168.4540749,-1574.7578043923713,-1148.166115946602,414.74555533612147,221.71996887307614,left_blink
1761185168.4548788,-1593.8462537662126,-1168.2867777082138,371.6020694472827,214.38976495992392,left_blink
1761185168.4548788,-1535.758127654437,-1096.3385823606513,424.53661342011765,295.0631469041109,left_blink
1761185168.4555502,-1552.0229525617324,-1141.004207531456,426.2494875998236,241.76957253552973,left_blink
1761185168.4555502,-1588.5804746286012,-1165.9605599357747,390.70921832090244,226.16670992039144,left_blink
1761185168.4662523,-1556.3126178109087,-1122.551541150082,391.980784305837,267.9339126255363,left_blink
1761185168.4662523,-1545.2537336419336,-1107.3600675300695,436.76608627522364,265.4693185547367,left_blink
1761185168.4813123,-1596.3893857360817,-1170.9570662765764,398.18153843237087,200.43993812520057,left_blink
1761185168.4813123,-1574.7428447925486,-1142.750740810763,394.3219616780989,245.06068449653685,left_blink
1761185168.496917,-1526.5542338634841,-1093.3691017958336,444.7844317802228,286.6483720038086,left_blink
1761185168.496917,-1570.9543261374347,-1157.4747269363143,404.6590451556258,225.16441673226655,left_blink
1761185168.4977188,-1582.323622002732,-1171.2674779728986,380.6040086406283,223.93772954680026,left_blink
1761185168.4977188,-1535.118604762014,-1103.2087785792537,427.97732137935236,284.97289682365954,left_blink
1761185168.5277212,-1553.9901399384253,-1125.8688324107789,425.90915670385584,253.13138860091567,left_blink
1761185168.5277212,-1598.0087624168955,-1173.215965849813,387.3956669601612,215.35465914849192,left_blink
1761185168.528395,-1564.6488548121415,-1119.6942575839348,397.6803918383084,261.44892610237,left_blink
1761185168.528395,-1541.4652149868198,-1100.7180052087642,449.42938752518967,270.6116809938103,left_blink
1761185168.5291736,-1591.4340182947926,-1171.4170739711262,397.82250803662464,206.64069225173444,left_blink
1761185168.5291736,-1582.2787432032637,-1150.9186823139898,383.80910290265456,237.24055368918926,left_blink
1761185168.54137,-1522.2084701149724,-1085.7621452859603,439.1184833473526,286.41275830660015,left_blink
1761185168.54137,-1578.0152572537772,-1153.2897788858972,417.5916192024015,223.61609815061092,left_blink
1761185168.5569882,-1598.3603130127303,-1168.754265202675,381.2098724334501,217.23208892624825,left_blink
1761185168.5569882,-1545.1976351425983,-1101.4061468006112,411.63769847294316,279.1274331929162,left_blink
1761185168.5577004,-1565.1163423066027,-1132.9148039272986,411.4357438753359,229.850511376746,left_blink
1761185168.5577004,-1589.2312172208913,-1160.5676241996698,388.62983394553885,212.72176957968622,left_blink
1761185168.571386,-1550.2502399827354,-1111.526316080708,401.05004169838503,269.3101958092302,left_blink
1761185168.571386,-1529.0076082344167,-1103.833341871854,435.19906819378957,276.00461672991514,left_blink
1761185168.58714,-1587.8137951376848,-1169.1693940977566,402.81901437742636,211.0313347997144,left_blink
1761185168.58714,-1562.0234450432472,-1138.1544037652202,385.77255037939176,253.34830279834569,left_blink
1761185168.587736,-1533.8732180767693,-1097.4717720472254,432.2557669286616,277.6239934107289,left_blink
1761185168.587736,-1550.7065077773295,-1121.8559197583236,425.27711361134425,250.62565563060343,left_blink
1761185168.601372,-1581.8187355087139,-1152.556758494582,381.43800633074716,237.3003920884803,left_blink
1761185168.601372,-1515.712263891939,-1081.2705254391767,425.8792375042103,303.56393950339407,left_blink
1761185168.6172185,-1535.8478852533735,-1108.403499617707,449.2423925274052,273.244570562616,left_blink
1761185168.6172185,-1579.840328432154,-1163.544584564399,400.29084200738,225.774020425044,left_blink
1761185168.6177025,-1528.3194666425698,-1100.7367047085427,408.42138451104984,305.94251587521285,left_blink
1761185168.6177025,-1528.3568656421266,-1099.0874088280834,444.5338584831916,297.2622080780566,left_blink
1761185168.631318,-1576.4781583719887,-1150.6531494171359,406.5925734327175,245.6403689896688,left_blink
1761185168.631318,-1564.8882084093057,-1127.8995980867185,397.3288412424736,256.84136935696006,left_blink
1761185168.6470304,-1499.817689080257,-1070.4584746672772,441.8112113154493,319.159322318621,left_blink
1761185168.6470304,-1562.3488163393922,-1148.0127800484188,413.8143202471547,250.39004193339497,left_blink
1761185168.6476777,-1576.6950725694187,-1157.1680551399477,383.3191760084592,246.64266217779368,left_blink
1761185168.6476777,-1530.1931565203704,-1095.3475088723935,432.6671559237875,292.5087952343747,left_blink
1761185168.6613362,-1526.2587817669846,-1103.3321952777915,461.5803224812262,288.2191299851984,left_blink
1761185168.6613362,-1590.0128563116305,-1190.7635764419101,378.6891798633151,212.6544513804838,left_blink
1761185168.6769478,-1524.5795666868798,-1092.6585208042525,413.26455495366827,304.4128967933357,left_blink
1761185168.6769478,-1525.2677082787268,-1112.599667367991,436.2611997812055,270.5742819942534,left_blink
1761185168.6779025,-1570.830909438897,-1144.2728800927289,408.9449705048464,240.68874144833535,left_blink
1761185168.6779025,-1570.5541568421759,-1150.3165584211238,380.2636777446605,254.78068448137492,left_blink
1761185168.691318,-1513.0382354236208,-1084.8383899969049,438.6285564531572,309.618837531656,left_blink
1761185168.691318,-1574.8438220913522,-1167.0563506227918,414.9849089332856,229.95148867554963,left_blink
1761185168.707036,-1589.1601591217332,-1158.8248308203183,378.39746766677126,239.31245826464146,left_blink
1761185168.707036,-1525.133071880322,-1106.3502945420332,426.56737909605727,287.9236778886989,left_blink
1761185168.7077005,-1527.7584816492163,-1119.7241767835803,442.0356053127907,264.1678333701566,left_blink
1761185168.7077005,-1602.451763564255,-1202.260028905701,377.66070737550035,203.29722169134766,left_blink
1761185168.7212772,-1532.5679929922335,-1108.8186285127886,410.33621328836307,305.83031887654215,left_blink
1761185168.7212772,-1521.4380507241003,-1086.7644384740852,443.0902571002953,296.45812958758324,left_blink
1761185168.7370334,-1579.066169141326,-1179.7607907722704,406.3270405358635,225.84133862424642,left_blink
1761185168.7370334,-1564.4768194141798,-1144.572072089184,388.1324272514321,257.6080488478765,left_blink
1761185168.7377384,-1517.1296859751455,-1106.787862836849,449.80337752075866,312.8987297927961,left_blink
1761185168.7377384,-1590.5925408047624,-1174.0836226395331,413.35057265264913,217.995028517209,left_blink
1761185168.7512808,-1592.249316485133,-1172.0042382641695,385.9034468778409,227.4046168057248,left_blink
1761185168.7512808,-1533.6450841794722,-1106.7355042374693,436.43323517916724,283.6639318391681,left_blink
1761185168.766974,-1540.5788586973213,-1127.9930955856107,447.4210612489842,266.1985990460962,left_blink
1761185168.766974,-1600.656611585524,-1195.18039828958,368.94674047874287,208.5854402286932,left_blink
1761185168.7677286,-1535.3878775588237,-1117.8168278061785,404.4309112583287,295.07810650393367,left_blink
1761185168.7677286,-1510.2108710571192,-1132.3351194341667,457.51131132943556,276.8797533195466,left_blink
1761185168.7812605,-1592.1184199866839,-1183.0631224331446,409.37879889970645,207.3176141437143,left_blink
1761185168.7812605,-1568.7253457638435,-1135.0166277023964,403.2902417718433,266.2397379456088,left_blink
1761185168.7969518,-1518.5919868578203,-1079.5875704591163,448.53929133573547,302.9169368110597,left_blink
1761185168.7969518,-1568.9459998612292,-1139.665323347319,429.31620556348935,243.83399731107056,left_blink
1761185168.7977157,-1583.7560036857612,-1154.9764737659134,394.7296107732691,248.3368368577212,left_blink
1761185168.7977157,-1508.9654843718745,-1084.3110641031526,423.4071636334993,320.75999949965626,left_blink
1761185168.8112724,-1539.5765655091964,-1128.6550578777678,430.8981832447462,256.20932626444846,left_blink
1761185168.8112724,-1579.466338436585,-1168.488732305821,398.89959922386333,227.41209660563618,left_blink
1761185168.8269715,-1520.8695859308355,-1101.5557427988388,427.91000318014994,300.5421003391966,left_blink
1761185168.8269715,-1537.5944185326807,-1117.5288555095904,450.6373752108775,277.6875717099756,left_blink
1761185168.8276553,-1576.3958805729635,-1171.6040689689107,394.0265095815994,221.52549407538027,left_blink
1761185168.8276553,-1555.2205670238473,-1130.4427300565876,395.60100746294484,261.6770599996671,left_blink
1761185168.8413985,-1525.349986077752,-1099.719451920595,437.65244256472215,288.3163673840463,left_blink
1761185168.8413985,-1568.5533103658818,-1161.2445460916497,420.4414229686372,228.30593269504607,left_blink
1761185168.8570023,-1581.841174908448,-1173.0888092513196,375.723439198453,225.67678302619606,left_blink
1761185168.8570023,-1517.9412442655303,-1098.7732572318055,429.9968673554249,298.3654785649851,left_blink
1761185168.8577282,-1559.057704378385,-1143.7268546991982,432.637236724142,244.4510808037594,left_blink
1761185168.8577282,-1575.83489557961,-1156.36771654943,404.22521676076576,244.61937630176544,left_blink
1761185168.8713229,-1540.4591818987392,-1110.2697096955962,403.2491028723307,284.66996492724866,left_blink
1761185168.8713229,-1531.9883084991015,-1103.6687862738036,442.20390081079677,271.8383681792766,left_blink
1761185168.8870535,-1585.1509863692336,-1165.6389285395853,400.3918193061836,214.93579035345465,left_blink
1761185168.8870535,-1551.544245367404,-1122.4730032510124,396.86135374801233,286.5361750051379,left_blink
1761185168.887771,-1539.266153812874,-1111.032649286557,423.90457032760605,268.2368445219472,left_blink
1761185168.887771,-1556.851163404528,-1146.984307560604,417.09047260833904,242.19592113047838,left_blink
1761185168.9012735,-1574.8326023914851,-1164.9358273479156,400.6124734035693,247.30836436990649,left_blink
1761185168.9012735,-1514.3210211084224,-1091.252318420913,437.65992236463353,305.27307378314435,left_blink
1761185168.917034,-1553.6011903430335,-1129.1973433713429,425.2172752120532,230.2992993714288,left_blink
1761185168.917034,-1580.9697782187723,-1148.94027523743,386.3110959730111,234.90311621688306,left_blink
1761185168.9177704,-1539.9281161050312,-1112.2555965720676,398.77618252532557,283.73872983828187,left_blink
1761185168.9177704,-1527.377011853736,-1095.0146577763371,436.6725887763314,276.99943011812866,left_blink
1761185168.9313447,-1568.429893667344,-1161.4801597888581,394.52391627570614,220.7700342843309,left_blink
1761185168.9313447,-1567.0049917842261,-1136.505107884761,396.22931065550074,257.0171446548775,left_blink
1761185168.9469807,-1525.2377890790813,-1102.3747808891349,435.3636237918399,274.84898764360696,left_blink
1761185168.9469807,-1580.7005054219626,-1162.6133494754322,405.67629794357345,214.7674948554486,left_blink
1761185168.9476407,-1592.0847608870827,-1166.7309793266468,393.78715598443523,236.94884149264544,left_blink
1761185168.9476407,-1525.0694935810752,-1118.1571587021463,409.59571309713647,275.7540434328839,left_blink
1761185168.9613636,-1536.7679006424733,-1135.6524106948636,415.82638642331585,249.0848168488592,left_blink
1761185168.9613636,-1578.512663947884,-1206.6282320539467,378.65552076371387,213.97089616488665,left_blink
1761185168.9776895,-1547.5687317145057,-1139.0519797545858,397.26526294322684,265.042969959788,left_blink
1761185168.9776895,-1512.8400207259692,-1117.4951964099891,441.4559208196588,265.1551669584587,left_blink
1761185168.9783795,-1561.7055535470136,-1203.8906252863817,408.45130371069536,203.2037241924554,left_blink
1761185168.9783795,-1546.1924485308118,-1174.5959889334626,402.68063807906583,260.4204536145553,left_blink
1761185168.9791942,-1540.098281553015,-1130.3847616072744,447.0564210033044,268.6987221664749,left_blink
1761185168.9913108,-1546.1270002815872,-1180.4208831144497,429.2694568140432,212.013058538083,left_blink
1761185168.9913108,-1553.4310248950496,-1176.4341497616842,402.4880332313478,232.39551329659298,left_blink
1761185169.006258,-1479.616619469598,-1169.6200520424172,444.78630173020065,277.87643665773794,left_blink
1761185169.006258,-1489.1870234562084,-1196.8839227193967,451.7275560479611,243.74236976215616,left_blink
1761185169.0220554,-1555.536588570103,-1239.6010600132868,397.5139662902802,208.91642137477174,left_blink
1761185169.0220554,-1509.404922616668,-1098.633010983467,419.06700973492116,268.3995301700197,left_blink
1761185169.0227656,-1445.4563732743263,-1263.6560965282843,471.074058518745,277.9699341566302,left_blink
1761185169.0227656,-1517.0118791265413,-1167.8660389631987,415.016698082909,220.51011123741046,left_blink
1761185169.0362496,-1503.6342569850385,-1212.8869546297938,411.6358285229653,217.37233517458662,left_blink
1761185169.0362496,-1487.2123562796041,-1083.6247924612835,464.23378149978817,278.73287374759093,left_blink
1761185169.052033,-1458.5385433193296,-1160.1094864550978,458.4818153679371,203.04851834429428,left_blink
1761185169.052033,-1472.8548803497106,-1264.381637119688,434.8007688485086,214.73944560578093,left_blink
1761185169.0527875,-1406.939143630676,-1134.7492248555645,439.8683332884684,263.9266098230146,left_blink
1761185169.0527875,-1481.0303016528487,-1124.299944379367,429.70702510885894,212.62640213081613,left_blink
1761185169.0662525,-1536.6089548943564,-1114.0750579005107,384.4691952448338,165.73927638633177,left_blink
1761185169.0662525,-1418.8881239891052,-1066.5596289634705,414.3547357907519,235.02840286539868,left_blink
1761185169.0820198,-1383.0150036141276,-1129.292710820213,452.9505033334717,208.28437828226015,left_blink
1761185169.0820198,-1505.5042069628835,-1076.2160506490618,426.18029945064336,145.77943032281473,left_blink
1761185169.0828192,-1403.2927411738783,-1082.1250925790519,389.05431259050965,142.1592071657069,left_blink
1761185169.0828192,-1350.4255154002458,-997.337820683606,462.4835083205253,220.76068453444168,left_blink
1761185169.096238,-1353.884922859259,-1119.9915796304122,442.60594005603343,126.72464004857466,left_blink
1761185169.096238,-1416.647923915647,-1056.6975127803162,394.585624624975,151.25090395798907,left_blink
1761185169.1119692,-1380.3297554459423,-1052.8229764262214,418.7154591390863,177.59101934591308,left_blink
1761185169.1119692,-1378.0521563729271,-1030.8024454871193,427.8782140305266,165.90383198438212,left_blink
1761185169.1127658,-1389.6121871359646,-1121.6371356109157,382.4122502692044,114.79061928996816,left_blink
1761185169.1127658,-1387.050355666317,-1030.8697636863217,395.1578293181956,170.12243913440034,left_blink
1761185169.1263647,-1331.1164119290188,-1049.703899863176,423.7194452797994,167.97947645979002,left_blink
1761185169.1263647,-1380.441952444613,-1123.4996057888493,392.7081948472187,120.4827470225282,left_blink
1761185169.141972,-1384.155673100613,-1098.5956119839102,383.27616715896875,189.31934560695663,left_blink
1761185169.141972,-1361.7200132664293,-982.3931804606691,406.0745972888544,202.12476305523887,left_blink
1761185169.142691,-1437.778358665295,-1047.1046693939716,403.3669097209349,128.228079830762,left_blink
1761185169.142691,-1405.020574953407,-1096.0113411145285,369.60309292096645,163.12508631730452,left_blink
1761185169.156309,-1355.2200671434402,-1040.8926955675706,401.53809864260256,194.6262636440806,left_blink
1761185169.156309,-1374.3459155168384,-1018.2027225364,425.22662496194243,195.65099623193964,left_blink
1761185169.1720593,-1425.6162040093914,-1114.3218912975863,373.44397017546,129.97835301002488,left_blink
1761185169.1720593,-1376.473918591626,-1064.2072318913415,404.02513211313635,210.84246985195205,left_blink
1761185169.1727293,-1362.9579201517627,-989.0614220816642,430.11841410398483,240.44751790119335,left_blink
1761185169.1727293,-1463.4004132617265,-1086.6615912253037,360.33936073072255,122.08342420356348,left_blink
1761185169.1862607,-1414.5685395402834,-1077.8129879301414,362.97225029952824,205.6701882132329,left_blink
1761185169.1862607,-1367.8085703942925,-1045.9116413081065,427.4294260358438,238.64114622259513,left_blink
1761185169.2020202,-1416.9807750117034,-1132.9428531769663,399.0735045718029,173.20411669788882,left_blink
1761185169.2020202,-1478.7788818795234,-1095.715889018029,355.7542433850467,168.64891855185851,left_blink
1761185169.2027707,-1391.029609219171,-1037.6015836065635,407.0768904769793,245.01767564704642,left_blink
1761185169.2027707,-1395.409032067284,-1087.4320106161758,424.69929906819016,210.7527122530155,left_blink
1761185169.2163696,-1460.9769580904394,-1148.7289708899334,382.778760464862,168.2076103570871,left_blink
1761185169.2163696,-1453.2166656823829,-1061.3985670246184,374.517321462743,217.55559027241543,left_blink
1761185169.2320569,-1413.9664156474173,-1070.617420415394,417.54861035291106,221.89387422101572,left_blink
1761185169.2320569,-1433.6794283138588,-1137.5578897222877,391.94151535630226,194.35699084727094,left_blink
1761185169.2327511,-1441.009632227011,-1106.0230532959104,382.64038416650146,213.59503621933982,left_blink
1761185169.2327511,-1443.3096706997603,-1066.9710179585963,417.6159285521135,199.518052786123,left_blink
1761185169.246354,-1466.59054792393,-1134.936219853349,400.3375907568261,174.04559418791905,left_blink
1761185169.246354,-1447.5170581499115,-1128.208139833063,365.11521297413856,203.2616926417686,left_blink
1761185169.2620792,-1413.9664156474173,-1099.51562737301,398.05999168381095,222.74283151095733,left_blink
1761185169.2620792,-1430.1452228557318,-1111.8086785273626,421.8644549017772,210.19920705957338,left_blink
1761185169.2628412,-1500.7395744193345,-1191.0571585884318,368.29786783643067,139.81054999353364,left_blink
1761185169.2628412,-1426.71947449632,-1115.3840228850022,397.79819868691266,237.762269733008,left_blink
1761185169.2764049,-1424.9318023175001,-1105.6565431002527,429.7145049087703,219.8593686451204,left_blink
1761185169.2764049,-1492.1191050214693,-1163.591333313845,370.6203457089141,157.00660998979583,left_blink
1761185169.2920582,-1461.3098091864958,-1143.5940882507712,365.41440497059375,204.27520552976057,left_blink
1761185169.2920582,-1396.1981509579346,-1116.3489170735702,424.59458186943084,235.99703695392236,left_blink
1761185169.2927227,-1486.2998206904158,-1160.1618450544775,418.58456264063716,204.19666763069108,left_blink
1761185169.2927227,-1501.240721013397,-1140.2169585907832,374.577159862034,189.39788350602612,left_blink
1761185169.3064055,-1446.0809365669265,-1097.742914794013,401.5904572419822,245.67963793920353,left_blink
1761185169.3064055,-1456.0290704490617,-1121.8914488079026,427.36210783664137,219.07772955438122,left_blink
1761185169.3219712,-1498.888323941268,-1200.631302474998,372.0676869917661,166.55831447662786,left_blink
1761185169.3219712,-1408.1284318165854,-1114.7407600926235,415.1700339810923,282.6074101016857,left_blink
1761185169.3227856,-1458.7442378168926,-1102.227054840885,432.89715977106243,255.50435512280092,left_blink
1761185169.3227856,-1529.8285162746906,-1155.3972125109285,382.01582087390125,170.93399742478505,left_blink
1761185169.3364935,-1474.7472697272897,-1111.5319259306416,391.3805303629488,239.06749481754377,left_blink
1761185169.3364935,-1435.6391358906403,-1088.007955209352,432.70642487332225,252.53487455798313,left_blink
1761185169.351948,-1490.6007056394592,-1141.5857619745657,404.3131044097245,206.30971110565588,left_blink
1761185169.351948,-1507.7444070363417,-1168.2026299592108,398.79301207512617,214.47017280897126,left_blink
1761185169.3527474,-1437.6586818667129,-1095.6971895182505,435.290695742704,281.61259671347216,left_blink
1761185169.3527474,-1465.4760577371344,-1143.6988054495305,431.1356668919325,231.6063944059424,left_blink
1761185169.3663518,-1539.7841299567372,-1176.4565891614184,365.3583064712584,181.61515169823542,left_blink
1761185169.3663518,-1481.6511250454932,-1100.588978660293,387.9660017034039,259.3003535778262,left_blink
1761185169.382194,-1448.908300933428,-1086.549394226633,439.2811689954251,260.09321236843243,left_blink
1761185169.382194,-1519.63354899548,-1187.4219758315012,400.0832775598392,185.41489005321637,left_blink
1761185169.382867,-1489.6208518510684,-1146.2045384198427,390.9167827684432,252.26186186121777,left_blink
1761185169.382867,-1483.9175044186413,-1114.5986438943073,427.3808073364198,275.50160018587485,left_blink
1761185169.3962572,-1531.489031855017,-1110.357597344555,405.0760440006852,225.48791807843372,left_blink
1761185169.3962572,-1544.645999899134,-1157.3344806879759,350.2715500500053,184.2592609669082,left_blink
1761185169.4119158,-1490.8998976359144,-1081.5715873856097,419.32132293190807,305.0168906361796,left_blink
1761185169.4119158,-1528.6093088891357,-1152.1397596495226,409.73595934547484,199.76488618319854,left_blink
1761185169.412688,-1544.526323100552,-1166.1232455838472,380.6657169898972,219.9042474445887,left_blink
1761185169.412688,-1519.5699706962332,-1121.1958274161443,406.65802168194205,254.9134509298019,left_blink
1761185169.4263563,-1506.9665078455582,-1088.213649706915,436.10973383300006,257.7669945959933,left_blink
1761185169.4263563,-1574.352025247179,-1187.8371047265828,377.4456631280482,167.1679181694053,left_blink
1761185169.4420793,-1532.5997821418568,-1134.7828839551657,373.7020232724026,241.56200808798894,left_blink
1761185169.4420793,-1495.7692473782226,-1090.8988978751004,426.18403935059905,274.57410499686375,left_blink
1761185169.4427109,-1553.9508709888905,-1140.5610293867067,407.72389316931367,198.98324709245935,left_blink
1761185169.4427109,-1570.709362690337,-1150.9729108633474,372.2509420895949,207.22224669484422,left_blink
1761185169.4727595,-1513.5823908671737,-1092.4247770570219,410.17352764029056,270.4789145453833,left_blink
1761185169.4727595,-1544.9938105950132,-1120.5525646237656,424.94239256531,223.1654402059503,left_blink
1761185169.4733808,-1591.682721641846,-1166.2017834829167,372.3668789882213,202.18086155457422,left_blink
1761185169.4733808,-1529.2862307811156,-1099.5006677731872,395.7001148117706,280.7150207241066,left_blink
1761185169.4742136,-1518.2049072124064,-1095.9066239157692,430.25679040234536,269.0652323621325,left_blink
1761185169.4742136,-1585.9157959101722,-1172.469855808653,379.16601710766554,195.73327403096482,left_blink
1761185169.486313,-1572.9420829638839,-1120.4254080252722,378.74714831262827,248.2826083083637,left_blink
1761185169.486313,-1506.607477449812,-1063.0852619046345,439.2437699958682,311.06804876448587,left_blink
1761185169.5019743,-1580.309685876593,-1145.935265623033,406.1942740874365,210.3787222574465,left_blink
1761185169.5019743,-1571.0758728859946,-1123.8735957844183,389.1066711898893,251.4764828705229,left_blink
1761185169.5027735,-1502.8376582944766,-1047.5609371885657,432.74756377283484,308.3865404962562,left_blink
1761185169.5027735,-1544.960151495412,-1123.503345688805,423.80546297878027,256.057860316243,left_blink
1761185169.516292,-1573.7686008540913,-1135.7066392442212,397.12875659484416,262.2099957433529,left_blink
1761185169.516292,-1549.6051072403789,-1095.678490018472,403.80073811579496,281.5265790144913,left_blink
1761185169.5321343,-1529.4769656788558,-1089.2608216945082,440.78834867756814,268.4743281691335,left_blink
1761185169.5321343,-1589.0984507724643,-1156.1938112014905,395.2700263168663,218.8308961573057,left_blink
1761185169.5328853,-1563.304360778071,-1127.422760842368,375.38123835250735,239.4975833124481,left_blink
1761185169.5328853,-1500.5563193215057,-1085.801414235495,432.92707897070795,312.45181174809113,left_blink
1761185169.5462737,-1577.572079109028,-1152.4052925463766,396.46679430268705,201.19726786622778,left_blink
1761185169.5462737,-1576.895157217048,-1138.7060390086845,379.076259508729,249.3596994956024,left_blink
1761185169.562033,-1525.4079545270652,-1061.3349887253717,421.8719347016886,301.0600764830597,left_blink
1761185169.562033,-1552.8214212022722,-1112.3247847212479,420.3011767202988,246.9138049245812,left_blink
1761185169.562792,-1575.6235912321135,-1149.0393825862557,391.60866426024586,233.34170798538253,left_blink
1761185169.562792,-1519.4054150981829,-1077.551194933243,422.047709999606,316.84993409598246,left_blink
1761185169.5762649,-1541.1791126402095,-1100.5553195606917,433.203831567429,264.1173447207548,left_blink
1761185169.5762649,-1588.8067385759205,-1161.0407215440646,384.4729351447895,218.1614540652372,left_blink
1761185169.5920434,-1557.720690144226,-1110.645569641143,393.28039954043925,272.9584682160057,left_blink
1761185169.5920434,-1535.6702400054783,-1086.99444232136,422.88918748963624,281.53779871435836,left_blink
1761185169.592999,-1582.527446550317,-1131.7423452911898,420.7611844148487,238.26715622702613,left_blink
1761185169.592999,-1584.808785523288,-1131.0355041995645,378.7733276123181,244.89051904855296,left_blink
1761185169.6064336,-1539.58217535913,-1071.4514181055129,428.7159516206011,294.0141049665399,left_blink
1761185169.6064336,-1556.4117251597345,-1115.2942652860656,410.20718673989177,245.88907233672217,left_blink
1761185169.6220057,-1606.5151648661122,-1168.030594561249,359.48666354082525,211.20150024769828,left_blink
1761185169.6220057,-1538.3367886738852,-1083.329340364784,394.6978216236457,293.3072638749145,left_blink
1761185169.6228325,-1554.1042068870738,-1106.6476165885106,430.5372828990221,252.66577105643228,left_blink
1761185169.6228325,-1598.6576350592077,-1143.186439155601,400.69662115257233,227.70941865211353,left_blink
1761185169.636278,-1571.3563653826714,-1103.2069086292759,387.87624410446733,286.1116963601671,left_blink
1761185169.636278,-1533.766630928032,-1064.2633303906769,423.9326195772737,309.93111917795613,left_blink
1761185169.6520648,-1588.690801677294,-1128.918720824644,404.92270810250193,254.75263523170725,left_blink
1761185169.6520648,-1579.1727562900633,-1116.8725030673668,366.79068815428764,253.18561715027317,left_blink
1761185169.6527317,-1540.4760114485398,-1063.3994135009125,423.1547203864902,310.81373556749895,left_blink
1761185169.6527317,-1575.9377428283915,-1122.6656080987304,412.81015710905194,228.18438594648615,left_blink
1761185169.6662605,-1615.864914755337,-1160.4161582514644,385.0750590376556,223.7152054994367,left_blink
1761185169.6662605,-1547.1367732696235,-1113.192441510968,402.10656343586743,282.6709884009324,left_blink
1761185169.6820211,-1534.5445301188156,-1110.7652464397252,439.2026310963556,282.46155400341377,left_blink
1761185169.6820211,-1611.7585046039894,-1147.599521103315,380.67693668976426,220.73824513470754,left_blink
1761185169.6828237,-1565.7726947488263,-1102.2457543406636,393.5160132376477,293.7971907691099,left_blink
1761185169.6828237,-1539.1333873644471,-1091.4636227684096,438.77628250140697,305.99674442457035,left_blink
1761185169.6963203,-1585.1865154188126,-1128.339036331512,417.62714825198054,260.63549786200747,left_blink
1761185169.6963203,-1602.9211210086942,-1159.009955868125,367.86777934152633,243.26740246778354,left_blink
1761185169.7120705,-1543.692325410433,-1078.6582053201273,424.95361226517707,321.33033424289897,left_blink
1761185169.7120705,-1564.3590125655755,-1120.2010140279308,428.4541586237028,264.22954171942547,left_blink
1761185169.7127526,-1580.8183122705668,-1137.5952887218446,385.1012383373454,265.0672793095,left_blink
1761185169.7127526,-1549.773402738385,-1107.343237980269,412.80641720909625,298.1579141174443,left_blink
1761185169.7264445,-1522.9321407563984,-1108.8915565619245,445.11167302634567,303.8575216499157,left_blink
1761185169.7264445,-1594.9700937028974,-1175.147624176927,389.98554767947644,240.68313159840181,left_blink
1761185169.7420433,-1573.7349417544901,-1108.5175665663555,389.3722040867433,274.3721503992565,left_blink
1761185169.7420433,-1526.5523639135063,-1075.1800983613357,441.07632097415626,308.1733661987819,left_blink
1761185169.7427745,-1580.8482314702123,-1154.8661467172205,397.83559768646955,244.23603655630723,left_blink
1761185169.7427745,-1573.0879390621558,-1136.0432302402332,377.8121733237058,281.3358441167511,left_blink
1761185169.7564845,-1533.6170349298045,-1075.4493711581454,417.6832467513159,311.5018771593459,left_blink
1761185169.7564845,-1549.2311172448099,-1134.0461236638948,432.6952051734552,273.6989684072323,left_blink
1761185169.7720516,-1603.5307247014716,-1168.9767892500386,379.86537839937955,218.91691385628656,left_blink
1761185169.7720516,-1547.4397051660344,-1083.7781283594668,418.4611459420994,315.0996609167196,left_blink
1761185169.7727096,-1549.4405516423285,-1109.9088093498722,427.1751128388569,262.1875563436188,left_blink
1761185169.7727096,-1592.419481933117,-1170.2483552349731,385.2957131350413,209.6419619661756,left_blink
1761185169.786352,-1555.7946416670457,-1118.3497635498643,379.3717116052285,272.71911461884156,left_blink
1761185169.786352,-1534.0022446252406,-1099.9419759679586,441.7644625660032,290.6706344061531,left_blink
1761185169.8020754,-1591.7388201411813,-1169.9416834386066,404.9002687027678,236.48696384811774,left_blink
1761185169.8020754,-1598.605276459828,-1146.3803137177601,379.31187320593745,229.09692153567448,left_blink
1761185169.8031123,-1543.1201207172126,-1091.2205292712897,419.55319672916085,303.63312765257433,left_blink
1761185169.8031123,-1574.9653688399121,-1139.3792210007086,421.07159611117095,244.81198114948347,left_blink
1761185169.8163955,-1616.4595588482916,-1175.9442228674889,362.48606330528855,223.52447060169652,left_blink
1761185169.8163955,-1556.3406670605764,-1106.004353796132,372.3519193883985,289.6459018182941,left_blink
1761185169.832064,-1568.2522484194487,-1136.9108870299533,388.08941840194166,249.09042669879273,left_blink
1761185169.832064,-1597.6628216709942,-1139.3530417010188,397.5251859901473,256.38697151234373,left_blink
1761185169.83277,-1598.6389355594292,-1145.9016065234318,366.9889028519392,238.55886842356995,left_blink
1761185169.83277,-1545.8128486853093,-1094.4929417325184,432.23145757894963,295.0201380546205,left_blink
1761185169.8463013,-1592.9767270265147,-1164.9376972978935,394.94839492067695,222.20802581729367,left_blink
1761185169.8463013,-1605.0603437833488,-1162.1178127313033,360.3505804305896,231.2436241102405,left_blink
1761185169.8619907,-1541.8448148323223,-1097.1819298006594,415.36824867874384,299.6127352002077,left_blink
1761185169.8619907,-1590.777665852569,-1145.490217528306,403.8568366151303,234.67311236960813,left_blink
1761185169.862777,-1622.5294164763764,-1165.547300990671,368.4811229342595,219.59383574826643,left_blink
1761185169.862777,-1546.4037528783083,-1097.1931495005265,389.00195399113,304.0893954471685,left_blink
1761185169.876364,-1555.5440683700144,-1121.5286785122007,419.88604782521725,267.371057682205,left_blink
1761185169.876364,-1618.250970927067,-1183.9850077722222,367.5835469448939,210.80133095243946,left_blink
1761185169.8920653,-1579.5392664857209,-1138.9266931060702,385.1872560363263,267.65155017888173,left_blink
1761185169.8920653,-1542.7012519221753,-1093.4794288445264,430.26053030230105,289.47760632028803,left_blink
1761185169.892939,-1595.6918943943456,-1160.0533879557624,408.47187316045165,219.35822205105796,left_blink
1761185169.892939,-1618.1125946287066,-1169.7098096413538,351.6066943341866,216.11198888951913,left_blink
1761185169.9063623,-1540.7228448456153,-1073.9047924764454,425.2827234612778,315.8252015081234,left_blink
1761185169.9063623,-1576.6109248204157,-1146.503730416298,403.1574753234163,245.08499384624884,left_blink
1761185169.9220269,-1606.649801264517,-1180.622837712057,365.05163467489183,214.16350101260468,left_blink
1761185169.9220269,-1563.424037576653,-1119.1164430407807,390.883123668842,278.2953054527752,left_blink
1761185169.9226716,-1554.7923484789208,-1111.3150117332116,415.43930677790195,281.80707151116803,left_blink
1761185169.9226716,-1585.725061012432,-1148.6205137912184,378.93414331041276,249.46441669436172,left_blink
1761185169.936304,-1596.9746800791472,-1155.7599828066304,356.6966981738806,246.75298922648653,left_blink
1761185169.936304,-1530.7747109634802,-1092.8062468525022,435.0513421455398,312.1227005519904,left_blink
1761185169.9520273,-1588.1185969840735,-1141.1033148802817,404.4851398076862,242.45210427744314,left_blink
1761185169.9520273,-1611.7921637035906,-1137.8084630193189,372.853065982461,248.89969180105254,left_blink
1761185169.9527397,-1534.32387602143,-1076.8219144418836,426.5804687459022,322.0596147342585,left_blink
1761185169.9527397,-1561.2810749020427,-1122.7703252974898,407.43218097276986,256.19249671464786,left_blink
1761185169.9663532,-1604.3609824916348,-1157.996442980133,375.9908420452848,248.07691381080076,left_blink
1761185169.9663532,-1558.6444454332814,-1113.2410602103919,403.58008401840925,309.73290448030457,left_blink
1761185169.9826553,-1547.9819906596094,-1099.4931879732758,432.3922732770443,280.0380988321267,left_blink
1761185169.9826553,-1605.213679681532,-1162.4431840274483,373.04380088020116,231.9429854019545,left_blink
1761185169.9833915,-1578.9857612922788,-1127.4152810424566,378.2235623188317,276.7843858706765,left_blink
1761185169.9833915,-1522.5544108608738,-1084.8066008472815,444.1841778373346,315.0847013168968,left_blink
1761185169.984126,-1596.1126331393607,-1168.2400289587677,394.12935683038086,225.83759872429073,left_blink
1761185169.996324,-1583.565268788021,-1142.8648077594116,371.4805226987228,261.1310346061364,left_blink
1761185169.996324,-1525.5033219759353,-1092.1779436599463,415.5290643768385,300.6168983383104,left_blink
1761185170.02777,-1567.9773657727055,-1134.8689016541466,416.3443625671789,244.12944940757006,left_blink
1761185170.02777,-1606.397358017508,-1180.8734110090882,375.85994554683566,228.12641749717295,left_blink
1761185170.028483,-1546.9179891222157,-1124.0755503820255,394.634243324399,275.9447783306241,left_blink
1761185170.028483,-1544.490794050973,-1106.834611586295,437.40747911762446,285.78071521408856,left_blink
1761185170.0291667,-1609.0414672861807,-1173.5394671959803,379.5474869031459,209.06788732297719,left_blink
1761185170.0291667,-1584.8854534723796,-1143.3023760542274,375.19050345476717,258.99181183148175,left_blink
1761185170.041322,-1534.85307186516,-1095.2371818237007,441.513889268972,287.70676369126886,left_blink
1761185170.041322,-1587.9970502355136,-1167.5144883673638,404.99002630170435,226.45842211693525,left_blink
1761185170.0570521,-1578.1124946526252,-1151.328201359138,384.0241471501067,252.6713809063658,left_blink
1761185170.0570521,-1543.8213519589044,-1094.8444923283532,414.69880658667535,290.14891836233437,left_blink
1761185170.0578191,-1557.6402822951786,-1122.5721105998382,413.3449628027156,257.7613847460598,left_blink
1761185170.0578191,-1598.857719706837,-1151.6872317548841,393.32153843995184,252.39088840968907,left_blink
1761185170.0877025,-1539.6513635083102,-1091.5010217679664,409.54522444773465,291.1736509501934,left_blink
1761185170.0877025,-1535.2420214605518,-1111.6516027292237,438.70896430220455,285.41794491838664,left_blink
1761185170.0884087,-1589.6239067162387,-1170.1436380362138,377.6962364250794,225.64312392659485,left_blink
1761185170.0884087,-1540.6237374967895,-1102.470148338005,393.8974830331281,303.98280829843134,left_blink
1761185170.0891109,-1533.7572811781429,-1099.7101021707058,443.1070866500959,294.8350130068138,left_blink
1761185170.0891109,-1573.7742107040249,-1153.5197827331722,414.32107669115067,248.05260446108878,left_blink
1761185170.101352,-1585.4426985657774,-1155.2999751120806,373.6945434724912,240.39702925179154,left_blink
1761185170.101352,-1525.66413767403,-1085.2067701425403,436.96617092285305,317.8540972340852,left_blink
1761185170.117028,-1573.2244454105385,-1155.3859928110614,416.7108727628365,233.45577493403107,left_blink
1761185170.117028,-1596.4043453359045,-1164.0176819087937,373.3205534769222,226.30134631879628,left_blink
1761185170.117732,-1541.5624523856677,-1111.9657543255016,393.4486950384453,280.4962365766987,left_blink
1761185170.117732,-1536.745461242739,-1111.8909563263878,431.85372768342495,277.59033431112766,left_blink
1761185170.131288,-1592.7990817786194,-1184.4599750665948,394.634243324399,219.52090769913048,left_blink
1761185170.131288,-1562.591909836512,-1127.5611371407285,402.7423464283347,286.330480507575,left_blink
1761185170.147025,-1545.0854381439276,-1113.1288632117212,431.59193468652666,267.44024583138525,left_blink
1761185170.147025,-1596.531501934398,-1168.8832917511463,389.6377369835973,215.92686384171247,left_blink
1761185170.1477273,-1588.4458382301964,-1138.2909101136029,383.3995838575065,270.0993146998808,left_blink
1761185170.1477273,-1533.140197685454,-1103.3639844274148,413.33000320289284,292.9837625287473,left_blink
1761185170.1613204,-1537.3513250355609,-1119.9878397304565,434.8419077480212,283.0580680463463,left_blink
1761185170.1613204,-1585.326761667151,-1166.2055233828723,372.8381063826382,246.1863943831995,left_blink
1761185170.19339,-1536.8987971409224,-1100.4618220617995,396.7772059990093,300.6318579381332,left_blink
1761185170.19339,-1535.1971426610835,-1103.8539113216102,437.7253706138581,289.5093954699114,left_blink
1761185170.1941051,-1593.9322714651935,-1166.1157657839358,402.5291721308604,223.68341634981334,left_blink
1761185170.1941051,-1546.6748956250958,-1126.8542960491031,402.3683564327657,312.6032776962966,left_blink
1761185170.19489,-1526.700089961756,-1095.439136421308,426.37103434838355,296.24121539015323,left_blink
1761185170.19489,-1574.9634988899343,-1147.9174125995487,420.51061111781746,242.5250323265791,left_blink
1761185170.195568,-1579.6084546349011,-1150.4081859700382,381.3575984816998,246.77729857619852,left_blink
1761185170.195568,-1517.5448148702271,-1106.486800890416,415.8581755729392,290.1376986624673,left_blink
1761185170.2063425,-1576.100428476464,-1148.878566888161,402.7834853278473,225.5197072280571,left_blink
1761185170.2063425,-1600.8436065833084,-1181.322199003771,381.5520732793957,220.9570292821154,left_blink
1761185170.2213383,-1536.4537490461953,-1102.7543807346374,388.75886049401015,291.89171174168587,left_blink
1761185170.2213383,-1544.4758344511501,-1125.59020986408,421.0977754108608,255.76801806967705,left_blink
1761185170.2369475,-1591.0263691996224,-1169.2423221468925,380.1346511961892,216.42427053581923,left_blink
1761185170.2369475,-1573.9836451015435,-1130.7138728033751,383.64641725458205,256.73665215820074,left_blink
1761185170.2377548,-1517.3690395723097,-1076.298328448087,445.2463094247505,307.4422157574445,left_blink
1761185170.2377548,-1581.0183969181962,-1158.9388977689669,394.17049572989345,222.85315855965018,left_blink
1761185170.2513585,-1556.1480622128583,-1121.9886862067506,391.9938739556819,281.9547975594178,left_blink
1761185170.2513585,-1530.9261769116856,-1098.8424453809857,418.3414691435173,296.4656093874946,left_blink
1761185170.266983,-1557.718820194248,-1141.1145345801488,427.0255168406293,250.2292262353003,left_blink
1761185170.266983,-1572.9963115132414,-1149.8098019771278,392.3416846515611,260.2783374162391,left_blink
1761185170.267706,-1528.2521484433673,-1093.0119413500652,425.8399685546756,312.20684830099344,left_blink
1761185170.267706,-1532.2688009957783,-1107.0477858837694,434.18742525577545,266.6810461403802,left_blink
1761185170.2813377,-1602.2460690666921,-1173.4871085966006,387.21054191235453,213.67544406838715,left_blink
1761185170.2813377,-1548.7617598003708,-1112.4033226203173,388.79999939352274,279.4303650893271,left_blink
1761185170.2970593,-1511.9648841363378,-1095.4241768214852,424.73295816779137,289.2513423729688,left_blink
1761185170.2970593,-1564.847069509793,-1139.9963044933975,404.8217308036983,253.9018079917878,left_blink
1761185170.29782,-1584.9789509712718,-1164.5973664019257,374.8015538593754,238.12690997868776,left_blink
1761185170.29782,-1507.9519714838825,-1081.8894788818434,436.3266480304301,317.32303144037724,left_blink
1761185170.3112297,-1572.603622017894,-1156.9530108924955,404.6422156058252,227.19892230816185,left_blink
1761185170.3112297,-1582.3946801018901,-1135.4448462473229,376.7986604357138,263.2777371807024,left_blink
1761185170.3269727,-1559.2970579755493,-1120.836797020398,397.4129889914766,277.07048821728677,left_blink
1761185170.3269727,-1537.1269310382195,-1117.6691017579287,437.919845411554,278.611326999031,left_blink
1761185170.3278153,-1612.4933949452825,-1178.655650335364,385.5836854316294,205.5748207643628,left_blink
1761185170.3278153,-1555.1682084244676,-1127.7668316382915,389.0804918901995,269.0147437127307,left_blink
1761185170.3413277,-1514.5603747055866,-1076.5115027455613,439.12035329733044,298.4776755636558,left_blink
1761185170.3413277,-1588.3373811314814,-1167.2975741699338,383.4070636574179,219.44984959997237,left_blink
1761185170.3569863,-1555.6917944182642,-1126.035257958807,389.9331890800968,281.9473177595064,left_blink
1761185170.3569863,-1538.8360653179698,-1091.7553349649534,417.9487796481699,294.3899649120867,left_blink
1761185170.3577733,-1551.5779044670053,-1117.014619265683,441.7569827660918,269.36255440860987,left_blink
1761185170.3577733,-1585.6708324630745,-1154.3163814237341,373.38039187621325,228.8145590890199,left_blink
1761185170.371295,-1535.7543877544813,-1085.0833534440026,393.16820254176855,302.5541665153578,left_blink
1761185170.371295,-1537.3101861360483,-1107.4292556792498,425.62679425720125,278.8020618967712,left_blink
1761185170.3869543,-1583.1277004932053,-1160.1955041540787,386.17084972467273,230.95004196371883,left_blink
1761185170.3869543,-1547.4340953161009,-1133.3953810716048,386.1745896246284,283.1440857453272,left_blink
1761185170.3878672,-1519.3399668489583,-1095.4466162212193,430.4998838994652,289.2812615726143,left_blink
1761185170.3878672,-1585.603514263872,-1153.9723106278107,388.94959539175034,217.8491724189371,left_blink
1761185170.4012928,-1580.7042453219183,-1145.29574273061,365.11147307418287,228.50788729265332,left_blink
1761185170.4012928,-1536.9436759403907,-1096.7855004053563,415.5739431763068,277.26496301498264,left_blink
1761185170.417181,-1555.4262615214102,-1128.290417632088,419.310103232041,252.10291611310095,left_blink
1761185170.417181,-1598.6071464098059,-1165.195750394836,368.5559209333733,222.69234286155552,left_blink
1761185170.4178083,-1523.9699629941024,-1093.894557739608,403.1948743229732,299.52484755124897,left_blink
1761185170.4178083,-1528.9889087346382,-1095.6897097183391,432.9195991707966,285.1823312211782,left_blink
1761185170.4313452,-1582.8733872962184,-1148.4110793936998,385.3705111341551,228.5191069925204,left_blink
1761185170.4313452,-1552.3558036577888,-1115.2157273869962,389.1403302894905,261.21705230511725,left_blink
1761185170.4470067,-1511.5460153413005,-1087.6676243133843,442.74057645443827,325.1506420476362,left_blink
1761185170.4470067,-1580.502290724311,-1150.7148577664047,413.9396068956703,244.53709850274026,left_blink
1761185170.4477952,-1560.6770810591988,-1147.0160967102274,372.6548512848094,262.37268139142543,left_blink
1761185170.4477952,-1532.6390510913916,-1089.563753590919,410.2969443388283,291.9964289404452,left_blink
1761185170.4612765,-1558.8033911813982,-1138.145054015331,418.18813324533403,262.1520272940397,left_blink
1761185170.4612765,-1575.8386354795657,-1129.449786618352,399.9299416616559,261.84909539762884,left_blink
1761185170.4770648,-1549.7191741890274,-1117.1866546636447,398.5573983779177,277.0143897179514,left_blink
1761185170.4770648,-1534.9054304645397,-1111.5768047301099,419.6466942280531,281.348933766596,left_blink
1761185170.4777784,-1578.583722047042,-1164.5786669021472,381.2080024834722,231.12207736168057,left_blink
1761185170.4777784,-1537.9833681280725,-1103.0573126310483,390.1501032775268,301.4359364286065,left_blink
1761185170.491336,-1511.3066617441364,-1092.084446161054,432.97195777017623,302.98051511030644,left_blink
1761185170.491336,-1586.3664538548328,-1168.6140189543366,403.80821791570634,226.364924618043,left_blink
1761185170.5233717,-1573.4189202082343,-1154.0994672263041,382.247694671154,246.1190761839971,left_blink
1761185170.5233717,-1528.7570349373855,-1088.1949502071366,426.32615554891527,290.2386759612709,left_blink
1761185170.5241458,-1552.82329115225,-1132.9652925767004,410.0463710417971,254.17856058850884,left_blink
1761185170.5241458,-1596.8980121300556,-1180.6901559112594,356.2740894788876,218.23064221441746,left_blink
1761185170.5248349,-1533.3234527832828,-1088.4717028038576,409.14131525252014,308.63898374326527,left_blink
1761185170.5248349,-1528.94402993517,-1101.8007062459365,441.01274267490953,271.580315082334,left_blink
1761185170.5256305,-1585.8615673608147,-1165.1807907950133,378.89674431085587,208.38348563108593,left_blink
1761185170.5256305,-1537.8636913294904,-1108.1959351701662,385.80059962905943,297.0228544808924,left_blink
1761185170.5363371,-1524.11955899233,-1089.7619682885706,417.58226945251226,278.55896839965135,left_blink
1761185170.5363371,-1563.713879823219,-1148.6092940913513,399.2305803699419,237.42754868697375,left_blink
1761185170.5513,-1564.510478513781,-1152.3080551475286,367.8004611423239,255.2332123760134,left_blink
1761185170.5513,-1507.6752188871615,-1076.1001137504354,447.0003225039691,325.2291799467057,left_blink
1761185170.5669415,-1564.5254381136037,-1131.0616834992543,419.84490892570466,238.36626357585192,left_blink
1761185170.5669415,-1582.5180968004279,-1140.1085014920682,370.23887591343373,246.32477068156004,left_blink
1761185170.5677202,-1522.9639299060218,-1089.4253772925586,410.1997069399804,298.185963367112,left_blink
1761185170.5677202,-1534.1836297730915,-1109.3627839563414,420.63402781635523,272.40309307258576,left_blink
1761185170.5813873,-1580.382613925729,-1175.0690862778574,385.890357227996,213.1032393751666,left_blink
1761185170.5813873,-1551.5105862678029,-1128.7167662270367,388.7812998937443,265.43939935509115,left_blink
1761185170.5970364,-1531.8349726009183,-1118.2039074515924,438.0170828104019,273.7644166564569,left_blink
1761185170.5970364,-1585.3903399663977,-1154.0433687269688,383.5080409562215,204.77074227388948,left_blink
1761185170.597654,-1573.6694935052656,-1147.4948039045557,353.3607074134052,232.6629161434248,left_blink
1761185170.597654,-1525.0807132809423,-1100.4393826620653,410.51385853625834,269.6467868052423,left_blink
1761185170.611255,-1574.4099936964922,-1170.371771933511,393.0447858432308,197.10768726468086,left_blink
1761185170.611255,-1561.469939849805,-1144.042876245454,383.9306496512145,252.50308540835977,left_blink
1761185170.627025,-1555.680574718397,-1130.1566277099773,385.5575061319396,251.32501692231745,left_blink
1761185170.627025,-1522.3206671136431,-1118.0842306530103,427.92683272995055,259.3097033277154,left_blink
1761185170.6277506,-1605.0846531330608,-1185.2004752578214,359.96163083519787,180.0462636668235,left_blink
1761185170.6277506,-1560.0375581667759,-1125.0928031699732,382.35615176986903,263.63302767649293,left_blink
1761185170.641381,-1522.5450611109845,-1100.9031302565709,414.9718192834407,263.318876080215,left_blink
1761185170.641381,-1589.777242614422,-1183.734434475191,382.05321987345815,187.0510962838307,left_blink
1761185170.6570413,-1574.3239759975113,-1152.5661082444713,365.85945306532085,219.16187730338424,left_blink
1761185170.6570413,-1535.9114635526203,-1110.1556427469477,409.94913364294916,263.44229277875274,left_blink
1761185170.657751,-1560.9538336559199,-1135.9572125412524,410.84296973235905,222.26599426660687,left_blink
1761185170.657751,-1615.780767006334,-1183.274426780641,355.8066019844264,187.40638677962124,left_blink
1761185170.6713219,-1537.5345801333897,-1103.2143884291872,389.94814867991954,256.10086916573346,left_blink
1761185170.6713219,-1547.1012442200445,-1120.9976127184927,413.5656169001013,241.09265064354986,left_blink
1761185170.6870189,-1596.9615904293023,-1181.0865853065625,362.40752540621907,195.1330200880766,left_blink
1761185170.6870189,-1550.3362576817162,-1141.0958350803703,383.3734045578167,260.8991608088836,left_blink
1761185170.687802,-1540.3806439996697,-1107.1712025823072,420.2450782209635,259.4181604264304,left_blink
1761185170.687802,-1580.2816366269253,-1163.9391440097243,395.86841030977666,198.3942128494382,left_blink
1761185170.7013834,-1566.7581583871506,-1151.9041459523141,368.9186912290752,235.08637131471187,left_blink
1761185170.7013834,-1514.5603747055866,-1101.6099713481963,404.9601071020588,279.63979948684573,left_blink
1761185170.716954,-1578.0750956530683,-1147.8201752007008,410.8579293321818,215.6201920453459,left_blink
1761185170.716954,-1588.5243761292659,-1165.7230762885883,371.82085359469056,212.6581912804395,left_blink
1761185170.7177057,-1538.5892319208942,-1119.0566046414897,404.1485488116741,259.06286993063986,left_blink
1761185170.7177057,-1538.869724417571,-1131.0504637993872,419.69905282743275,251.01460522599518,left_blink
1761185170.731352,-1602.261028666515,-1178.1582436412573,381.5445934794843,191.15376653522253,left_blink
1761185170.731352,-1550.6391895781271,-1122.4524338012561,383.48934145644307,270.2077717985958,left_blink
1761185170.7470355,-1516.9763500769623,-1095.5027147205546,430.7541970964521,271.37462058477104,left_blink
1761185170.7470355,-1586.8152418495156,-1166.8749654749408,387.68176930677146,202.08175420574844,left_blink
1761185170.7476692,-1576.5641760709696,-1149.6078473795205,370.07806021533906,242.8242243230343,left_blink
1761185170.7476692,-1519.657858345192,-1102.4514488382265,423.8765210779384,284.4717502295971,left_blink
1761185170.7613163,-1556.7875851052813,-1145.3181821303442,415.35702897887677,227.60657140333205,left_blink
1761185170.7613163,-1596.5502014341764,-1185.578205153346,361.7642626138404,193.10973421204835,left_blink
1761185170.7770257,-1523.0761269046925,-1098.8087862813845,402.91812172625214,281.89869906008244,left_blink
1761185170.7770257,-1541.0014673923142,-1121.8951887078583,414.3883948903531,245.25141939427704,left_blink
1761185170.7777007,-1597.08500712784,-1187.784746127203,368.64567853230983,198.78316244482994,left_blink
1761185170.7777007,-1548.7654997003265,-1131.607708892785,393.39259653910995,268.0573293240741,left_blink
1761185170.7914696,-1534.3481853711419,-1110.7203676402569,432.81488197203726,272.92293916642666,left_blink
1761185170.7914696,-1577.3084161621518,-1154.8399674175307,404.5674176067114,223.22340865526348,left_blink
1761185170.806965,-1575.124314588029,-1168.7972740521654,370.392211811617,230.90890306420624,left_blink
1761185170.806965,-1518.4423908595927,-1098.4871548851952,415.4168673781678,281.52096916455775,left_blink
1761185170.8076472,-1542.7330410717987,-1134.1844999622554,410.7868712330237,244.2229469064623,left_blink
1761185170.8076472,-1589.680005215574,-1179.2577742282301,358.33477435447276,213.23787577357143,left_blink
1761185170.8212297,-1530.668123814743,-1117.5045461598784,412.10705591738224,282.48586335312575,left_blink
1761185170.8212297,-1537.119451238308,-1127.4452002421021,436.51738292817026,259.73231202270836,left_blink
1761185170.8370976,-1594.0519482637756,-1183.9962274720892,377.3746050288901,197.62005355861038,left_blink
1761185170.8370976,-1545.3322715410031,-1112.3285246212035,406.40370848495513,275.70168483350426,left_blink
1761185170.837782,-1525.4547032765113,-1109.3627839563414,434.59133445098996,266.8381219385192,left_blink
1761185170.837782,-1580.7229448216967,-1167.0283013731241,388.86731759272516,206.6930508511141,left_blink
1761185170.8513405,-1538.9707017163746,-1129.6928801154718,393.83016483392566,276.1018541287631,left_blink
1761185170.8513405,-1506.5981276999228,-1097.8476319927722,428.5027773231268,283.7649091379717,left_blink
1761185170.866994,-1550.7476466768421,-1154.72777041886,414.0817230939865,213.83251986652613,left_blink
1761185170.866994,-1583.2698166915216,-1170.5251078316942,374.5509805623442,219.57700619846582,left_blink
1761185170.8678215,-1498.8602746916004,-1098.4572356855497,436.7529966253787,312.1021311022341,left_blink
1761185170.8678215,-1514.4332181070931,-1133.683353368193,449.12832557875663,255.43516697362065,left_blink
1761185170.881286,-1577.233618163038,-1211.869701841846,394.4023695271462,208.00575573556125,left_blink
1761185170.881286,-1530.7354420139454,-1103.4275627266616,419.03335063531995,277.85960710793734,left_blink
1761185170.8970196,-1531.8050534012727,-1099.0743191782385,428.85432791896164,267.5711423298344,left_blink
1761185170.8970196,-1573.471278807614,-1162.8620528224856,402.58527063019574,216.29711393732578,left_blink
1761185170.8978815,-1528.4466232410632,-1161.650325236842,399.54473196621984,247.84690996352583,left_blink
1761185170.8978815,-1437.499736118596,-1259.2430145805702,454.9962286092341,270.58924159407616,left_blink
1761185170.911318,-1493.0185509608127,-1233.6508791837841,448.327986988239,256.6431546593085,left_blink
1761185170.911318,-1530.9486163114198,-1242.3872854802758,375.4036777522415,225.8450785242021,left_blink
1761185170.9271092,-1576.6688932697289,-1025.9555351445451,396.6612691003829,279.2882488910109,left_blink
1761185170.9271092,-1546.876850222703,-1078.6694250199944,436.00127673428506,261.7518579987809,left_blink
1761185170.9278386,-1537.9609287283383,-1208.1298018861562,404.1896877111867,202.5081028006971,left_blink
1761185170.9278386,-1451.442083153408,-1188.6224837172776,451.0768134556711,295.0294878045097,left_blink
1761185170.9413502,-1447.9864155943505,-1192.8223913675174,459.76086115278304,262.3165828920901,left_blink
1761185170.9413502,-1502.4056998495944,-1250.790840680711,411.8153437208384,213.71658296789974,left_blink
1761185170.9569983,-1556.4509941092692,-1056.0692095877603,408.8309035561979,250.4872793322429,left_blink
1761185170.9569983,-1461.5959115331061,-1064.6821991857141,458.11904507223517,271.6139741819352,left_blink
1761185170.9578323,-1387.7927258075215,-1255.181483228691,470.76738672237843,221.19264297932386,left_blink
1761185170.9578323,-1490.2360653937794,-1195.1448692400008,411.17956072837114,195.3910731850192,left_blink
1761185170.97128,-1436.1047534351237,-903.7505641924217,444.2851551361382,242.06502463202924,left_blink
1761185170.97128,-1355.113479994703,-1151.9752040514722,460.56493964325637,206.25174265634269,left_blink
1761185170.9876585,-1430.180751905311,-1161.4147115396336,424.1009150752798,168.83030369970948,left_blink
1761185170.9876585,-1302.9867544122972,-1115.084830888547,463.39230400975794,222.76714086066931,left_blink
1761185170.9884443,-1366.0377277652733,-1136.7425915319473,467.263100463897,214.74879535567015,left_blink
1761185170.9884443,-1420.2101786234416,-1097.7017758945003,427.197552238591,122.10025375336409,left_blink
1761185170.9891877,-1364.1098093381152,-1111.1018374357373,414.43327368982136,161.92270848155022,left_blink
1761185171.0013907,-1248.4197441088036,-1100.0167739670724,476.69512815214694,218.1745437150821,left_blink
1761185171.0013907,-1404.3548727612942,-1076.2945885481313,436.5024233283475,104.81817605812103,left_blink
1761185171.0327396,-1319.7246766639873,-1128.918720824644,427.1676330389455,156.6270101442933,left_blink
1761185171.0327396,-1306.1862388243899,-1085.0796135440469,419.4297800306231,172.14759496040642,left_blink
1761185171.0334337,-1291.6006289971992,-1101.0564661547542,453.0215614326298,164.16290855500847,left_blink
1761185171.0334337,-1373.8485088227317,-1155.2513564126566,381.4735353803262,93.69197368994355,left_blink
1761185171.0341556,-1345.7992591550574,-1063.635027198121,391.17109596543014,169.18185429554433,left_blink
1761185171.0341556,-1298.874734411016,-1034.531125742942,442.9574906518683,197.15630596410483,left_blink
1761185171.0463722,-1369.7533183712512,-1146.7505638133734,402.0429851366207,113.47978435549885,left_blink
1761185171.0463722,-1349.5279394108802,-1134.1209216630086,388.08941840194166,149.23696783185005,left_blink
1761185171.0620093,-1292.834795982577,-1100.2187285646796,443.9897030396387,198.22591735143214,left_blink
1761185171.0620093,-1371.5148112503812,-1082.0839536795393,422.59747529309243,154.80567886587232,left_blink
1761185171.0627387,-1378.6355807660148,-1147.3788670059294,383.20510905981064,161.64969578478485,left_blink
1761185171.0627387,-1340.5559194171801,-1102.275673540309,401.4894799431786,179.26462457608432,left_blink
1761185171.0763953,-1353.0621448690072,-1057.8681014664471,431.67421248555183,181.70303934719414,left_blink
1761185171.0763953,-1391.067008218728,-1136.2190055381507,382.8498185640201,147.08278545737267,left_blink
1761185171.092038,-1352.9125488707796,-1100.4206831622869,390.76718677021563,193.86145410314202,left_blink
1761185171.092038,-1312.5440687490627,-1042.7776051452383,453.64238482527435,232.60307774413377,left_blink
1761185171.0927925,-1403.6442917697132,-1146.0736419213936,389.98180777952075,141.28220062609762,left_blink
1761185171.0927925,-1398.483229830861,-1120.2159736277536,388.27641339972615,181.32530945166945,left_blink
1761185171.1063395,-1354.9246150469407,-1057.5614296700805,451.33860645256937,239.8884028578177,left_blink
1761185171.1063395,-1386.7511636698619,-1129.4049078188837,429.22457801457494,164.76129254791886,left_blink
1761185171.122013,-1420.6309173684567,-1162.626439125277,375.26530145388097,144.55835298728198,left_blink
1761185171.122013,-1354.3748497534543,-1064.0239767935127,417.41023405455053,263.7265251753852,left_blink
1761185171.1227324,-1382.0987281249836,-1137.120321427472,423.14350068662316,188.39372036792338,left_blink
1761185171.1227324,-1444.820590281859,-1181.4231763025746,388.60926449578255,153.12272388581187,left_blink
1761185171.136334,-1381.5714022312313,-1111.8124184273183,410.61483583506197,229.10253138560802,left_blink
1761185171.136334,-1366.2078932132572,-1119.3221375383437,457.8497722754255,225.67304312624037,left_blink
1761185171.152037,-1429.0120331691578,-1177.8889708444476,390.9167827684432,158.35484392382205,left_blink
1761185171.152037,-1433.8626834116876,-1154.2415834246203,360.1710652327165,186.9089800855145,left_blink
1761185171.1527274,-1383.5797285074368,-1106.883230285719,430.3502879012376,240.3371908525005,left_blink
1761185171.1527274,-1392.454511102289,-1154.7913487181067,450.317613764666,221.480615275912,left_blink
1761185171.1663551,-1455.1875929590315,-1200.2610523793846,370.2126966137439,163.5607846621424,left_blink
1761185171.1663551,-1409.8263463964686,-1127.7743114382029,417.88146144896746,246.96055367402732,left_blink
1761185171.1819897,-1406.6436915341765,-1136.6715334327891,453.79572072345763,245.83110388740897,left_blink
1761185171.1819897,-1474.5228757299483,-1181.0417065070942,385.7407612297684,181.61702164821327,left_blink
1761185171.1827116,-1437.5801439676434,-1136.1591671388596,389.39090358652174,225.13823743257672,left_blink
1761185171.1827116,-1413.439089753665,-1128.929940524511,436.5473021278158,228.78089998941869,left_blink
1761185171.196272,-1485.1928103035316,-1212.692479832098,391.57874506060034,158.43338182289153,left_blink
1761185171.196272,-1464.7654767455533,-1159.8850924577564,397.0090797962621,220.33994578942657,left_blink
1761185171.2120285,-1420.073672275059,-1113.9329417021945,444.27393543627113,272.5377294709906,left_blink
1761185171.2120285,-1444.798150882125,-1180.8771509090438,429.9912575054914,210.36563260760158,left_blink
1761185171.212768,-1496.2666540723294,-1183.3080858802423,385.4789682328701,205.9450708599761,left_blink
1761185171.212768,-1431.1736953435466,-1112.4594211196527,418.95481273625046,266.116321247071,left_blink
1761185171.226323,-1441.0021524270996,-1142.6815526615828,441.85422016493976,239.1553824665025,left_blink
1761185171.226323,-1491.0307941343635,-1216.1631069909781,403.05649802461267,207.47842984180897,left_blink
1761185171.242082,-1446.8438761578873,-1143.2387977549806,415.06157688237727,271.4643781837076,left_blink
1761185171.242082,-1471.5496552651748,-1115.6794749815017,446.181284413673,247.712273565121,left_blink
1761185171.2428184,-1519.861682892777,-1163.9989824090153,396.6388297006488,190.63766034133732,left_blink
1761185171.2428184,-1507.3629372408614,-1149.6228069793433,381.71662887744606,235.55011890921742,left_blink
1761185171.2563624,-1464.9075929438695,-1125.7398058623075,415.54402397666126,252.73495920561254,left_blink
1761185171.2563624,-1521.6867540711537,-1179.8823375208303,399.8177446629852,192.99753721337765,left_blink
1761185171.2719991,-1548.12036695797,-1160.87990584597,367.92761774081737,208.82105392590165,left_blink
1761185171.2719991,-1504.498173874803,-1107.8406446743757,403.02283892501146,256.0073716668412,left_blink
1761185171.272952,-1514.5697244554758,-1118.233826651238,421.80835640244186,243.78911851160228,left_blink
1761185171.272952,-1572.43345656991,-1175.1289246771485,378.94162311032414,194.7627699924633,left_blink
1761185171.302611,-1522.3861153628677,-1112.20136802271,387.79770620539784,267.6085413293913,left_blink
1761185171.302611,-1508.8813366228715,-1109.9574280492961,420.8771213134751,261.6359211001545,left_blink
1761185171.3033557,-1561.8869386948645,-1160.3675395520404,391.38801016286016,210.70222360361367,left_blink
1761185171.3033557,-1543.5950880115852,-1105.652803200297,370.42213101126254,275.1406998401508,left_blink
1761185171.3041282,-1515.9759268388152,-1078.6282861204818,391.8442779574543,291.2970676487312,left_blink
1761185171.3041282,-1554.392179183662,-1126.4017681544647,392.84283124562353,234.26733322441578,left_blink
1761185171.316272,-1570.0436604982242,-1134.7118258560076,381.38751768134534,246.64266217779368,left_blink
1761185171.316272,-1517.643922219053,-1066.686785561964,407.2302263751626,307.7077486542985,left_blink
1761185171.3320804,-1549.7771426383406,-1097.0959121016786,417.0960824582726,264.47076526656747,left_blink
1761185171.3320804,-1588.3093318818137,-1150.8382744649425,371.7759747952223,227.2886799070984,left_blink
1761185171.3329046,-1543.2771965153515,-1093.666423842311,386.2606073236093,295.19778330251575,left_blink
1761185171.3329046,-1548.3111018557101,-1083.9501637574285,420.4993914179504,284.9953362233937,left_blink
1761185171.3463187,-1604.6788739878684,-1143.0368431573734,367.0674407510087,200.52595582418144,left_blink
1761185171.3463187,-1580.8183122705668,-1102.9114565327764,362.613219903782,260.0913424184546,left_blink
1761185171.362044,-1537.8580814795569,-1074.2413834724575,403.61748301796615,298.53377406299114,left_blink
1761185171.362044,-1584.8835835224018,-1116.3975357729942,388.9234160920605,237.09095769096166,left_blink
1761185171.362697,-1606.4179274672642,-1140.4899712875485,364.93569777626544,235.73337400704622,left_blink
1761185171.362697,-1528.7065462879837,-1073.9309717761353,415.4654860775918,308.02190025057644,left_blink
1761185171.3763037,-1570.4213903937489,-1103.9062699209899,415.11019558180124,260.5775294126943,left_blink
1761185171.3763037,-1612.7832371918485,-1140.2356580905616,370.392211811617,230.78174646571279,left_blink
1761185171.3920455,-1582.8827370461076,-1102.4028301388025,370.7998609067872,279.04141549393535,left_blink
1761185171.3920455,-1542.2262846278027,-1066.2679167669266,412.6381217110902,279.3630468901247,left_blink
1761185171.3928936,-1614.2268385747448,-1146.9562583109364,388.34747149888426,216.55890693422407,left_blink
1761185171.3928936,-1611.3583353087306,-1135.6393210450187,371.6974368961528,228.8444782886654,left_blink
1761185171.4062984,-1534.2640376221389,-1052.310610132292,422.40674039535224,329.36550929769874,left_blink
1761185171.4062984,-1592.3484238339588,-1118.3310640500858,392.8802302451804,227.90576339978725,left_blink
1761185171.4220412,-1613.475118683651,-1141.727878172882,373.2532352777198,240.65882224868983,left_blink
1761185171.4220412,-1537.0427832892165,-1060.3252157373354,412.0060786185786,313.3063788879663,left_blink
1761185171.4229288,-1559.0072157289833,-1097.8588516926393,412.9821925070137,256.40006116218865,left_blink
1761185171.4229288,-1595.0074927024543,-1149.7611832777038,373.60104597359896,221.95184267032892,left_blink
1761185171.4363668,-1583.8775504343212,-1104.231641217135,390.292219475843,270.07313540019095,left_blink
1761185171.4363668,-1553.3637066958472,-1088.3258467055857,402.5665711304173,274.51239664759487,left_blink
1761185171.4520671,-1626.4862306294963,-1146.8178820125759,361.96247731149197,214.25886846147478,left_blink
1761185171.4520671,-1596.5745107838884,-1115.6570355817676,361.22197712026536,251.25395882315934,left_blink
1761185171.4529855,-1544.5824215998873,-1069.749763625674,415.61882197577506,301.04324693325907,left_blink
1761185171.4529855,-1592.5690779313445,-1149.5517488801852,397.8131582867354,215.2873409492895,left_blink
1761185171.466338,-1608.8750417381525,-1155.2999751120806,371.0242549041286,242.17348173074424,left_blink
1761185171.466338,-1552.424991806969,-1083.5013757627457,395.35230411589146,295.0631469041109,left_blink
1761185171.4820557,-1558.9959960291162,-1094.2722876351327,418.8239162378013,266.21729854587466,left_blink
1761185171.4820557,-1621.9347723834217,-1155.7637227065861,379.20341610722244,213.7278026677668,left_blink
1761185171.4827514,-1571.2479082839563,-1105.4807678023353,382.94331606291234,277.163985716179,left_blink
1761185171.4827514,-1533.6993127288297,-1062.1203677160665,430.0473560048267,313.83744468167424,left_blink
1761185171.496288,-1599.0952033540234,-1132.9765122765675,396.6425696006045,245.56931089051068,left_blink
1761185171.496288,-1591.6752418419346,-1114.63978279382,375.0745665561408,257.59308924805373,left_blink
1761185171.5120268,-1546.7478236742318,-1080.0831072032452,415.9666326716542,290.9866559524089,left_blink
1761185171.5120268,-1578.260220700875,-1127.0038920473307,415.31962997931987,243.95741400960833,left_blink
1761185171.512744,-1602.6742876116186,-1129.5320644173771,378.52649421524256,249.6719811419025,left_blink
1761185171.512744,-1550.8130949260667,-1082.375665876083,409.24229255132377,297.38188487663865,left_blink
1761185171.5263348,-1560.3797590127215,-1109.273026357405,424.4150666715577,265.63387415278703,left_blink
1761185171.5263348,-1602.958520008251,-1152.5062698451802,366.7009305553511,218.694389808923,left_blink
1761185171.5419674,-1545.382760190405,-1082.2784284772351,392.35290435142815,314.9369752686471,left_blink
1761185171.5419674,-1560.4246378121898,-1111.3411910329014,405.6744279935956,262.10714849457145,left_blink
1761185171.5427492,-1596.5483314841986,-1158.7818219708279,389.9219693802297,216.48036903515458,left_blink
1761185171.5427492,-1611.5902091059834,-1148.3923798939213,365.7285565668717,249.8253170400858,left_blink
1761185171.556517,-1549.4629910420626,-1083.4116181638092,424.4337661713362,284.4754901295528,left_blink
1761185171.556517,-1566.861005635932,-1130.4707793062553,425.690372556448,241.08517084363848,left_blink
1761185171.5720365,-1606.384268367663,-1160.4647769508883,356.7714961729944,216.67484383285046,left_blink
1761185171.5720365,-1549.2722561443225,-1091.097112572752,412.14445491693914,300.42242354061455,left_blink
1761185171.5727022,-1589.2630063705146,-1148.7027915902436,399.1557823708281,227.52429360430688,left_blink
1761185171.5727022,-1619.832948608324,-1161.627885837108,374.8352129589766,206.2068638568744,left_blink
1761185171.5862896,-1586.495480403304,-1118.9219682430848,380.23936839494854,254.6797071825713,left_blink
1761185171.5862896,-1562.4217443885282,-1112.1527493232861,416.07134987041354,266.4603920429945,left_blink
1761185171.6020043,-1602.2928178161383,-1165.5061620911583,391.7769597582519,209.6213925164193,left_blink
1761185171.6020043,-1601.81411062181,-1157.4728569863364,348.88404716644436,226.57435901556164,left_blink
1761185171.6027296,-1538.4377659726888,-1095.55881321989,427.54910283442587,278.22985720355064,left_blink
1761185171.6027296,-1584.1767424307764,-1141.002337581478,408.419514561072,221.9593224702403,left_blink
1761185171.6163769,-1613.2245453866199,-1164.3243537051603,364.49438958149403,207.14931864570826,left_blink
1761185171.6163769,-1565.9559498466551,-1099.8821375686675,405.46873349603266,271.22502458654344,left_blink
1761185171.6320336,-1573.4020906584337,-1132.2397519852966,422.29454339668155,227.84218510054052,left_blink
1761185171.6320336,-1614.2530178744346,-1172.7241690056399,366.30076126009226,201.92841830756515,left_blink
1761185171.632738,-1549.7434835387394,-1101.9428224442527,380.2842471944168,287.96481678821146,left_blink
1761185171.632738,-1550.5176428295672,-1102.5673857368529,419.0557900350541,262.3390222918242,left_blink
1761185171.646371,-1613.1572271874174,-1171.6545576183125,391.9976138556376,205.8403536612168,left_blink
1761185171.646371,-1587.4416750920936,-1147.6518797026947,381.9185834750533,253.54651749599725,left_blink
1761185171.66203,-1538.856634767726,-1094.870671628043,422.21226559765637,282.2128506563604,left_blink
1761185171.66203,-1569.0974658094347,-1130.425900506787,421.2698108088225,250.68923392985016,left_blink
1761185171.6627488,-1622.1142875812948,-1164.7170432005078,360.5487951282412,202.85591349657625,left_blink
1761185171.6627488,-1538.7107786694542,-1069.0391826340929,420.77240411471575,318.50483982637525,left_blink
1761185171.67627,-1573.8433988532051,-1118.2001675516367,418.6743202395737,241.47038053907454,left_blink
1761185171.67627,-1603.657881299965,-1153.2355503365397,374.37894516438246,221.15524397976696,left_blink
1761185171.6919363,-1520.5236451849341,-1085.0833534440026,414.1901801927015,329.3430698979646,left_blink
1761185171.6919363,-1547.275149567984,-1103.0685323309153,430.0884949043393,253.8943281918764,left_blink
1761185171.6927404,-1594.8803361039609,-1149.409632681869,391.9302956564352,216.68232363276184,left_blink
1761185171.6927404,-1569.5724331038073,-1109.078551559709,394.38367002736777,274.101007652469,left_blink
1761185171.7063167,-1534.1555805234239,-1083.800567759201,424.3552282722667,280.4700572770089,left_blink
1761185171.7063167,-1579.756180683151,-1138.9192133061588,424.21685197390616,240.90191574580967,left_blink
1761185171.721949,-1614.537250271067,-1166.2017834829167,364.9207381764427,225.46360872872174,left_blink
1761185171.721949,-1537.8730410793796,-1071.159705908969,428.29708282556385,306.2155285719782,left_blink
1761185171.72266,-1571.3077466832474,-1144.0877550449222,417.51495125330985,221.7723274724558,left_blink
1761185171.72266,-1611.3732949085534,-1152.1285399496555,372.19858349021524,213.68292386829853,left_blink
1761185171.7363439,-1556.452864059247,-1098.0757658900693,386.6757362186909,276.5057633239776,left_blink
1761185171.7363439,-1527.9024677975103,-1075.0005831634626,435.9563979348168,286.4426775062457,left_blink
1761185171.752018,-1616.021990553476,-1181.056666106917,376.0020617451519,189.52691005449742,left_blink
1761185171.752018,-1580.9641683688387,-1134.670686956495,386.9225696157664,251.1604613242671,left_blink
1761185171.7528145,-1554.3622599840164,-1093.2737343469635,429.48637101147324,296.15145779121667,left_blink
1761185171.7528145,-1570.324152994901,-1122.224299903959,418.2030928451568,252.03559791389853,left_blink
1761185171.766246,-1613.8416288793087,-1157.1175664905459,366.63735225610435,211.2108499975875,left_blink
1761185171.766246,-1534.1518406234682,-1084.2717951536179,396.42565540317446,282.1417925572023,left_blink
1761185171.781944,-1554.2313634855673,-1120.7582591213286,420.10296202264726,242.82796422298998,left_blink
1761185171.781944,-1601.1409286297858,-1161.5493479380384,383.478121756576,221.52549407538027,left_blink
1761185171.7827685,-1549.036642447114,-1106.5279397899285,404.8292106036097,280.7617694735527,left_blink
1761185171.7827685,-1545.405199590139,-1082.375665876083,447.01154220383614,281.33397416677326,left_blink
1761185171.796364,-1605.239858981222,-1165.9512101858854,383.3584449579939,199.74431673344225,left_blink
1761185171.796364,-1577.25792751275,-1111.5842845300213,371.90687129367143,262.1520272940397,left_blink
1761185171.8121035,-1523.250032252632,-1072.1694788970053,440.9491643756628,309.46176173351705,left_blink
1761185171.8121035,-1571.8051533773541,-1126.203553456813,415.4131274782121,250.01979183778167,left_blink
1761185171.8127816,-1615.707838957198,-1172.8475857041776,365.6911575673148,206.7603690503165,left_blink
1761185171.8127816,-1539.8364885561168,-1088.9204907985404,421.1688335100189,305.4039702815935,left_blink
1761185171.8265147,-1555.7460229676217,-1115.0212525893003,420.4582525184378,249.76921854075044,left_blink
1761185171.8265147,-1580.2909863768145,-1159.0548346675932,395.0456323195249,237.01615969184786,left_blink
1761185171.841956,-1554.02940888796,-1091.8226531641558,402.58527063019574,284.0192223349586,left_blink
1761185171.841956,-1539.858927955851,-1090.2855542823672,438.74262340180576,284.40817193035036,left_blink
1761185171.8427818,-1603.9757727961987,-1164.690863900818,388.8860170925036,207.14931864570826,left_blink
1761185171.8427818,-1561.206276902929,-1111.4720875313506,384.3644780460745,281.37885296624154,left_blink
1761185171.856332,-1538.2470310749486,-1096.1684169126675,431.2403840906918,284.44931082986295,left_blink
1761185171.856332,-1578.417296499014,-1147.8276550006121,399.16700207069516,220.67279688548297,left_blink
1761185171.8719823,-1577.7328948071226,-1143.1191209563985,388.6691028950736,248.8192839520052,left_blink
1761185171.8719823,-1550.0800745347515,-1105.2002753056586,403.2958516217768,270.10679449979216,left_blink
1761185171.8728013,-1543.3407748145983,-1099.695142570883,428.48407782334834,274.6507729459554,left_blink
1761185171.8728013,-1603.2502322047949,-1159.8514333581552,381.94476277474314,206.22930325660855,left_blink
1761185171.8862793,-1550.652279227972,-1107.6611294765025,408.6102494588122,284.4231315301731,left_blink
1761185171.8862793,-1553.6815981920809,-1115.29052538611,423.29309668485075,248.32935705780983,left_blink
1761185171.9019768,-1579.9656150806695,-1136.7986900312826,420.17402012180537,244.13692920748144,left_blink
1761185171.9019768,-1572.085645874031,-1129.281491120346,381.50345457997173,250.83882992807776,left_blink
1761185171.902766,-1533.0186509368941,-1097.211849000305,421.70363920368254,279.34060749039054,left_blink
1761185171.902766,-1576.8390587177128,-1151.2459235601127,413.17666730470955,217.87161181867123,left_blink
1761185171.916324,-1589.633256466128,-1158.7481628712267,385.673443030566,228.75846058968455,left_blink
1761185171.916324,-1539.5485162595287,-1087.5890864143148,412.62690201122314,279.9763904828578,left_blink
1761185171.9320672,-1580.7659536711872,-1137.4120336240157,411.17208092845976,228.56024589203298,left_blink
1761185171.9320672,-1608.2990971449763,-1172.6231917068362,364.37845268286765,206.1694648573175,left_blink
1761185171.9328537,-1541.6166809350252,-1083.209663566202,407.70145376957953,295.6914500966668,left_blink
1761185171.9328537,-1539.1371272644028,-1099.5305869728327,425.6828927565366,271.96552477777004,left_blink
1761185171.9462585,-1580.1600898783654,-1146.8440613122657,407.4994991719723,239.71636745985597,left_blink
1761185171.9462585,-1570.6308247912675,-1134.8689016541466,375.42611715197563,243.3403305169195,left_blink
1761185171.9619873,-1536.3060229979455,-1072.8538805888966,437.5009766165167,305.2992530828342,left_blink
1761185171.9619873,-1562.6311787860468,-1122.332757002674,415.28597087971866,234.20375492516905,left_blink
1761185171.962804,-1577.4187432108447,-1131.244938597083,379.4091106047854,247.62625586614013,left_blink
1761185171.962804,-1538.000197677873,-1098.0832456899807,406.97217327822,270.6378602935001,left_blink
1761185171.976356,-1547.4995435653254,-1120.2795519270003,442.51992235705256,246.2985913818702,left_blink
1761185171.976356,-1599.233579652384,-1174.0106945903972,392.09859115444124,209.34463991969824,left_blink
1761185171.9928012,-1529.6153419772163,-1098.139344189316,420.7948435144499,287.2542357966304,left_blink
1761185171.9928012,-1537.3120560860261,-1093.520567744039,440.1675252849236,269.5458095064387,left_blink
1761185171.9934416,-1587.7109478889033,-1159.3166276644915,398.46390087902546,223.76569414883852,left_blink
1761185171.9934416,-1564.1420983681455,-1125.661267963238,385.3218924347311,244.009772608988,left_blink
1761185171.9942431,-1496.1357575738803,-1051.9927186360583,450.0015922184102,311.2812230619602,left_blink
1761185172.0063305,-1559.770155319944,-1139.8878473946825,418.01796779735014,221.41142712673172,left_blink
1761185172.0063305,-1567.0741799334064,-1131.8882013894618,408.5784603091888,244.8718195487745,left_blink
1761185172.0213673,-1505.3433912647888,-1079.6193596087396,444.64979538181797,297.87742162076756,left_blink
1761185172.0213673,-1545.756750185974,-1132.0751963872463,434.144416406285,239.22831051563844,left_blink
1761185172.037068,-1600.980112931691,-1165.4949423912913,396.22183085558936,205.31863761739805,left_blink
1761185172.037068,-1535.6777198053896,-1088.1725108074024,400.40677890600637,287.113989548292,left_blink
1761185172.0377572,-1526.0399976195768,-1098.5282937847078,432.0014537316747,258.27562098996714,left_blink
1761185172.0377572,-1594.3791895098984,-1154.305161723867,394.12000708049163,196.1858019256033,left_blink
1761185172.0513277,-1550.4914635298774,-1131.824623090215,390.88873351877555,249.93190418882295,left_blink
1761185172.0513277,-1519.0389049025252,-1090.6520644780248,434.57450490118936,283.95751398568973,left_blink
1761185172.0670097,-1573.7648609541357,-1156.6725183958188,409.71164999576285,215.2368522998877,left_blink
1761185172.0670097,-1600.9389740321785,-1176.2359350640327,370.5287181599997,210.69287385372445,left_blink
1761185172.06776,-1529.69013997633,-1090.6595442779362,424.8432852164842,286.8596763513051,left_blink
1761185172.06776,-1566.681490438059,-1145.1573664322495,425.98769460292533,220.1959596411325,left_blink
1761185172.08132,-1589.8875696631148,-1166.9497634740546,383.99983780039474,220.0463636429049,left_blink
1761185172.08132,-1552.29409530852,-1113.9890402015299,390.050995928701,261.1067252564244,left_blink
1761185172.0969768,-1522.0607440667227,-1094.5602599317208,438.2994452570565,269.49906075699255,left_blink
1761185172.0969768,-1601.9038682207465,-1180.9631686080247,388.2371444501914,185.22789505543187,left_blink
1761185172.097804,-1549.893079536967,-1119.9167816312984,404.2476561604999,265.93867599917576,left_blink
1761185172.097804,-1524.6599745359272,-1095.0950656253844,447.5930966469459,281.94918770948425,left_blink
1761185172.1113515,-1575.316919435747,-1151.9714641515166,418.42561689252034,215.43506699753925,left_blink
1761185172.1113515,-1586.413202604279,-1151.2945422595367,370.6109959590249,226.57622896553949,left_blink
1761185172.127008,-1522.105622866191,-1086.1941037308425,424.78718671714887,294.1861403645016,left_blink
1761185172.127008,-1551.0449687233195,-1126.9590132478625,426.6758361947723,236.04565565334633,left_blink
1761185172.1277776,-1582.0973580554128,-1155.5281090093777,388.386740448419,215.75669839372858,left_blink
1761185172.1277776,-1535.733818304725,-1097.5633995961398,403.0957669741474,284.7877717758529,left_blink
1761185172.1413755,-1526.8141569104046,-1103.180729329586,450.2783448151313,271.87389722885564,left_blink
1761185172.1413755,-1589.1358497720212,-1169.4554964443669,401.52500899275765,207.40176189271733,left_blink
1761185172.156952,-1564.2505554668605,-1133.3430224722251,395.791742360685,257.75951479608193,left_blink
1761185172.156952,-1511.5104862917215,-1084.0100021567196,434.4772675023414,284.9710268736817,left_blink
1761185172.157814,-1562.8967116829008,-1134.1583206625655,421.8139662523754,232.21225819876418,left_blink
1761185172.157814,-1592.6214365307242,-1168.898251350969,350.0078871031292,198.9645475926809,left_blink
1761185172.171349,-1535.1092550121248,-1101.045246454887,413.8554591466673,283.79669828759506,left_blink
1761185172.171349,-1541.1641530403867,-1118.8583899438381,442.9331813021563,258.57481298642233,left_blink
1761185172.1869557,-1593.612510018982,-1176.2172355642542,374.0404842183925,196.5523121212609,left_blink
1761185172.1869557,-1535.902113802731,-1120.76573892124,403.22666347259656,263.2646475308575,left_blink
1761185172.1878085,-1532.5586432423443,-1114.1909947991371,455.17387385712937,255.34353942470625,left_blink
1761185172.1878085,-1567.3658921299502,-1159.9075318574905,398.81358152488247,226.89786036172882,left_blink
1761185172.2013595,-1574.4156035464257,-1137.9804984172806,391.07946841651574,244.5838472521864,left_blink
1761185172.2013595,-1523.1565347537398,-1099.3286323752254,436.42949527921155,271.9636548277922,left_blink
1761185172.2168787,-1552.7428833032027,-1153.5721413325518,420.9537892625667,208.50877227960154,left_blink
1761185172.2168787,-1576.4314096225426,-1162.6226992253214,379.87846804922447,217.22647907631472,left_blink
1761185172.2327154,-1519.7494858941063,-1090.6333649782464,425.8493183045648,276.1560826781206,left_blink
1761185172.2327154,-1544.8591741966084,-1140.6807061852887,436.97926057269797,233.17715238733217,left_blink
1761185172.2334893,-1582.7742799473926,-1170.9776357263327,394.6435930742882,227.92259294958785,left_blink
1761185172.2334893,-1538.8865539673716,-1121.6296558110043,408.129672314506,265.3702112059109,left_blink
1761185172.234189,-1531.0851226598024,-1108.9139959616587,447.9820462423377,264.259460919071,left_blink
1761185172.234189,-1566.4346570409834,-1150.1164737734944,408.0324349156581,225.3458018801175,left_blink
1761185172.246385,-1562.3918251888826,-1134.7529647555202,384.41122679552063,243.90692536020651,left_blink
1761185172.246385,-1515.2391665475443,-1091.542160667479,425.2284949119203,278.044732155744,left_blink
1761185172.261331,-1579.127877490595,-1162.4057850278914,407.34055342385545,194.2560135484673,left_blink
1761185172.261331,-1551.774249214679,-1150.1987515725195,383.8951206016354,250.30215428443626,left_blink
1761185172.2770014,-1501.4613751107827,-1091.070933273062,419.76076117670164,302.129687870387,left_blink
1761185172.2770014,-1544.2308710040525,-1134.393934359774,439.7841855394654,253.74286224367097,left_blink
1761185172.2777152,-1575.2608209364116,-1157.1474856901914,404.7600224544294,230.465724919457,left_blink
1761185172.2777152,-1510.1379430079833,-1095.4428763212636,404.30375465983525,296.1196686415933,left_blink
1761185172.2913744,-1509.008493221365,-1097.4175434978679,435.50947989011183,274.4544281982817,left_blink
1761185172.2913744,-1578.5033141979948,-1154.2640228243545,394.34066117787734,207.69721398921683,left_blink
1761185172.3071225,-1557.3990587480366,-1136.7912102313712,391.0271098171361,258.46261598775163,left_blink
1761185172.3071225,-1514.6108633549884,-1080.591733597219,448.51311203604564,295.62226194748655,left_blink
1761185172.3078663,-1577.572079109028,-1159.7728954590857,418.89684428693727,203.91617513401434,left_blink
1761185172.3078663,-1556.6847378564999,-1135.6580205447972,384.99091128865257,260.53078066324815,left_blink
1761185172.3213632,-1529.2376120816916,-1096.6246847072616,406.3270405358635,262.3670715414919,left_blink
1761185172.3213632,-1531.186099958606,-1112.7847924157977,463.1660400624387,255.08548632776365,left_blink
1761185172.3370428,-1580.4405823750421,-1174.8895710799843,389.5797685342841,202.65208894899115,left_blink
1761185172.3370428,-1524.89184833318,-1075.273595860228,425.19857571227476,306.4642319190316,left_blink
1761185172.337662,-1526.0886163190007,-1110.851264138706,440.7939585275017,250.34703308390453,left_blink
1761185172.337662,-1586.413202604279,-1173.0682398015633,397.9047858356498,204.46594042750075,left_blink
1761185172.3513772,-1542.7610903214663,-1129.027177923359,401.6110266917385,278.0110730561428,left_blink
1761185172.3513772,-1532.5885624419898,-1091.3215065700933,432.154789629858,273.23522081272677,left_blink
1761185172.367007,-1577.452402310446,-1149.0281628863886,414.37904514046386,226.60240826522931,left_blink
1761185172.367007,-1569.0264077102765,-1150.2511101718992,387.8631544546224,235.3874332611449,left_blink
1761185172.3676732,-1520.6021830840036,-1087.791041011922,426.15973000088707,284.7765520759858,left_blink
1761185172.3676732,-1533.527277330868,-1114.4527877960354,428.9160362682305,252.18706386210397,left_blink
1761185172.3814151,-1587.6847685892135,-1181.4680551020429,382.3542818198912,196.6682490198873,left_blink
1761185172.3814151,-1518.9641069034114,-1093.471949044615,414.6520578372292,292.9033546797,left_blink
1761185172.3970015,-1539.6943723578006,-1110.2192210461944,439.9973598369397,255.27622122550383,left_blink
1761185172.3970015,-1592.5241991318762,-1178.655650335364,391.07572851656005,184.02364726969972,left_blink
1761185172.397658,-1547.0769348703325,-1127.2993441438302,390.81393551966175,265.5609461036511,left_blink
1761185172.397658,-1518.1076698135585,-1105.1628763061017,425.98769460292533,268.1900957725011,left_blink
1761185172.411369,-1567.2686547311023,-1152.2108177486807,414.6520578372292,217.70144637068734,left_blink
1761185172.411369,-1585.0780583200976,-1161.9008985338733,363.16485514724627,211.17906084796414,left_blink
1761185172.426947,-1531.429193455726,-1105.2975127045065,411.57412017369643,265.224355107639,left_blink
1761185172.426947,-1548.6776120513678,-1129.4460467183962,431.35445103934035,232.88170029083267,left_blink
1761185172.4276838,-1597.9470540676266,-1185.0620989594609,372.7576985335909,187.08662533340976,left_blink
1761185172.4276838,-1531.2309787580743,-1114.0974973002449,402.67315827915445,254.94711002940312,left_blink
1761185172.4412692,-1535.2700707102194,-1123.297651191242,438.112450259272,242.32868757890537,left_blink
1761185172.4412692,-1582.5199667504057,-1180.308686115779,405.2050705491565,205.25879921810701,left_blink
1761185172.4569385,-1556.6061999574304,-1138.9790517054498,387.1301340633072,261.86966484738514,left_blink
1761185172.4569385,-1523.2949110521004,-1107.3020990807563,419.86547837546095,267.61041127936915,left_blink
1761185172.4576683,-1568.816973312758,-1157.0539881912991,413.0289412564598,208.25819898257032,left_blink
1761185172.4576683,-1593.3918559215963,-1154.1443460257724,366.2951514101587,226.6809461642988,left_blink
1761185172.4713535,-1499.0117406398058,-1069.5291095282882,440.1544356350787,317.48945698840544,left_blink
1761185172.4713535,-1536.395780596882,-1117.4559274604544,447.6678946460597,253.26789494929835,left_blink
1761185172.4869475,-1587.3818366928026,-1163.4679166153073,378.58072276460007,205.4121351162903,left_blink
1761185172.4869475,-1521.7727717701346,-1097.4175434978679,396.2891490547918,280.2213539299555,left_blink
1761185172.487668,-1546.4523715777323,-1117.2277935631573,422.86861803987995,244.47913005342707,left_blink
1761185172.487668,-1561.1950572030619,-1132.838135978207,422.79008014081046,238.22975722746924,left_blink
1761185172.5013113,-1537.8954804791138,-1114.0264392010868,418.1451243958436,282.8879025983624,left_blink
1761185172.5013113,-1510.6764886016026,-1082.0577743798494,457.40659413067624,300.6000687885098,left_blink
1761185172.516996,-1544.7357574980706,-1124.2326261801645,411.8433929705061,238.85058062011376,left_blink
1761185172.516996,-1572.2726408718154,-1148.1268469970673,386.58410866977647,234.47115777200088,left_blink
1761185172.5177267,-1494.980128487572,-1065.347901377827,455.2037930567749,315.63072671042755,left_blink
1761185172.5177267,-1535.6328410059214,-1110.4361352436244,442.0730043123476,244.11261985776946,left_blink
1761185172.5313137,-1578.9857612922788,-1167.3574125692248,377.46997247776017,223.21031900541857,left_blink
1761185172.5313137,-1526.604722512886,-1108.7718797633424,413.9564364454709,277.2182142655365,left_blink
1761185172.5470445,-1530.5577967660502,-1114.7519797924906,448.8197838324122,255.57541322195902,left_blink
1761185172.5470445,-1575.159843637608,-1148.1044075973332,415.20182313071564,231.48297770740464,left_blink
1761185172.547771,-1557.2532026497647,-1125.3321567671373,379.44463965436444,248.11057291040197,left_blink
1761185172.547771,-1518.8556498046964,-1104.4747347142547,425.3219924108125,262.8794378354214,left_blink
1761185172.561268,-1550.9963500238955,-1147.6219605030492,417.12039180798456,233.32300848560408,left_blink
1761185172.561268,-1578.6491702962667,-1166.4523567799479,384.1344741987996,217.09558257786557,left_blink
1761185172.5770428,-1503.1817290904,-1084.993595845066,435.9320885851048,287.77221194049343,left_blink
1761185172.5770428,-1514.0423985617235,-1118.245046351105,444.58247718261555,268.24245437188074,left_blink
1761185172.577745,-1585.4408286157995,-1192.8859696667641,382.0887489230372,188.05151952197775,left_blink
1761185172.577745,-1539.907546655275,-1118.895788943395,409.0309882038273,280.6290030251257,left_blink
1761185172.5913973,-1512.131309684366,-1122.6805676985532,445.8877022671513,269.5514193563722,left_blink
1761185172.5913973,-1573.4095704583451,-1155.2737958123907,402.31038798345253,200.29221207695082,left_blink
1761185172.6070535,-1527.9361268971115,-1192.3175048734993,391.3599609131925,230.11043442366645,left_blink
1761185172.6070535,-1493.53278720472,-1127.0674703465775,453.7601916738786,289.4925659201108,left_blink
1761185172.6078925,-1499.0304401395842,-1242.7799749756232,432.12861033016816,212.40574803343043,left_blink
1761185172.6078925,-1544.103714405559,-1192.3249846734107,399.0903341216035,233.1285336879082,left_blink
1761185172.6213524,-1469.7470234865323,-1170.9215372269973,448.25505893910304,287.66001494182274,left_blink
1761185172.6213524,-1561.0230218051001,-1183.4277626788244,450.13622861681506,231.7634702040814,left_blink
1761185172.6370316,-1520.3142107874155,-1191.8350577792153,426.79551299335435,227.03997656004503,left_blink
1761185172.6370316,-1502.6431834967807,-1110.428655443713,421.6606303541921,261.7649476486258,left_blink
1761185172.6378322,-1448.4333336390555,-1130.0070317117497,464.018737252336,223.0869023068808,left_blink
1761185172.6378322,-1517.666361618787,-1361.241306072101,420.20580927142873,180.67643680935726,left_blink
1761185172.6513364,-1450.393041215837,-1089.5562737910077,418.79586698813364,204.39862222829834,left_blink
1761185172.6513364,-1468.1912251049653,-1076.1711718495935,451.54243100015447,229.5382297304459,left_blink
1761185172.6670165,-1443.1750343013555,-1110.2080013463274,448.6440085344948,166.81636757357046,left_blink
1761185172.6670165,-1467.3908865144476,-1154.2864622240886,414.0237546446733,143.37467465130612,left_blink
1761185172.6678307,-1421.1395437624305,-1094.279767435044,443.80831789178774,224.941892684903,left_blink
1761185172.6678307,-1329.9271237431094,-1184.7329877633601,481.75334284221753,202.61095004947856,left_blink
1761185172.6812928,-1456.0402901489288,-1124.7636919738725,409.4423771989532,150.26357036968693,left_blink
1761185172.6812928,-1407.3879316253588,-1063.9903176939115,419.61116517847404,196.99362031603232,left_blink
1761185172.6970408,-1337.8257924495265,-1089.3617989933118,466.85732131870463,174.87211207812652,left_blink
1761185172.6970408,-1362.9579201517627,-1148.2614833954722,429.5555591606535,117.99571355199441,left_blink
1761185172.6978312,-1345.8366581546143,-1150.0902944738045,422.56568614346907,176.40547105995938,left_blink
1761185172.6978312,-1386.8783202683553,-1013.329632894136,461.3484486839734,203.31779114110395,left_blink
1761185172.711316,-1391.4596977140754,-1122.4262545015663,428.79261956969276,117.19537496147677,left_blink
1761185172.711316,-1390.9361117202789,-1080.6852310961112,401.0949204978533,153.25175043428317,left_blink
1761185172.7270854,-1295.9950114451349,-1077.7269702311605,455.3795683546923,232.73210429260507,left_blink
1761185172.7270854,-1314.4775970261544,-1122.7478858977556,451.47885270090774,159.69933795789257,left_blink
1761185172.727842,-1361.3796823704615,-1176.1873163646087,418.27228099433705,136.27634453540668,left_blink
1761185172.727842,-1299.4132800046355,-1107.148763182573,433.1832621176727,209.94863376254216,left_blink
1761185172.7413275,-1445.4900323739275,-1011.773834512569,433.60587081266567,167.6129662641324,left_blink
1761185172.7413275,-1439.996119339019,-1107.7845461750403,385.26392398541793,102.2507347385399,left_blink
1761185172.756975,-1394.963983972557,-1102.3803907390684,398.74626332568005,155.51812980743125,left_blink
1761185172.756975,-1312.4243919504806,-1028.610864113085,446.2392528629862,196.01376652764156,left_blink
1761185172.7577991,-1403.936003966257,-1117.990733154118,406.8768058293499,146.50497091421857,left_blink
1761185172.7577991,-1363.1299555497244,-1187.545392530039,395.9936969582923,164.62104629958048,left_blink
1761185172.7713404,-1369.2110328776762,-1021.4564354978502,425.0302802142687,193.91568265249953,left_blink
1761185172.7713404,-1373.0519101321697,-1082.0203753802925,441.73641331633553,164.38169270241633,left_blink
1761185172.7869933,-1428.45478807576,-1107.0440459838137,389.3553745369427,148.4945976906456,left_blink
1761185172.7869933,-1394.0028296839446,-1082.424284575507,414.4650628394447,190.17578269680962,left_blink
1761185172.7878475,-1352.086030980572,-1102.6721029356122,456.673573739361,219.32456295145676,left_blink
1761185172.7878475,-1436.0991435851902,-1141.4212063765153,389.6882256329991,121.5934973093681,left_blink
1761185172.8013232,-1423.690155532211,-1064.491464287974,384.32520909653977,192.62167726783082,left_blink
1761185172.8013232,-1363.5413445448503,-1091.16817067191,444.7545125805773,232.5787683944218,left_blink
1761185172.817066,-1423.0955114392564,-1099.9644153676927,426.76559379370883,159.1682721641846,left_blink
1761185172.817066,-1469.2720561921597,-1101.6436304477975,368.3109574862756,151.06390896020457,left_blink
1761185172.8177948,-1401.968816589564,-1070.5875012157485,417.22884890669957,204.79131172364578,left_blink
1761185172.8177948,-1405.4170043487102,-1156.9978896919638,431.10013784235343,173.11809899890795,left_blink
1761185172.831339,-1466.7850227216259,-1144.4729647403583,383.9699186007492,150.2336511700414,left_blink
1761185172.831339,-1435.2427064953372,-1050.3471626555547,405.01433565141633,219.2759442520328,left_blink
1761185172.8470657,-1429.939528358169,-1071.1522261090577,427.60707128373906,201.24962646560743,left_blink
1761185172.8470657,-1460.3636144977063,-1125.0666238702834,396.648179450538,163.16248531686142,left_blink
1761185172.8477523,-1394.672271776013,-1104.8636843096465,409.12074580276385,243.84708696091548,left_blink
1761185172.8477523,-1410.5967657873407,-1072.281675895676,437.65618246467784,244.9840165474452,left_blink
1761185172.8776565,-1473.718797239475,-1112.4968201192096,412.254781965632,197.09833751479164,left_blink
1761185172.8776565,-1484.6879238095134,-1127.5536573408172,382.32810252020136,196.31669842405245,left_blink
1761185172.8784688,-1427.9536414816976,-1075.236196860671,409.53587469784543,246.77916852617636,left_blink
1761185172.8784688,-1436.8284240765497,-1106.1801290940493,424.7123887180351,212.80591732868925,left_blink
1761185172.879145,-1476.9799900008366,-1172.443676508963,378.36006866721436,161.0606615417637,left_blink
1761185172.879145,-1438.8778892522678,-1101.0489863548428,415.0036084330641,264.90646361140534,left_blink
1761185172.8913336,-1476.7256768038496,-1091.2354888711125,417.20266960700974,216.07832978991792,left_blink
1761185172.8913336,-1516.5780507316813,-1153.3739266349003,374.54537071241066,166.14318558154628,left_blink
1761185172.9069855,-1478.7564424797893,-1131.9256003890187,375.73091899836436,221.96493232017383,left_blink
1761185172.9069855,-1425.7209212081507,-1068.0331495460123,440.0048396368511,266.79511308902875,left_blink
1761185172.907699,-1512.722213877365,-1177.1447307532653,393.9180524828844,174.41584428353235,left_blink
1761185172.907699,-1498.985561340116,-1160.63681234885,382.5412768176757,199.46943408669904,left_blink
1761185172.9213426,-1442.9618600038812,-1100.3533649630845,424.27108052326366,267.4346359814517,left_blink
1761185172.9213426,-1496.6144647682086,-1150.7896557655185,407.3555130236782,183.75437447289005,left_blink
1761185172.9370399,-1529.9070541737601,-1167.9071778627113,373.65527452295646,171.4314041188918,left_blink
1761185172.9370399,-1461.6725794821978,-1085.2142499424517,394.9914037701674,260.616798362229,left_blink
1761185172.9376764,-1500.3319253241643,-1129.3974280189723,408.2194299134426,211.03694464964792,left_blink
1761185172.9376764,-1508.0697783324867,-1171.2469085231423,392.6876253974624,205.01196582103148,left_blink
1761185172.9513533,-1497.1941492613405,-1156.6238996963948,387.6163210575469,239.44522471306846,left_blink
1761185172.9513533,-1475.5962270172313,-1107.907962873578,436.8932428737171,260.1418310678564,left_blink
1761185172.9669745,-1517.8795359162614,-1125.118982469663,425.34817171050236,220.0501035428606,left_blink
1761185172.9669745,-1519.5662307962775,-1127.0936496462673,393.2037315913476,221.6021620244719,left_blink
1761185172.9677188,-1483.330340125598,-1089.589932890609,413.75448184786364,280.8833162221126,left_blink
1761185172.9677188,-1494.4565424937755,-1143.3360351538286,420.5947588668205,226.43037286726758,left_blink
1761185172.9813352,-1523.4370272504166,-1203.1407753452659,387.47420485923067,224.0517964954488,left_blink
1761185172.9813352,-1505.7473004600033,-1070.172372320667,413.6123656495474,284.3315039812587,left_blink
1761185172.9977305,-1513.3205978702754,-1107.4965738784522,431.5863248365931,248.60049980459735,left_blink
1761185172.9977305,-1568.5290010161698,-1168.4569431561977,377.761684674304,192.49452066933736,left_blink
1761185172.9987311,-1517.3858691221103,-1108.813018662855,396.07597475731745,278.3439241521992,left_blink
1761185172.9987311,-1483.812787219882,-1095.1399444248527,435.8460708861239,283.1833546948619,left_blink
1761185172.9991539,-1559.72153662052,-1168.2418989087455,394.2228543292731,189.6877257525921,left_blink
1761185173.0113757,-1564.3440529657528,-1141.194942429196,382.09061887301505,239.90336245764047,left_blink
1761185173.0113757,-1516.1891011362895,-1078.974226866383,417.1596607575193,285.9041319126263,left_blink
1761185173.0263205,-1550.9439914245158,-1110.9428916876204,409.1637546522543,240.49426665063947,left_blink
1761185173.0263205,-1578.596811696887,-1150.3763968204148,374.6669174609706,210.41051140706986,left_blink
1761185173.0419888,-1521.4025216745213,-1079.9914796543308,406.332650385797,281.00486297067255,left_blink
1761185173.0419888,-1526.9188741091639,-1100.9199598063715,426.2476176498458,255.03499767836183,left_blink
1761185173.0428748,-1596.0471848901361,-1167.6846538153477,376.1853168429807,196.33726787380874,left_blink
1761185173.0428748,-1569.9165038997307,-1118.7443229951896,371.6562979966402,258.4270869381726,left_blink
1761185173.0563188,-1528.1642607944086,-1067.5563123016618,424.19067267421633,281.1432392690331,left_blink
1761185173.0563188,-1574.2136489488184,-1128.5428608790971,400.6629620529711,214.08683306351304,left_blink
1761185173.0719867,-1587.4304553922266,-1135.876804692205,369.7265096195042,230.1459634732455,left_blink
1761185173.0719867,-1518.5040992088616,-1076.6704484936781,413.36740220244974,292.93888372927904,left_blink
1761185173.0727673,-1546.0260229827836,-1113.542122156825,428.36814092472196,242.20714083034545,left_blink
1761185173.0727673,-1595.8751494921744,-1132.1817835359834,370.78490130696446,202.36224670242518,left_blink
1761185173.0863233,-1547.9670310597867,-1086.3717489787377,404.0438316129148,270.58924159407616,left_blink
1761185173.0863233,-1544.6871387986466,-1087.5909563642927,437.30650181882083,264.4258864670992,left_blink
1761185173.101998,-1606.758258363232,-1150.8364045149647,384.8581448402256,206.96232364792377,left_blink
1761185173.101998,-1572.5344338687137,-1103.1638997797854,374.20316986646503,256.43372026178986,left_blink
1761185173.1027637,-1537.5289702834561,-1084.3148040031083,428.25968382600695,277.92692530713975,left_blink
1761185173.1027637,-1596.4436142854393,-1126.953403397929,395.39718291535974,209.71115011535585,left_blink
1761185173.1163547,-1600.1087162420154,-1134.489301808644,371.9891490926966,225.15693693235517,left_blink
1761185173.1163547,-1538.3779275733978,-1078.3795827734284,414.8297030851245,289.7300495672971,left_blink
1761185173.1319811,-1575.8779044291005,-1115.2811756362207,413.0495107062161,230.1871023727581,left_blink
1761185173.1319811,-1607.3753418559209,-1148.865477238316,376.41719064023346,215.90068454202265,left_blink
1761185173.1327927,-1547.2788894679397,-1074.7144808168523,393.5982910366729,278.52156940009445,left_blink
1761185173.1327927,-1553.666638592258,-1092.7931572026573,426.36355454847217,266.9877179367468,left_blink
1761185173.146343,-1616.0593895530328,-1145.189155581873,385.54254653211683,219.23293540254235,left_blink
1761185173.146343,-1580.0591125795618,-1093.9039074894972,392.4538816502318,271.4344589840621,left_blink
1761185173.1621687,-1536.4780583959073,-1081.85768973222,440.63127287942916,281.4686105651781,left_blink
1761185173.1621687,-1599.039104854688,-1132.7091094297357,393.12706364225596,212.71802967973053,left_blink
1761185173.1627867,-1584.4123561279848,-1106.8402214362286,374.3976446641609,238.9609076688066,left_blink
1761185173.1627867,-1533.8227294273674,-1059.8782976926304,421.191272909753,302.4008306171745,left_blink
1761185173.176278,-1581.828085258603,-1106.9823376345448,413.8161901971325,231.75786035414785,left_blink
1761185173.176278,-1613.2058458868414,-1144.6767892879434,362.26540920790285,213.72032286785543,left_blink
1761185173.1920767,-1542.8545878203586,-1079.916681655217,400.80881815124303,289.30744087230414,left_blink
1761185173.1920767,-1560.6677313093096,-1095.354988672305,430.77289659623057,253.5278179962188,left_blink
1761185173.1928587,-1622.3686007782817,-1152.0107331010513,375.48969545122236,192.62354721780866,left_blink
1761185173.1928587,-1579.973094880581,-1101.7614372964017,388.82991859316826,257.91472064424306,left_blink
1761185173.2063587,-1559.2316097263247,-1087.9088478605263,410.2707650391385,259.73605192266405,left_blink
1761185173.2063587,-1606.8255765624344,-1145.248993981164,396.7398069994524,206.65939175151289,left_blink
1761185173.2220747,-1600.0713172424585,-1143.764253698755,369.7227697195485,223.63479765038937,left_blink
1761185173.2220747,-1554.5791741814464,-1074.994973313529,402.91438182629645,276.49080372415483,left_blink
1761185173.2227776,-1582.770540047437,-1122.1476319548674,409.709780045785,222.00420126970857,left_blink
1761185173.2227776,-1620.375234101899,-1151.7078012046404,357.4932968644425,204.11251988168806,left_blink
1761185173.2363105,-1565.570740151219,-1089.685300339479,397.6785218883306,270.1292338995263,left_blink
1761185173.2363105,-1569.9202437996864,-1105.0562891573645,417.3877946548164,253.80831049289554,left_blink
1761185173.2520635,-1619.7805900089443,-1157.1792748398148,377.79347382392734,199.17959184013307,left_blink
1761185173.2520635,-1579.8047993825749,-1107.292749330867,380.5049012918025,259.50791802536696,left_blink
1761185173.2527604,-1550.869193425402,-1089.0644769468345,422.53015709389,271.33722158521414,left_blink
1761185173.2527604,-1610.4794588191435,-1128.2810678821988,392.31924525182694,209.19130402151495,left_blink
1761185173.266352,-1610.5280775185674,-1137.4176434739493,370.8372599063441,227.97682149894536,left_blink
1761185173.266352,-1531.5413904543966,-1056.314173034858,428.5439162226394,306.2192684719339,left_blink
1761185173.28206,-1577.9161499049515,-1090.238805532921,426.6515268450603,272.3806536728516,left_blink
1761185173.28206,-1601.6794742234051,-1131.2916873465292,371.40946459956467,237.99227358028293,left_blink
1761185173.2827792,-1528.5906093893573,-1052.0880860849284,409.0478177536279,322.8244242751971,left_blink
1761185173.2827792,-1546.8450610730797,-1081.1658082404174,445.82973381783813,281.5882873637602,left_blink
1761185173.2963223,-1604.8621290856972,-1134.8595519042574,383.71373545378447,216.2522351378575,left_blink
1761185173.2963223,-1574.4978813454509,-1094.520990982186,393.2654399406165,277.9792839065194,left_blink
1761185173.3120515,-1537.5140106836334,-1063.4947809497826,425.6118346573785,304.4839548924938,left_blink
1761185173.3120515,-1597.591763571836,-1138.7340882583521,403.87927601486444,234.32343172375113,left_blink
1761185173.3127725,-1581.7271079597995,-1119.727916683536,377.12777163181454,250.90240822732449,left_blink
1761185173.3127725,-1534.697866016999,-1047.9779360336252,423.652127080597,308.9157363399863,left_blink
1761185173.3262963,-1566.0270079458132,-1097.9130802419968,425.84370845463127,258.17651364114136,left_blink
1761185173.3262963,-1610.9394665136933,-1124.4252310278825,395.3074253164232,241.61249673739076,left_blink
1761185173.341813,-1551.5835143169388,-1062.4812680617906,415.65622097533196,304.4502957928926,left_blink
1761185173.341813,-1555.4318713713437,-1076.7901252922602,441.5363286687061,287.1420387979597,left_blink
1761185173.3577397,-1597.737619670108,-1137.926269867923,383.46690205670893,237.55096538551152,left_blink
1761185173.3577397,-1565.0546339573339,-1086.0725569822825,375.04464735649526,284.509149229154,left_blink
1761185173.3584538,-1541.7625370332971,-1060.2036689887755,423.5249704821035,290.55656745750457,left_blink
1761185173.3584538,-1599.8918020445853,-1128.6213987781666,398.3442240804434,225.4785683285445,left_blink
1761185173.359098,-1587.6997281890363,-1109.8732803002931,385.87165772821754,258.8609153330326,left_blink
1761185173.359098,-1537.929139578715,-1055.6596905426122,426.6103879455477,304.34931849408895,left_blink
1761185173.3713665,-1575.0364269390702,-1103.7211448731832,418.61822174023837,258.10171564202756,left_blink
1761185173.3713665,-1607.5810363534838,-1127.832279887516,376.5443472387269,238.38122317567468,left_blink
1761185173.3871067,-1547.9296320602298,-1063.3676243512891,402.4543741317466,299.0685797566548,left_blink
1761185173.3871067,-1553.401105695404,-1072.5079398429953,429.3068558136001,277.26122311502695,left_blink
1761185173.3878448,-1623.2025984684005,-1129.3132802699693,384.6187912430614,222.67364336177707,left_blink
1761185173.3878448,-1580.3022060766816,-1081.9324877313338,403.0789374243468,284.16133853327483,left_blink
1761185173.401306,-1549.047862146981,-1073.1362430355512,429.45271191187203,286.64089220389724,left_blink
1761185173.401306,-1579.3597512878478,-1109.7610833016224,397.745840087533,228.78837978933007,left_blink
1761185173.4170735,-1584.000967132859,-1108.403499617707,366.63361235614866,243.05983802024275,left_blink
1761185173.4170735,-1547.9483315600082,-1067.904122997541,419.14180773403496,286.59227350447327,left_blink
1761185173.417781,-1573.9032372524962,-1109.4581514052115,417.8665018491447,240.7784990472719,left_blink
1761185173.417781,-1607.7867308510467,-1127.4620297919028,363.8473868891597,216.9515964295715,left_blink
1761185173.4313211,-1555.0765808755532,-1067.8779436978512,398.2656861813739,282.22781025618315,left_blink
1761185173.4313211,-1566.5094550400972,-1089.4160275426693,420.8210228141397,258.1989530408755,left_blink
1761185173.446342,-1611.1152418116108,-1140.3011063397862,371.20003020204604,202.44452450145036,left_blink
1761185173.446342,-1577.7478544069454,-1085.440513889771,391.0065403673798,260.61866831220686,left_blink
1761185173.4619915,-1550.1249533342198,-1066.5914181130938,416.9427465600893,275.77274293266237,left_blink
1761185173.4619915,-1597.3486700747162,-1144.680529187899,394.4061094271019,206.37889925483614,left_blink
1761185173.4627538,-1594.6634219065309,-1116.9379513165914,379.4128505047411,246.61648287810385,left_blink
1761185173.4627538,-1540.932279243134,-1059.2873934996314,403.535205218941,286.49129620566964,left_blink
1761185173.4763548,-1587.8755034869537,-1130.704523053486,397.745840087533,213.26405507326126,left_blink
1761185173.4763548,-1598.4818597612903,-1150.3763968204148,364.3298339834437,225.61694462690502,left_blink
1761185173.4919696,-1532.2332719461992,-1067.6348502007313,402.24119983427227,301.49203492794186,left_blink
1761185173.4919696,-1552.2753958087415,-1102.0980282924138,431.2067249910906,264.92329316120595,left_blink
1761185173.492766,-1608.1719405464828,-1146.8122721626423,384.8805842399597,214.6926968563348,left_blink
1761185173.492766,-1569.3667386062443,-1098.4553657355718,389.6639162832871,270.77623659186065,left_blink
1761185173.5062914,-1539.4811980603263,-1073.4690941316076,430.00247720535845,279.59118078742176,left_blink
1761185173.5062914,-1592.6326562305912,-1141.7185284229927,390.400676574558,213.62682536896318,left_blink
1761185173.522011,-1589.1919482713565,-1123.4715565391816,367.41899134684354,240.64760254882276,left_blink
1761185173.522011,-1527.4499399028718,-1058.460875609424,436.30046873074025,309.04663283843547,left_blink
1761185173.5226889,-1556.924091453664,-1125.614519213792,434.168725755997,251.02582492586225,left_blink
1761185173.5226889,-1601.9150879206136,-1159.8009447087534,384.3382987463847,221.2487414786592,left_blink
1761185173.5363607,-1550.1548725338653,-1075.3053850098513,408.8907419554889,282.736436650157,left_blink
1761185173.5363607,-1553.606800192967,-1108.3810602179728,418.7453783387318,250.7528122290969,left_blink
1761185173.5520244,-1603.8074772981927,-1151.8274780032225,387.6331506073475,211.27816819678992,left_blink
1761185173.5520244,-1564.2505554668605,-1111.0251694866456,382.46460886858404,258.92075373232365,left_blink
1761185173.5528154,-1529.7088394761086,-1087.6620144634508,426.7973829433322,280.37655977811664,left_blink
1761185173.5528154,-1597.0345184784383,-1164.8685091487132,393.83764463383704,206.9922428475693,left_blink
1761185173.566969,-1579.898296881467,-1131.3515257458203,376.6902033369988,241.46664063911885,left_blink
1761185173.566969,-1535.3560884092003,-1080.5337651479058,403.2659324221313,280.9113654717803,left_blink
1761185173.5677228,-1567.1227986328304,-1135.8506253925152,418.3900878429413,223.24210815504193,left_blink
1761185173.5677228,-1604.5330178895965,-1167.3368431194685,375.2092029545456,208.3984452309087,left_blink
1761185173.581308,-1532.3492088448256,-1078.3945423732512,409.6050628470257,297.5127813750878,left_blink
1761185173.581308,-1541.3848071377724,-1102.3261621897109,417.76552455034107,248.72578645311296,left_blink
1761185173.596386,-1603.0744569068775,-1165.5080320411362,363.51827569305897,195.46961108408868,left_blink
1761185173.596386,-1567.8445993242785,-1106.2792364428751,381.8550051758066,257.8960211444646,left_blink
1761185173.6120691,-1541.9757113307714,-1084.1652080048807,428.9740047175437,270.43590569589287,left_blink
1761185173.6120691,-1593.03282552585,-1161.9177280836739,387.289079811424,203.00550949480385,left_blink
1761185173.612742,-1583.058512344025,-1135.5289939963259,376.0656400443986,226.80249291285872,left_blink
1761185173.612742,-1524.0391511432827,-1079.5987901589833,429.9463787060231,287.34025349561125,left_blink
1761185173.6263587,-1560.3460999131203,-1119.3090478884988,417.380314854905,224.83904543612152,left_blink
1761185173.6263587,-1598.653895159252,-1144.6132109886967,381.8924041753635,223.08877225685865,left_blink
1761185173.6420755,-1545.285522791557,-1100.0971818161197,403.47536681964993,266.62120774108917,left_blink
1761185173.6420755,-1515.351363546215,-1070.9371818616055,449.85760607011616,292.9613231290132,left_blink
1761185173.6428032,-1615.7040990572423,-1179.0015910812654,359.2921887431294,184.18259301781654,left_blink
1761185173.6428032,-1551.7592896148562,-1105.4414988528006,375.52709445077926,264.03693687170744,left_blink
1761185173.6569731,-1517.1577352248132,-1070.0096866725944,435.21963764354587,285.15615192148834,left_blink
1761185173.6569731,-1573.4170502582565,-1139.4783283495344,412.7091798102483,234.71238131914288,left_blink
1761185173.6577024,-1590.6430294541642,-1132.9783822265454,372.34817948844284,258.0194378430024,left_blink
1761185173.6577024,-1512.7446532770991,-1056.6732034306042,441.2109573725611,331.1120425770059,left_blink
1761185173.6712787,-1568.1737105203792,-1117.1623453139327,416.464039365761,238.5607383735478,left_blink
1761185173.6712787,-1596.4323945855722,-1148.9477550373413,382.7338816653937,238.82627127040178,left_blink
1761185173.6863656,-1523.7362192468718,-1080.7282399456017,393.60577083658427,297.2061095787212,left_blink
1761185173.6863656,-1536.05918960087,-1092.5500637055375,419.85238872561604,280.2793223792687,left_blink
1761185173.7019858,-1603.1305554062128,-1156.7678858446889,379.618545002304,221.89948407094926,left_blink
1761185173.7019858,-1565.3725254535675,-1107.8051156247966,394.83993782196194,270.3835470965132,left_blink
1761185173.7027824,-1548.7411903506145,-1095.9047539657913,443.395058946684,277.1976448157802,left_blink
1761185173.7027824,-1600.7594588343054,-1152.3959427964874,412.2753514153883,219.86123859509826,left_blink
1761185173.717118,-1580.4817212745547,-1136.6060851835646,364.11291978601366,246.1153362840414,left_blink
1761185173.717118,-1520.0150187909603,-1079.5277320598252,423.1360208867118,300.0259941453114,left_blink
1761185173.7177768,-1567.2387355314568,-1123.0115488446318,416.83802936133,249.05115774925798,left_blink
1761185173.7177768,-1601.185807429254,-1164.1803675568663,372.3593991883099,212.73672917950898,left_blink
1761185173.7313015,-1526.0175582198426,-1084.7074934984557,420.4657323183492,289.393458571285,left_blink
1761185173.7313015,-1555.0466616759077,-1102.67397288559,421.0566365113482,259.48173872567713,left_blink
1761185173.7628393,-1592.8084315285087,-1152.0668316003866,407.346163273789,226.54443981591612,left_blink
1761185173.7628393,-1556.4005054598674,-1113.7926954538561,372.3556592883542,273.2333508627489,left_blink
1761185173.7634313,-1519.3268771991134,-1081.4799598366953,433.6413998622447,288.802554378286,left_blink
1761185173.7634313,-1585.8858767105266,-1156.1956811514683,387.446155609563,219.70790269691497,left_blink
1761185173.7641735,-1566.9432834349573,-1129.556373767089,387.05346611421555,261.8378756977618,left_blink
1761185173.7641735,-1524.24110574089,-1083.4471472133882,438.9557976992801,307.9994608508423,left_blink
1761185173.776294,-1557.032548552379,-1135.5663929958828,419.5307573294267,240.49800655059516,left_blink
1761185173.776294,-1584.2216212302446,-1162.51985197654,368.5895800329745,227.329818806611,left_blink
1761185173.79201,-1530.3259229687974,-1082.7103869221173,410.02393164206296,301.37983792927116,left_blink
1761185173.79201,-1536.2237451989204,-1105.2470240551047,424.07847567554563,263.6068483768031,left_blink
1761185173.792863,-1591.9744338383898,-1185.0303098098375,393.4935738379136,209.41569801885635,left_blink
1761185173.792863,-1547.0395358707756,-1114.626693143975,396.02548610791564,272.8257017675787,left_blink
1761185173.8063817,-1528.328816392459,-1096.4246000596322,425.3537815604359,277.3547206139192,left_blink
1761185173.8063817,-1562.5115019874647,-1147.0179666602053,394.3761902274564,208.68641752749681,left_blink
1761185173.821992,-1579.7487008832395,-1140.4320028382353,380.0037546977401,232.9995071394369,left_blink
1761185173.821992,-1521.5446378728375,-1088.4137343545444,436.73803702555597,293.253035325557,left_blink
1761185173.822754,-1553.7937951907516,-1143.6520567000844,419.6018154285848,226.87729091197252,left_blink
1761185173.822754,-1588.3205515816808,-1166.7571586263366,372.0340278921649,217.1759904269129,left_blink
1761185173.8371935,-1528.497111890465,-1088.6867470513098,422.9752051886171,284.90183872450143,left_blink
1761185173.8371935,-1539.316642462276,-1126.0932264081202,422.07762919925153,233.20894153695554,left_blink
1761185173.8378325,-1588.256973282434,-1171.1702405740507,375.1867635548115,203.5403151884675,left_blink
1761185173.8378325,-1559.5195820229128,-1116.1002137265168,388.6354437954724,257.61552864778787,left_blink
1761185173.8513644,-1535.8871542029083,-1101.3575281011872,434.1313267564401,260.6373678119853,left_blink
1761185173.8513644,-1587.4902937915176,-1169.8425760897808,379.56618640292436,192.07752182427794,left_blink
1761185173.8670907,-1558.8688394306228,-1132.1369047365151,366.6223926562816,237.4873870862648,left_blink
1761185173.8670907,-1500.8106325184926,-1067.567532001529,430.2829697020352,308.003200750798,left_blink
1761185173.867838,-1554.8895858777687,-1131.8938112393953,411.4974522246048,229.2558672837913,left_blink
1761185173.867838,-1586.7123946007341,-1152.1678088991903,384.8469251403585,221.31979957781732,left_blink
1761185173.881472,-1509.2889857180417,-1079.770825556945,435.2121578436345,304.1398840965703,left_blink
1761185173.881472,-1522.333756763488,-1101.7240382968448,443.5109958453104,265.0167906600982,left_blink
1761185173.8969972,-1594.300651610829,-1157.5906638349406,382.1841163719073,207.14931864570826,left_blink
1761185173.8969972,-1539.219405063428,-1108.9607447111048,383.2462479593232,271.99544397741556,left_blink
1761185173.8978505,-1503.0470926919952,-1079.2958582625724,446.23738291300833,286.01258901134133,left_blink
1761185173.8978505,-1562.7957343840972,-1149.3404445326887,410.2296261396259,222.98779495805502,left_blink
1761185173.911388,-1558.0647609401494,-1140.435742738191,383.96056885086,253.16504770051688,left_blink
1761185173.911388,-1513.3056382704526,-1072.137689747382,437.12324672099203,313.3662172872573,left_blink
1761185173.9270155,-1555.6525254687294,-1137.7617142698728,417.5224310532212,242.73820662405342,left_blink
1761185173.9270155,-1566.3224600423127,-1143.1696096058004,389.2562671881169,230.30303927138448,left_blink
1761185173.9279451,-1526.2082931175828,-1096.6826531565748,405.73052649293095,276.1355132283643,left_blink
1761185173.9279451,-1529.3124100808054,-1112.8352810651995,433.252450266853,251.897221615538,left_blink
1761185173.9413471,-1567.7810210250318,-1157.2578127388842,394.02837953157723,203.63007278740406,left_blink
1761185173.9413471,-1533.9685855256394,-1116.0291556273587,398.3404841804877,254.91906077973545,left_blink
1761185173.956974,-1513.627269666642,-1093.6084553929977,432.11552068032324,262.6419541882351,left_blink
1761185173.956974,-1572.0781660741195,-1164.0083321589045,395.068071719259,207.0633009467274,left_blink
1761185173.9578004,-1566.535634339787,-1143.9362890967168,390.1875022770837,236.13354330230504,left_blink
1761185173.9578004,-1510.3024986060336,-1093.8739882898517,428.6187142217532,286.63341240398586,left_blink
1761185173.9714077,-1547.4958036653697,-1140.2001290409826,408.1165826646611,216.39061143621802,left_blink
1761185173.9714077,-1582.938835545443,-1174.1995595381595,371.45060349907726,199.542362135835,left_blink
1761185173.9869769,-1525.7744647227228,-1098.8704946306534,411.9350205194205,270.91835279017687,left_blink
1761185173.9869769,-1534.8437221152708,-1109.0205831103958,425.1630466626957,249.72059984132648,left_blink
1761185173.9878008,-1580.960428468883,-1162.3216372788884,394.5669251251966,202.69509779848158,left_blink
1761185173.9878008,-1529.4919252786785,-1114.5144961453043,393.6730890357867,263.36749477963895,left_blink
1761185174.002158,-1526.7580584110692,-1101.660459997598,439.9206918878481,263.0122042838484,left_blink
1761185174.002158,-1584.1131641315296,-1161.8616295843385,396.9305418971926,204.14617898128927,left_blink
1761185174.002864,-1541.0426062918268,-1121.1060698172078,390.6157208220102,250.24044593516737,left_blink
1761185174.016368,-1512.817581326235,-1096.7742807054892,425.06019941391423,263.053343183361,left_blink
1761185174.016368,-1570.804730139207,-1169.7584283407778,409.34887970006093,190.43196584377438,left_blink
1761185174.032002,-1582.1291472050361,-1170.756981628947,352.0685719787143,195.51448988355696,left_blink
1761185174.032002,-1509.418012266513,-1084.679444248788,412.12762536713853,278.18871830403805,left_blink
1761185174.0327272,-1532.3286393950693,-1116.6705484697595,418.9866018858738,235.86053060553968,left_blink
1761185174.0327272,-1590.9927101000212,-1171.37032522168,371.6020694472827,188.32640216872096,left_blink
1761185174.0463607,-1541.3604977880605,-1128.0809832345694,393.51414328766987,255.3080103751272,left_blink
1761185174.0463607,-1516.7781353793107,-1101.3556581512094,448.36351603781804,266.27339704521,left_blink
1761185174.0620108,-1570.8458690387197,-1168.1465314598754,398.8397608245723,197.5415156595409,left_blink
1761185174.0620108,-1564.716173011344,-1157.839367181994,370.0013922662474,221.5479334751144,left_blink
1761185174.0627775,-1494.6229680418037,-1091.2915873704478,438.90530904987827,290.1750976620242,left_blink
1761185174.0627775,-1540.2422677013092,-1128.4400136303157,425.60996470740065,232.7003151429817,left_blink
1761185174.0763235,-1570.3746416443028,-1165.6108792899176,378.47600556584075,216.37191193643957,left_blink
1761185174.0763235,-1523.3977583008818,-1105.8323183981702,397.81502823671326,264.99809116031975,left_blink
1761185174.0920365,-1540.6873157960363,-1117.4260082608089,422.7040624418296,250.96224662661552,left_blink
1761185174.0920365,-1569.540643954184,-1157.622452984564,382.32436262024567,209.59895311668515,left_blink
1761185174.0927427,-1512.9335182248615,-1105.761260299012,394.1686257799156,271.04176948871464,left_blink
1761185174.0927427,-1523.5623138989322,-1115.144669287838,438.9015691499226,247.8543897634372,left_blink
1761185174.1063874,-1570.9767655371688,-1169.3432994456962,393.9367519826628,193.65949950553477,left_blink
1761185174.1063874,-1558.4892395851202,-1141.787716572173,364.3391837333329,237.19941478967667,left_blink
1761185174.1219738,-1492.1658537709154,-1074.514396169223,433.43009551474825,290.0629006633535,left_blink
1761185174.1219738,-1548.8589971992187,-1159.5073625622317,406.5065557337366,206.70801045093685,left_blink
1761185174.122746,-1561.664414647501,-1153.1270932378247,396.88753304770216,218.23064221441746,left_blink
1761185174.122746,-1518.8874389543198,-1108.0276396721601,420.4863017681055,263.3749745795503,left_blink
1761185174.1363254,-1538.8846840173937,-1124.0157119827345,416.30509361764416,227.9992608986795,left_blink
1761185174.1363254,-1576.848408467602,-1177.159690353088,376.84914908511564,192.99005741346627,left_blink
1761185174.152036,-1527.485468952451,-1128.2941575320438,400.38059960631654,260.02776411920786,left_blink
1761185174.152036,-1518.5059691588394,-1113.155042511411,440.8276176271029,263.9770984724164,left_blink
1761185174.1527288,-1551.918235362973,-1163.8194672111422,417.04933370882645,204.25837597995996,left_blink
1761185174.1527288,-1529.015088034328,-1116.7042075693607,392.197698503267,260.46907231397927,left_blink
1761185174.1663313,-1496.320882621687,-1090.794180676341,439.39523594407365,295.64657129719853,left_blink
1761185174.1663313,-1543.7128948601894,-1155.8684399053454,406.97030332824215,221.6189915742725,left_blink
1761185174.1819437,-1534.2434681723826,-1144.0952348448336,394.9465249706991,226.0283336220309,left_blink
1761185174.1819437,-1507.4096859903075,-1121.9064084077254,420.0412536733784,284.25857593212277,left_blink
1761185174.1827524,-1500.045822977554,-1102.7244615349919,443.66246179351583,273.85043435543776,left_blink
1761185174.1827524,-1551.7088009654544,-1206.2710716081783,397.07452804548666,189.56056915409863,left_blink
1761185174.1963108,-1493.990924949292,-1159.698097459972,409.7640085951425,284.29971483163536,left_blink
1761185174.1963108,-1473.8702631876804,-1087.4357505161315,462.7845702669583,304.98136158660054,left_blink
1761185174.2121143,-1576.620274570305,-1221.8963736230507,399.3147281189449,190.08415514789522,left_blink
1761185174.2121143,-1552.4418213567697,-1140.1309408918023,402.9162517762743,227.5130739044398,left_blink
1761185174.2127976,-1470.7960654241033,-1078.059821327217,448.5318115358241,288.71279677934945,left_blink
1761185174.2127976,-1533.76850087801,-1187.8483244264498,407.5911267208867,193.8315349034965,left_blink
1761185174.2263627,-1549.4985200916417,-1223.3362351059914,369.84805636806414,176.3811617102474,left_blink
1761185174.2263627,-1470.8858230230398,-1136.903407230042,426.5860785958357,282.22781025618315,left_blink
1761185174.242179,-1456.6929026911967,-1271.5809445343912,469.5014305873774,225.0297803338617,left_blink
1761185174.242179,-1528.0090549462475,-1325.1998901991174,399.0566750220023,191.8344283271581,left_blink
1761185174.2428648,-1511.467477442231,-1065.6807524738833,401.41281199408695,252.4133278094232,left_blink
1761185174.2428648,-1507.5555420885794,-1104.3363584158942,425.5463864081539,236.4065559990704,left_blink
1761185174.2563725,-1491.3692550803535,-1346.6407366450876,423.8035930288024,172.80581735260785,left_blink
1761185174.2563725,-1551.9369348627515,-1096.2058159122244,380.9705188362859,198.685925045982,left_blink
1761185174.2720373,-1465.2834528894164,-1104.1718028178439,433.5647319131531,239.2638395652175,left_blink
1761185174.2720373,-1472.4191820048727,-1162.5778204258531,430.7336276466958,163.84127715881914,left_blink
1761185174.2727787,-1399.281698471401,-1250.2261157874018,412.954143257346,189.459591855295,left_blink
1761185174.2727787,-1407.939566868823,-1090.7904407763854,428.86741756880656,214.135451762937,left_blink
1761185174.2862988,-1404.0351113150828,-1157.2035841895267,450.73087270976976,171.09294317290187,left_blink
1761185174.2862988,-1415.4268465801142,-1241.3438533926383,423.3398454342969,131.14333184622228,left_blink
1761185174.3020053,-1339.701352277305,-990.9351119594648,432.57365842489526,168.01500550936908,left_blink
1761185174.3020053,-1268.422599021811,-1193.4619142599404,490.15689804265276,179.4516195738688,left_blink
1761185174.3028033,-1376.8871775367297,-1140.097281792201,415.8563056229614,105.11736805457622,left_blink
1761185174.3028033,-1378.3158193198033,-1126.0614372584969,401.11361999763176,113.59572125412524,left_blink
1761185174.316348,-1295.922083395999,-1049.1279552699998,461.1352743864991,176.12684851326048,left_blink
1761185174.316348,-1212.0323874899186,-1157.3120412882417,475.2907957187854,130.79178125038743,left_blink
1761185174.3320844,-1391.4241686644964,-1100.6450771596283,384.81513599073514,79.9291418530047,left_blink
1761185174.3320844,-1266.492810644675,-1062.5691557107493,445.2593990745954,160.0415388038382,left_blink
1761185174.3328683,-1260.3518949174322,-1063.489171099849,468.26352370204404,123.64857233501971,left_blink
1761185174.3328683,-1300.9522488364018,-1194.370709949173,413.5562671502121,67.90536349546164,left_blink
1761185174.3463476,-1270.3598671988584,-1008.9838691456243,434.0770982070826,174.8291032286361,left_blink
1761185174.3463476,-1251.020844527986,-1054.8350426023826,450.5326580121182,119.65809908229858,left_blink
1761185174.3620913,-1270.715157694649,-1122.901221795939,411.15899127861485,71.69762205053121,left_blink
1761185174.3620913,-1267.506323532667,-1087.2038767188787,413.7357823480852,137.55726027023047,left_blink
1761185174.3627863,-1236.9849999942817,-1069.1999983321875,456.6025156402029,172.1924737598747,left_blink
1761185174.3627863,-1271.3883396866731,-1088.3146270057186,416.05452032061294,88.4112349525094,left_blink
1761185174.3763263,-1303.9628683007322,-1113.4841537075117,396.3639470539056,118.9811771903187,left_blink
1761185174.3763263,-1313.9858001819812,-1025.981714444235,409.33766000019386,141.19618292711675,left_blink
1761185174.3920777,-1265.1352269607596,-1093.79732034076,436.930641873274,111.87162737455219,left_blink
1761185174.3920777,-1320.8559964005835,-1146.0250232219696,399.0267558223568,91.34705641772598,left_blink
1761185174.392748,-1308.9967736410908,-1045.279598215595,389.2394376383163,124.41899172589183,left_blink
1761185174.392748,-1287.1071392004378,-1043.637782135047,432.6634160238318,164.38730255234987,left_blink
1761185174.4226623,-1297.2684473800473,-1156.766015894711,414.9961286331527,128.1701113814488,left_blink
1761185174.4226623,-1299.104738258291,-1110.8437843387946,389.3815538366325,144.31899939011782,left_blink
1761185174.4233944,-1314.288732078392,-1000.2474628491327,424.9966211146675,172.61134255491197,left_blink
1761185174.4233944,-1335.0788359320723,-1093.894557739608,425.1162979132496,122.47798364888877,left_blink
1761185174.4241767,-1340.8195823640563,-1118.933187942952,389.37781393667683,129.70347036328167,left_blink
1761185174.4241767,-1290.2972738626413,-1082.0353349801153,429.65279655950144,190.33846834488213,left_blink
1761185174.4363616,-1319.6891476144083,-1119.0341652417555,423.08553223730996,153.06288548652083,left_blink
1761185174.4363616,-1360.6597516289912,-1117.111856664531,391.85362770734355,146.1403306685388,left_blink
1761185174.4520233,-1331.765284571331,-1060.100821739994,404.7600224544294,196.38214667327702,left_blink
1761185174.4520233,-1323.1074161739089,-1092.338759358041,444.36556298518553,173.25460534729064,left_blink
1761185174.4529676,-1348.6322333714925,-1159.009955868125,391.70403170911595,118.97369739040732,left_blink
1761185174.4529676,-1407.2850843765773,-1099.08179897815,383.6782064042054,174.09234293736517,left_blink
1761185174.466322,-1334.0989821436815,-1034.1122569479048,426.6234775953926,212.62827208079398,left_blink
1761185174.466322,-1379.7968197022565,-1165.016235196963,411.4432236752473,141.6262714220211,left_blink
1761185174.4819643,-1401.8098708414473,-1131.0392440995201,370.6783141582273,137.84897246677428,left_blink
1761185174.4819643,-1339.9369659745134,-1066.7989825606346,416.656644213479,213.0658403756097,left_blink
1761185174.482726,-1372.7321486859582,-1077.0799675388262,424.09530522534624,174.57479003164917,left_blink
1761185174.482726,-1420.2213983233087,-1141.6642998736352,373.77121142158285,138.8063868554309,left_blink
1761185174.4964995,-1362.810194103513,-1067.808755548671,392.89331989502534,225.15693693235517,left_blink
1761185174.4964995,-1342.7979894406162,-1065.6695327740163,433.81904511014,212.89006507769227,left_blink
1761185174.5120049,-1433.774795762729,-1129.4273472186178,388.67097284505144,138.05092706438154,left_blink
1761185174.5120049,-1405.044884303119,-1118.1702483519912,376.5349974888377,198.81308164447546,left_blink
1761185174.5127645,-1363.9134645904414,-1065.1347270803526,423.9681486268528,240.62142324913293,left_blink
1761185174.5127645,-1429.2457769163884,-1104.0184669196606,402.19819098478183,166.36944952886552,left_blink
1761185174.5264332,-1442.5486010587774,-1128.3652156312019,362.5328120547347,158.93452841695398,left_blink
1761185174.5264332,-1398.3916022819467,-1080.5131956981495,389.6096877339296,226.75761411339045,left_blink
1761185174.5420263,-1403.4853460215963,-1100.588978660293,411.6863171723671,206.80898774974048,left_blink
1761185174.5420263,-1455.361498306971,-1136.5256773345172,371.0784834534861,172.51410515606403,left_blink
1761185174.5427632,-1436.1421524346806,-1099.0743191782385,366.5345050073229,228.34707159455866,left_blink
1761185174.5427632,-1394.0233991337009,-1081.062960991636,425.27711361134425,218.5148746110499,left_blink
1761185174.556276,-1477.0491781500168,-1139.7756503960118,375.9029543963261,159.20754111371934,left_blink
1761185174.556276,-1469.5020600394346,-1110.092064447701,367.9743664902635,209.88692541327327,left_blink
1761185174.5720665,-1413.4372198036872,-1063.635027198121,399.77847571345046,254.3431161865592,left_blink
1761185174.5720665,-1454.1834298209287,-1152.2519566481933,399.45310441730544,198.92153874319047,left_blink
1761185174.5726905,-1477.3446302465163,-1113.6711487052962,363.25087284622714,199.9051324315369,left_blink
1761185174.5726905,-1417.0985818603076,-1129.5395442172885,393.5029235878028,250.01979183778167,left_blink
1761185174.5863276,-1475.9234682633542,-1089.2047231951728,407.14981852611527,201.25149641558528,left_blink
1761185174.5863276,-1511.0411288472824,-1106.8794903857633,360.4085488799028,178.64754108339548,left_blink
1761185174.6020463,-1447.208516403567,-1083.9015450580046,375.32700980314985,242.64844902511686,left_blink
1761185174.6020463,-1445.6227988223545,-1099.5492864726111,411.75737527152523,241.17118854261935,left_blink
1761185174.6027448,-1518.7116636564024,-1149.2338573839515,370.7456323574297,166.39562882855535,left_blink
1761185174.6027448,-1483.7211596709676,-1117.6466623581946,378.5657631647773,211.9176910892129,left_blink
1761185174.6163893,-1421.410686509218,-1045.2683785157278,419.4316499806009,277.6127737108618,left_blink
1761185174.6163893,-1479.8054844173603,-1128.3951348308474,383.96617870079353,207.9085183367133,left_blink
1761185174.6320035,-1500.0121638779528,-1122.5197520004585,347.19548233645037,195.1330200880766,left_blink
1761185174.6320035,-1455.4961347053759,-1081.8558197822422,375.4878255012445,241.72843363601714,left_blink
1761185174.632697,-1478.638635631185,-1121.1210294170305,399.8046550131403,195.87726017925888,left_blink
1761185174.632697,-1533.8432988771237,-1142.6852925615385,359.27535919332877,176.05205051414669,left_blink
1761185174.6463275,-1477.5278853443451,-1084.8552195467055,371.65068814670667,247.43552096839994,left_blink
1761185174.6463275,-1462.2017753259279,-1080.1392057025805,405.93809094047174,237.86137708183378,left_blink
1761185174.6620708,-1511.516096141655,-1156.2611294006929,369.87797556770965,178.46054608561099,left_blink
1761185174.6620708,-1481.9147879923694,-1085.150671643205,366.4185681086965,249.38774874527007,left_blink
1761185174.6627593,-1456.8424986894242,-1054.5919491052628,406.9216846288182,281.77902226150036,left_blink
1761185174.6627593,-1508.6401130757295,-1118.087970552966,397.179245244246,223.71707544941455,left_blink
1761185174.6763723,-1529.751848325599,-1102.1260775420815,360.39358928008005,216.16995733883232,left_blink
1761185174.6763723,-1469.3674236410297,-1042.4634535489604,385.70149228023365,283.44327774178237,left_blink
1761185174.6920831,-1494.099382048007,-1085.1581514431164,401.5437084925361,236.4813539981842,left_blink
1761185174.6920831,-1534.3631449709646,-1125.13020216953,377.4512729779817,217.8117734193802,left_blink
1761185174.692752,-1485.2283393531106,-1087.1739575192332,382.3505419199355,283.07676754612476,left_blink
1761185174.692752,-1460.294426348526,-1077.539975233376,417.0979524082504,266.84186183847487,left_blink
1761185174.706354,-1545.3322715410031,-1117.665361857973,381.62500132853165,201.4646707130596,left_blink
1761185174.706354,-1516.9838298768736,-1087.0991595201194,362.4542741556652,265.9704651487991,left_blink
1761185174.7219996,-1469.5469388389029,-1046.5474243005738,413.593666149769,297.6661172732711,left_blink
1761185174.7219996,-1513.0681546232663,-1111.1841152347624,404.00082276342437,238.9235086692497,left_blink
1761185174.7227108,-1550.568131478969,-1129.8424761136994,347.3749975343235,231.91119625233114,left_blink
1761185174.7227108,-1496.1787664233707,-1052.5125647298992,404.3635930591263,299.6557440496981,left_blink
1761185174.7363064,-1518.2853150614537,-1090.468809380196,416.82119981152937,245.58053059037775,left_blink
1761185174.7363064,-1540.1899091019295,-1117.642922458239,366.50832570763305,237.91373568121344,left_blink
1761185174.752059,-1532.3585585947149,-1088.9578897980973,372.080776641611,256.1607075650245,left_blink
1761185174.752059,-1505.0124101187102,-1074.3348809713498,414.3603456406854,275.03972254134715,left_blink
1761185174.7527575,-1566.9376735850237,-1129.8611756134778,380.6788066397421,220.4745821878314,left_blink
1761185174.7527575,-1552.1762884599157,-1111.4870471311733,358.0112730083056,238.50089997425675,left_blink
1761185174.7663693,-1520.1328256395645,-1068.1416066447273,401.12109979754314,261.18713310547173,left_blink
1761185174.7663693,-1571.2983969333582,-1119.8831225316972,387.11517446348444,203.86194658465683,left_blink
1761185174.7821107,-1591.8080082903616,-1129.1206754222512,346.79531304119155,199.89765263162553,left_blink
1761185174.7821107,-1523.2182431030087,-1062.4382592123002,397.22038414375857,286.8690261011943,left_blink
1761185174.7828283,-1553.1449225484394,-1098.1917027886957,392.8447011956014,223.6235779505223,left_blink
1761185174.7828283,-1601.5429678750224,-1129.0944961225614,356.0328659317456,205.74685616232455,left_blink
1761185174.796356,-1540.4816212984733,-1072.0348424986005,382.0139509239234,254.73954558186233,left_blink
1761185174.796356,-1537.0670926389284,-1067.326308454387,401.25947609590366,260.76826431043446,left_blink
1761185174.8120303,-1577.7385046570562,-1121.7568124094978,383.9736585007049,222.78584036044776,left_blink
1761185174.8120303,-1541.0912249912508,-1079.5408217096701,398.4358516293578,291.41674444731325,left_blink
1761185174.812876,-1504.4551650253125,-1049.0568971708417,417.42706360435113,303.27970710676163,left_blink
1761185174.812876,-1568.8973811618052,-1108.8279782626778,387.03663656441495,229.6971754785627,left_blink
1761185174.826382,-1572.3904477204196,-1123.0358581943437,364.3728428329341,239.54433206189424,left_blink
1761185174.826382,-1535.9301630523987,-1052.5163046298549,401.9214383880608,289.56175406929106,left_blink
1761185174.8421152,-1557.1840145005845,-1088.0266547091305,411.82095357077196,237.25551328901201,left_blink
1761185174.8421152,-1605.5484007275663,-1142.5169970635325,363.0339586487971,198.15485925227404,left_blink
1761185174.8428757,-1561.0510710547678,-1081.8857389818877,399.04919522209093,270.506963795051,left_blink
1761185174.8428757,-1544.3187586530112,-1084.185777454637,414.93629023386165,245.45711389183998,left_blink
1761185174.8563464,-1603.6148724504746,-1161.7139035360888,362.2597993579693,198.60738714691252,left_blink
1761185174.8563464,-1575.0607362887822,-1119.8270240323618,354.75382014689967,235.8493109056726,left_blink
1761185174.8720455,-1547.673448913265,-1057.6212680693716,414.8016538354568,260.9402997083962,left_blink
1761185174.8720455,-1592.7355034793727,-1136.9333264296874,380.8284026379697,181.59084234852344,left_blink
1761185174.872831,-1600.4845761875622,-1136.8360890308395,364.09609023621306,212.71802967973053,left_blink
1761185174.872831,-1545.7361807362176,-1081.1153195910156,400.6236931034364,280.58973407559097,left_blink
1761185174.8862393,-1571.795803627465,-1100.0354734668508,416.75388161232695,244.23416660632938,left_blink
1761185174.8862393,-1600.6491317856126,-1131.353395695798,367.3460632977076,208.30120783206075,left_blink
1761185174.9019969,-1546.371963728685,-1083.3256004648283,379.3848012550734,273.5662019588053,left_blink
1761185174.9019969,-1546.7833527238108,-1082.2298097778112,410.8336199824698,247.40560176875442,left_blink
1761185174.9028273,-1603.3530794535764,-1145.6136342268437,372.1219155411236,200.48481692466885,left_blink
1761185174.9028273,-1579.223244939465,-1106.5316796898842,375.3868482024409,247.10640977229923,left_blink
1761185174.9163282,-1541.8092857827432,-1057.5128109706566,424.78718671714887,279.89785258378834,left_blink
1761185174.9163282,-1593.5208824700676,-1131.5216911938041,387.74347765604034,215.29482074920088,left_blink
1761185174.9321485,-1585.337981367018,-1123.6978204865009,358.6358363009058,235.38182341121137,left_blink
1761185174.9321485,-1539.9094166052528,-1079.952210704796,397.92722523538396,282.2352900560945,left_blink
1761185174.9327862,-1556.525792108383,-1091.1906100716442,408.8514730059542,257.0919426539913,left_blink
1761185174.9327862,-1608.5814595916308,-1135.5794826457277,361.43328146776184,224.65579033829272,left_blink
1761185174.9463537,-1558.021752090659,-1072.8538805888966,398.2488566315733,285.82559401355684,left_blink
1761185174.9463537,-1532.6652303910814,-1063.8070625960827,417.90577079867944,283.0992069458589,left_blink
1761185174.9622304,-1595.4656304470263,-1135.4111871477216,369.47406637249514,214.66651755664498,left_blink
1761185174.9622304,-1572.3306093211286,-1099.9045769684017,367.39468199713156,267.9750515250489,left_blink
1761185174.9627776,-1537.1830295375548,-1058.7881168555468,427.42007628595456,290.01054206397384,left_blink
1761185174.9627776,-1580.3302553263493,-1111.2888324335217,401.55492819240317,243.94993420969695,left_blink
1761185174.9763205,-1596.7259767320938,-1125.7024068627506,348.1379371252842,239.1890415661037,left_blink
1761185174.9763205,-1532.4258767939173,-1061.4172665243968,400.8480871007778,309.72729463037103,left_blink
1761185174.9923515,-1554.438927933108,-1096.7705408055335,417.3597454051487,260.81314310990274,left_blink
1761185174.9923515,-1605.3763653296046,-1141.2005522791296,376.2245857925154,221.64143097400665,left_blink
1761185174.9927948,-1559.1773811769672,-1080.6702714962885,396.59208095120266,274.0598687529564,left_blink
1761185174.9927948,-1543.5558190620504,-1075.6027070563287,418.9192836866714,274.25808345060796,left_blink
1761185175.0070724,-1579.043729741592,-1136.8921875301749,370.76433185720816,222.95039595849812,left_blink
1761185175.0070724,-1568.1269617709331,-1103.4163430267945,375.17741380492225,259.6799534233287,left_blink
1761185175.007848,-1528.3923946917057,-1074.6621222174726,423.8578215781599,282.422285053879,left_blink
1761185175.0213268,-1585.470747815445,-1131.6394980424084,397.54014558997005,228.6238241912797,left_blink
1761185175.0213268,-1604.7910709865391,-1139.2464545522816,361.89141921233386,233.61285073217005,left_blink
1761185175.0370696,-1534.1032219240442,-1083.2863315152936,397.21477429382503,285.79193491395563,left_blink
1761185175.0370696,-1567.5304477280006,-1115.1278397380374,397.6785218883306,236.61225049663335,left_blink
1761185175.03783,-1606.4628062667325,-1160.504045900423,363.34624029509723,209.73358951509,left_blink
1761185175.03783,-1555.8470002664253,-1089.636681640055,382.9994145622477,275.1294801402837,left_blink
1761185175.051343,-1549.9379583364353,-1093.0287708998658,418.3078100439161,258.7861173339188,left_blink
1761185175.051343,-1589.3864230690524,-1121.7474626596086,383.26868735905737,231.67932245507836,left_blink
1761185175.0670488,-1558.3078544372693,-1091.1139421225525,386.1147512253374,264.126694470644,left_blink
1761185175.0670488,-1526.3279699161649,-1059.6277243955992,421.84201550204307,296.1701572909951,left_blink
1761185175.0678103,-1583.4960806388408,-1129.1786438715644,402.80592472758144,231.12955716159195,left_blink
1761185175.0678103,-1576.764260718599,-1126.6168124019168,383.98674815054983,255.29305077530444,left_blink
1761185175.081369,-1543.5913481116295,-1079.1238228646107,409.72847954556346,301.0731661329046,left_blink
1761185175.081369,-1552.993456600234,-1112.0312025747262,406.36630948539823,250.09084993693978,left_blink
1761185175.0970516,-1593.3320175223053,-1145.2564737810753,365.2947281720117,219.11325860396028,left_blink
1761185175.0970516,-1556.2883084611967,-1101.0545962047763,377.71493592485785,270.26387029793113,left_blink
1761185175.097814,-1553.7339567914605,-1092.785677402746,425.5669558579102,269.1269407114014,left_blink
1761185175.097814,-1599.293418051675,-1173.9452463411726,386.08483202569187,203.85820668470114,left_blink
1761185175.1113803,-1578.9782814923674,-1140.4581821379252,376.49946843925864,242.6297495253384,left_blink
1761185175.1113803,-1520.0823369901627,-1080.1896943519823,421.40444720722735,300.2877871422097,left_blink
1761185175.126997,-1571.7602745778859,-1141.6811294234358,391.31321216374636,228.76594038959593,left_blink
1761185175.126997,-1585.79611911159,-1153.4318950842135,371.0691337035969,238.9646475687623,left_blink
1761185175.1279125,-1540.6480468465015,-1083.0469779181294,399.60831026546657,293.2118964260444,left_blink
1761185175.1279125,-1536.7548109926283,-1091.7684246147983,424.4936045706272,275.7203843332827,left_blink
1761185175.1413808,-1590.5644915550947,-1144.3588977917098,370.9531968049705,225.3327122302726,left_blink
1761185175.1413808,-1546.5907478760928,-1085.13758199336,383.4444626569748,289.6926505677402,left_blink
1761185175.156993,-1541.9383123312145,-1088.7989440499805,420.32361612003297,271.8271484794095,left_blink
1761185175.156993,-1581.1137643670663,-1150.9261621139012,383.0255938619375,215.83336634282023,left_blink
1761185175.1577992,-1574.037873650901,-1118.2880552005954,372.0751667916775,248.81554405204952,left_blink
1761185175.1577992,-1538.508824071847,-1097.8831610423513,407.2227465752512,274.3590607494116,left_blink
1761185175.1714125,-1569.7482084017247,-1128.7448154767044,392.8241317458451,233.80732552986592,left_blink
1761185175.1714125,-1601.4102014265954,-1158.8547500199638,359.4642241410911,218.76544790808111,left_blink
1761185175.1869764,-1552.1407594103366,-1104.6860390617512,406.9684333782643,270.55558249447495,left_blink
1761185175.1869764,-1568.2223292198032,-1118.714403795544,401.4184218440205,237.90999578125775,left_blink
1761185175.1878371,-1606.6049224650487,-1160.0926569052972,345.933266101405,200.77278922125697,left_blink
1761185175.1878371,-1549.3657536432147,-1098.6087016337551,387.60697130765766,277.8783066077158,left_blink
1761185175.2014155,-1544.4964039009064,-1102.782429984305,416.6772136632353,261.32924930378795,left_blink
1761185175.2014155,-1616.5530563471839,-1174.9213602296077,371.75353539548814,188.44981886725873,left_blink
1761185175.216993,-1567.2536951312795,-1125.072233720217,374.3714653644711,240.2212539538741,left_blink
1761185175.216993,-1539.8364885561168,-1094.1021221871488,418.8575753374025,272.7696032682434,left_blink
1761185175.2178607,-1584.1767424307764,-1133.8722183159553,382.1167981727049,219.18805660307407,left_blink
1761185175.2178607,-1600.4079082384706,-1151.677882004995,359.82325453683734,217.46396272350103,left_blink
1761185175.2313962,-1517.2474928237498,-1067.4628148027696,418.3003302440047,304.64103069063276,left_blink
1761185175.2313962,-1563.8017674721777,-1130.7007831535302,409.9715730426833,231.8102189535275,left_blink
1761185175.2469995,-1597.8236373690888,-1163.0546576702036,356.26286977902055,196.3522274736315,left_blink
1761185175.2469995,-1547.817435061559,-1097.3520952486433,392.6595761477947,282.5344820525497,left_blink
1761185175.247713,-1533.7965501276776,-1086.4465469778515,426.48697124700993,279.07881449349225,left_blink
1761185175.247713,-1575.5375735331327,-1128.2025299831294,385.13115753699094,229.21098848432302,left_blink
1761185175.2613485,-1555.0990202752873,-1107.6293403268792,388.3250320991501,275.3538741376251,left_blink
1761185175.2613485,-1518.6836144067347,-1078.3571433736943,429.03010321687907,288.52954168152064,left_blink
1761185175.27719,-1572.1641837731004,-1118.8939189934172,401.9233083380386,246.10411658417434,left_blink
1761185175.27719,-1566.7562884371728,-1118.8340805941261,380.72555538918823,269.17929931078106,left_blink
1761185175.2777903,-1520.5273850848898,-1079.0789440651424,415.84321597311646,301.27886063046753,left_blink
1761185175.2777903,-1552.0771811110899,-1114.2452233484946,410.3380832383409,221.95184267032892,left_blink
1761185175.2913632,-1599.0615442544222,-1163.484746165108,363.8473868891597,206.14702545758337,left_blink
1761185175.2913632,-1546.624406975694,-1095.388647771906,380.90133068710566,274.56101534701884,left_blink
1761185175.3069727,-1546.5421291766688,-1095.7813372672535,416.8268096614629,265.0803689593449,left_blink
1761185175.3069727,-1609.70155962836,-1162.2206599800847,375.6318116495386,203.14388579316437,left_blink
1761185175.3077474,-1543.4716713130474,-1095.4671856709756,393.1495030419901,284.3146744314581,left_blink
1761185175.3077474,-1531.1524408590049,-1084.1203292054124,435.133619944565,295.30250050127506,left_blink
1761185175.3212962,-1571.8649917766452,-1145.8099789745174,408.68878735788167,236.90396269317716,left_blink
1761185175.3212962,-1600.0600975425914,-1156.8314641439356,343.76786402706057,232.41234284639359,left_blink
1761185175.337044,-1525.5612904252484,-1077.7624992807396,421.0080178119242,311.2643935121596,left_blink
1761185175.337044,-1554.609093381092,-1114.4172587464564,425.2789835613221,243.97985340934247,left_blink
1761185175.3379335,-1604.080489994958,-1161.7307330858894,380.31790629401803,209.88692541327327,left_blink
1761185175.3379335,-1531.6909864526242,-1082.2466393276118,416.6098954640329,288.1069329865277,left_blink
1761185175.3513691,-1537.5364500833675,-1095.2128724739887,428.0652090283111,267.1634932346642,left_blink
1761185175.3513691,-1603.7738181985915,-1150.9373818137683,380.86019178759307,215.6201920453459,left_blink
1761185175.366967,-1566.8161268364638,-1113.770256054122,381.08832568489015,258.55050363671035,left_blink
1761185175.366967,-1513.9077621633187,-1067.107524306979,436.04241563379765,302.587825614959,left_blink
1761185175.3677654,-1572.21654237248,-1149.288085933309,409.47790624853224,227.7412078017369,left_blink
1761185175.3677654,-1576.7493011187762,-1126.9384437981062,385.8828774280846,254.17482068855315,left_blink
1761185175.381452,-1536.6800129935145,-1075.4475012081675,425.5706957578659,306.79895296506584,left_blink
1761185175.381452,-1555.1476389747113,-1115.2849155361764,423.2706572851166,246.60526317823678,left_blink
1761185175.3969407,-1571.7789740776643,-1135.3195595988072,385.05261963792145,236.45891459845006,left_blink
1761185175.3969407,-1536.1227679001167,-1096.499398058746,401.122969747521,276.6441396223381,left_blink
1761185175.3976705,-1543.6287471111864,-1101.7202983968891,414.7474252860993,262.5596763892099,left_blink
1761185175.3976705,-1584.2515404298902,-1159.1015834170394,387.9660017034039,213.52958797011524,left_blink
1761185175.41128,-1559.661698221229,-1123.6622914369218,396.4181756032631,268.9100265139714,left_blink
1761185175.41128,-1522.647908359766,-1081.012472342234,442.04495506267995,290.3920118594542,left_blink
1761185175.4269772,-1591.9445146387443,-1164.8423298490234,402.14770233538,205.77677536197007,left_blink
1761185175.4269772,-1589.3153649698943,-1137.757974369917,373.2195761781186,235.7819927064702,left_blink
1761185175.427686,-1532.3379891449586,-1081.9025685316883,413.2701648036018,289.3261403720826,left_blink
1761185175.427686,-1549.4966501416638,-1117.9290248048492,421.26233100891113,251.6391685185954,left_blink
1761185175.441322,-1574.206169148907,-1156.7005676454864,378.4479563161731,230.1422235732898,left_blink
1761185175.441322,-1547.6940183630213,-1112.0536419744603,403.9765134137124,269.2017387105152,left_blink
1761185175.457028,-1550.7457767268643,-1106.810302236583,422.9415460890159,244.76523240003735,left_blink
1761185175.457028,-1600.751979034394,-1168.103522610385,387.3040394112468,194.6505729937926,left_blink
1761185175.4577606,-1563.5437143752351,-1129.5152348675765,370.63156540878117,262.29414349235594,left_blink
1761185175.4577606,-1529.776157675311,-1098.0701560401358,429.6397069096565,281.023562470451,left_blink
1761185175.4712868,-1575.0850456384942,-1162.6657080748118,393.1046242425218,203.3570600906387,left_blink
1761185175.4712868,-1566.2626216430217,-1142.343091715593,388.09689820185304,256.94982645567507,left_blink
1761185175.4870477,-1525.0564039312303,-1103.5154503756203,413.4235007017851,282.6242396514863,left_blink
1761185175.4870477,-1557.1671849507838,-1143.6483168001287,412.92609400767833,226.5556595157832,left_blink
1761185175.4877439,-1594.0313788140193,-1168.948740000371,374.1769905667752,202.89331249613315,left_blink
1761185175.4877439,-1532.3155497452244,-1079.1350425644778,409.5302648479119,287.48984949383885,left_blink
1761185175.501477,-1517.9019753159955,-1095.3923876718618,436.77917592506856,271.67007268127054,left_blink
1761185175.501477,-1596.7689855815843,-1177.3971740002744,370.4333507111296,189.93455914966762,left_blink
1761185175.517086,-1568.5402207160369,-1131.366485345643,375.67295054905117,249.3802689453587,left_blink
1761185175.517086,-1510.672748701647,-1079.9428609549068,441.26331597194076,304.09126539714634,left_blink
1761185175.5177867,-1582.9687547450885,-1160.7882782970555,408.65886815823615,209.12398582231253,left_blink
1761185175.5177867,-1583.372663940303,-1152.7213140926324,366.6261325562373,216.3943513361737,left_blink
1761185175.5313373,-1521.454880273901,-1086.4615065776743,429.9762979056686,293.03986102808267,left_blink
1761185175.5313373,-1552.1257998105139,-1143.1209909063764,412.1893337164074,226.24898771941662,left_blink
1761185175.5471013,-1597.2252533761784,-1161.8728492842056,381.98216177430004,226.1854094201699,left_blink
1761185175.5471013,-1541.8784739319235,-1115.494349933695,411.62460882309824,279.2807690910995,left_blink
1761185175.5478468,-1539.1558267641813,-1099.7755504199304,428.9740047175437,264.2388914693147,left_blink
1761185175.5478468,-1598.5977966599166,-1171.6078088688664,384.1400840487331,183.1952594295144,left_blink
1761185175.5613608,-1545.1097474936396,-1125.7005369127728,392.69323524739593,257.91846054419875,left_blink
1761185175.5613608,-1537.7907632803544,-1092.2957505085506,439.3260477948934,278.97035739477724,left_blink
1761185175.5771177,-1574.6212980439886,-1132.5183745319955,418.51724444143474,236.68330859579146,left_blink
1761185175.5771177,-1580.0591125795618,-1138.3413987630047,382.98445496242493,253.88310849200934,left_blink
1761185175.577834,-1511.637642890215,-1077.818597780075,438.6940047023818,308.3958902461454,left_blink
1761185175.577834,-1537.3232757858932,-1110.6549193910323,417.62340835202485,243.09723701979965,left_blink
1761185175.591339,-1576.2631141245365,-1164.0532109583728,382.12053807266057,221.0692262807861,left_blink
1761185175.591339,-1515.8637298401445,-1086.6298020756803,427.0217769406736,302.74864131305367,left_blink
1761185175.607052,-1524.1476082419977,-1108.4969971165992,433.1402532681823,270.04321620054543,left_blink
1761185175.607052,-1575.8330256296322,-1161.6222759871744,403.6287027178332,226.08069222141057,left_blink
1761185175.6077733,-1561.797181095928,-1107.8462545243092,392.39030335098505,256.0559903662652,left_blink
1761185175.6077733,-1528.2465385934338,-1085.8481629849412,423.54740988183767,277.82220810838044,left_blink
1761185175.621287,-1576.8427986176684,-1152.665215593297,398.99122677277774,213.03592117596418,left_blink
1761185175.621287,-1575.0214673392475,-1148.1361967469566,382.4683487685397,226.75387421343476,left_blink
1761185175.6371162,-1524.4729795381427,-1090.818490026053,432.0108034815639,283.33108074311167,left_blink
1761185175.6371162,-1554.4183584833518,-1135.3868777980097,429.8641009069979,234.34961102344096,left_blink
1761185175.6378343,-1592.9355881270021,-1171.0730031752028,369.7713884189725,204.0639011822641,left_blink
1761185175.6378343,-1529.3273696806282,-1096.8696481543593,402.1589220352471,285.3917656186968,left_blink
1761185175.6513512,-1527.9810056965798,-1102.8759274831973,431.00477039348334,261.3180296039209,left_blink
1761185175.6513512,-1594.7531795054674,-1164.049471058417,391.21223486494273,205.22327016852796,left_blink
1761185175.6670997,-1560.5031757112592,-1134.6052387072705,381.02100748568773,252.32357021048665,left_blink
1761185175.6670997,-1524.5702169369906,-1097.8794211423956,437.33268111851066,280.9113654717803,left_blink
1761185175.6677926,-1569.381698206067,-1148.637343341019,410.13238874077797,225.89369722362608,left_blink
1761185175.6677926,-1587.0452456967905,-1155.9787669540383,370.7288028076291,229.97766797523946,left_blink
1761185175.6812725,-1519.5662307962775,-1083.305031015072,428.1213075276464,288.37620578333735,left_blink
1761185175.6812725,-1534.937219614163,-1117.943984404672,439.2923886952922,258.6402612356469,left_blink
1761185175.6971288,-1583.2492472417653,-1166.9067546245642,382.6254245666787,215.15644445084035,left_blink
1761185175.6971288,-1527.7079929998145,-1092.5949425050057,418.3078100439161,292.2806613370776,left_blink
1761185175.6978507,-1545.0985277937725,-1127.989355685655,431.45355838816613,266.9017002377659,left_blink
1761185175.6978507,-1581.9926408566535,-1169.1843536975794,400.5171059546992,219.04968030471355,left_blink
1761185175.7113101,-1537.035303489305,-1124.4364507277496,404.21212711092085,271.25494378618896,left_blink
1761185175.7113101,-1529.1328948829323,-1106.858920936007,436.3490874301642,267.15227353479713,left_blink
1761185175.727039,-1579.5579659854993,-1161.506339088548,402.7760055279359,211.6558980923146,left_blink
1761185175.727039,-1572.9009440643713,-1159.3633764139377,385.2283949358389,229.61489767953753,left_blink
1761185175.7277696,-1511.4843069920316,-1096.1328878630884,433.30480886623263,283.92946473602206,left_blink
1761185175.7277696,-1543.8681007083505,-1133.7263622176833,441.00526287499815,252.69756020605564,left_blink
1761185175.7414522,-1587.9764807857573,-1179.7869700719602,367.97249654028565,201.12059991713613,left_blink
1761185175.7414522,-1538.7706170687452,-1116.7397366189398,417.05494355876,277.8745667077601,left_blink
1761185175.7570941,-1533.549716730602,-1119.9859697804786,432.0145433815196,251.53445131983608,left_blink
1761185175.7570941,-1598.9568270556629,-1200.3938188278116,386.3354053227231,190.99295083712786,left_blink
1761185175.7578473,-1557.9637836413458,-1141.9017835208215,388.61674429569393,250.87996882759035,left_blink
1761185175.7578473,-1515.0671311495826,-1099.730671620462,433.7161978613585,275.1332200402394,left_blink
1761185175.7714849,-1573.446969457902,-1165.208840044681,398.9987065726891,210.49652910605073,left_blink
1761185175.7714849,-1582.1347570549697,-1166.8955349246971,377.75981472432613,242.0014463327825,left_blink
1761185175.7870035,-1516.6229295311496,-1091.820783214178,445.07427402678877,297.37440507672727,left_blink
1761185175.7870035,-1541.6129410350695,-1131.560960143339,433.095374468714,242.2295802300796,left_blink
1761185175.7877712,-1579.67016298417,-1175.871294818353,377.23996863048524,220.63913778588176,left_blink
1761185175.7877712,-1530.5129179665819,-1112.1733187730424,407.43218097276986,285.71339701488614,left_blink
1761185175.8013237,-1519.5138721968979,-1112.6034072679467,434.26596315484494,260.158660617657,left_blink
1761185175.8013237,-1589.3976427689195,-1183.3772740294226,389.0767519902438,204.5800073761493,left_blink
1761185175.8169549,-1547.7762961620465,-1127.9332571863197,392.69323524739593,254.91906077973545,left_blink
1761185175.8169549,-1520.1346955895424,-1095.9907716647722,456.71284268889576,295.882184994407,left_blink
1761185175.8177538,-1573.9219367522746,-1161.1622682926245,408.10910286474973,218.91130400635302,left_blink
1761185175.8177538,-1561.6251456979662,-1152.2613063980825,378.8930044109002,241.8518503345549,left_blink
1761185175.8313975,-1501.083645215258,-1086.042637782637,433.3945664651692,297.56513997446746,left_blink
1761185175.8313975,-1542.5927948234603,-1126.1942037069239,428.7683102199808,247.17372797150165,left_blink
1761185175.847052,-1582.770540047437,-1167.0600905227475,382.20281587168574,222.49412816390395,left_blink
1761185175.847052,-1521.6082161720842,-1096.6901329564862,422.6049550930038,298.2495416663587,left_blink
1761185175.8478065,-1525.8417829219252,-1122.8058543470688,441.00526287499815,265.4543589549139,left_blink
1761185175.8478065,-1576.3753111232072,-1177.1503406031989,387.8164057051763,205.23822976835072,left_blink
1761185175.8614705,-1550.4652842301875,-1120.7002906720154,381.24166158307344,260.87672140914947,left_blink
1761185175.8614705,-1520.598443184048,-1097.8046231432818,435.52256953995675,282.8299341490492,left_blink
1761185175.8770792,-1561.4867693996057,-1153.3795364848338,412.01355841849,236.2233009012416,left_blink
1761185175.8770792,-1574.1650302493945,-1162.3365968787111,387.9173830039799,238.62057677283883,left_blink
1761185175.8777623,-1515.0446917498484,-1085.0478243944235,449.8538661701605,302.27741391863674,left_blink
1761185175.8777623,-1523.8072773460299,-1129.4628762681969,422.58251569326967,249.32043054606766,left_blink
1761185175.89134,-1568.0540337217972,-1167.8641690132208,385.733281429857,230.01506697479635,left_blink
1761185175.89134,-1516.4434143332765,-1097.610148345586,415.35702897887677,296.798460483551,left_blink
1761185175.907076,-1522.47961286176,-1103.530409975443,438.0956207094714,265.4954978544265,left_blink
1761185175.907076,-1576.9736951161176,-1176.1330878152512,397.7907188870013,213.3986914716661,left_blink
1761185175.9077716,-1536.1003285003826,-1128.292287582066,394.4809074262157,268.7192916162312,left_blink
1761185175.9077716,-1516.1666617365554,-1111.8928262763657,432.52316977549344,274.691911845468,left_blink
1761185175.9213831,-1562.9378505824134,-1200.9959427206777,403.54268501885235,202.88583269622177,left_blink
1761185175.9213831,-1574.2510479483753,-1184.8021759125404,374.49488206300884,205.20083076879382,left_blink
1761185175.937044,-1505.5752650620416,-1106.9748578346334,424.93117286544293,257.7127660466358,left_blink
1761185175.937044,-1524.8694089334458,-1179.861768071074,437.5084564164281,231.58208505623043,left_blink
1761185175.9378688,-1547.626700163819,-1224.2917795446701,390.1014845781028,216.50280843488872,left_blink
1761185175.9378688,-1520.0823369901627,-1126.0520875086077,415.95915287174284,276.090634428896,left_blink
1761185175.951327,-1528.9234604854137,-1163.9036149601452,430.3502879012376,235.9241089047864,left_blink
1761185175.951327,-1544.2420907039195,-1234.3670700252987,416.4528196658939,204.5463482765481,left_blink
1761185175.9670677,-1530.5540568660945,-1150.5521721183322,425.2116653621197,271.70373178087175,left_blink
1761185175.9670677,-1504.5954112736508,-1087.8976281606592,440.07402778603137,268.7641704156995,left_blink
1761185175.96783,-1539.9225062550977,-1184.2224914194085,419.66913362778723,186.85662148613483,left_blink
1761185175.96783,-1476.8191743027419,-1223.472741454374,417.72812555078417,229.12497078534216,left_blink
1761185175.9813926,-1439.5884702438489,-1147.1039843591861,465.0303801903501,275.2416771389544,left_blink
1761185175.9813926,-1492.3696783185005,-1289.4296170729212,448.5187218859792,203.85072688478976,left_blink
1761185175.997085,-1462.8057691687718,-1131.6993364416994,423.4165133833885,205.93759106006473,left_blink
1761185175.997085,-1390.064715030603,-1171.0617834753357,464.3010996989906,271.92064597830176,left_blink
1761185175.9978485,-1499.1201977385208,-1206.6469315537252,473.68824858777225,229.83929167687893,left_blink
1761185175.9978485,-1456.7546110404655,-1117.0127493157052,423.1173213869333,173.2658250471577,left_blink
1761185176.012029,-1484.4560500122607,-1183.2575972308405,426.8759208424017,217.38542482443154,left_blink
1761185176.012029,-1383.2618370112032,-1107.7901560249738,488.3748357137665,255.09109617769718,left_blink
1761185176.0128329,-1427.1551728411578,-1198.5593978995457,450.6130658611655,166.53213517693803,left_blink
1761185176.0263605,-1393.6568889380433,-1219.9217064464465,428.5401763226837,204.8922890224494,left_blink
1761185176.0263605,-1388.4060694002546,-1063.6163276983425,469.31256563961506,238.82066142046824,left_blink
1761185176.0419705,-1413.620474901516,-1137.4045538241044,458.48929516784847,182.2509346907027,left_blink
1761185176.0419705,-1304.9502018890344,-1329.7438686452806,443.8401070414111,161.056921641808,left_blink
1761185176.042835,-1394.37120982958,-1073.1717720851302,445.27248872444034,227.96747174905613,left_blink
1761185176.042835,-1358.6140263532288,-1095.5401137201115,489.76981839723885,197.34891081182286,left_blink
1761185176.056357,-1399.6743879667483,-1187.1788823343813,425.59687505755574,134.8626623521559,left_blink
1761185176.056357,-1350.4273853502236,-1170.6522644301876,434.0266095576808,172.104586110916,left_blink
1761185176.0719657,-1290.5366274598055,-1114.1236765999347,482.9332812782377,189.91024979995564,left_blink
1761185176.0719657,-1427.5590820363723,-1151.2160043604672,443.443677646108,145.8280490222387,left_blink
1761185176.0727727,-1383.5965580572374,-1170.9177973270416,409.2011536518112,145.607394924853,left_blink
1761185176.0727727,-1307.4073161599226,-1121.7642922094092,457.42342368047684,197.50598660996184,left_blink
1761185176.0863478,-1360.2259232341312,-1102.638443836011,450.691603760235,149.76242377562448,left_blink
1761185176.0863478,-1350.5732414484955,-1245.9027914386243,414.534250988625,119.08028453914449,left_blink
1761185176.1019773,-1346.5715484959073,-1057.4641922712326,445.6090797204524,207.94778728624806,left_blink
1761185176.1019773,-1341.6573199541308,-1157.2222836893052,460.5911189429462,157.49279698403552,left_blink
1761185176.102796,-1389.6738954852335,-1169.212402947247,417.21949915681034,125.67746806098148,left_blink
1761185176.102796,-1317.1871545440517,-1145.2508639311418,428.97026481758803,198.53819899773225,left_blink
1761185176.1162946,-1326.723899431061,-1034.519906043075,442.4264248581603,182.53142718737945,left_blink
1761185176.1162946,-1392.9874468459748,-1159.9561505569145,425.44727905932814,111.2190148322843,left_blink
1761185176.1320388,-1394.2889320305549,-1167.3499327693135,410.54751763585955,149.62404747726396,left_blink
1761185176.1320388,-1319.9135416117497,-1033.181021858938,452.1464248429984,212.06915703741834,left_blink
1761185176.132789,-1342.2669236469083,-1180.428362914361,438.03578231018037,137.06172352610156,left_blink
1761185176.132789,-1383.6040378571488,-1134.1732802623883,408.370895861648,134.933720451314,left_blink
1761185176.1462831,-1333.00693135662,-1046.6745808990672,422.3955206954852,190.0336664984934,left_blink
1761185176.1462831,-1358.4980894546025,-1088.1089325081557,448.327986988239,167.64662536373362,left_blink
1761185176.16195,-1347.3943264861591,-1192.4035225724801,416.07134987041354,133.14230837253854,left_blink
1761185176.16195,-1377.5902787283994,-1123.3687092904001,394.2527735289186,186.95198893500492,left_blink
1761185176.162916,-1359.395665443968,-1038.6113565945998,445.7399762189016,210.90978805115446,left_blink
1761185176.162916,-1384.8905634419061,-1168.2101097591221,408.40081506129354,135.38998824590817,left_blink
1761185176.176378,-1433.109093570616,-1082.4766431748867,376.70890283677727,150.54032296640798,left_blink
1761185176.176378,-1393.9448612346314,-1059.293003349565,403.3407304212451,188.12631752109155,left_blink
1761185176.192208,-1406.5670235850848,-1089.4964353917167,431.29274269007146,159.19071156391874,left_blink
1761185176.192208,-1421.2610905109905,-1152.689524943009,367.1758978497237,133.03759117377922,left_blink
1761185176.1927767,-1383.566638857592,-1055.3174896966666,407.9295876668766,216.47101928526536,left_blink
1761185176.1927767,-1388.8922563944943,-1115.2867854861543,412.57828331179917,172.31402050843462,left_blink
1761185176.2063267,-1467.519913062919,-1139.6185745978728,356.18807177990675,121.84781050635502,left_blink
1761185176.2063267,-1422.1287473007105,-1107.3133187806234,371.888171793893,194.95537484018132,left_blink
1761185176.2221088,-1396.360836606007,-1063.1937190033495,419.44473963044584,211.05190424947068,left_blink
1761185176.2221088,-1463.5107403104194,-1136.6303945332766,391.0327196670696,145.59243532503024,left_blink
1761185176.2228093,-1452.3209596429951,-1144.8282552361488,352.48931072372943,171.5436011175625,left_blink
1761185176.2228093,-1395.6091167149134,-1086.6428917255253,394.49960692599416,225.45051907887682,left_blink
1761185176.236348,-1425.7227911581285,-1113.4018759084865,410.2670251391828,185.3326122541912,left_blink
1761185176.236348,-1453.843098924961,-1154.0994672263041,354.5836546989158,172.7702883030288,left_blink
1761185176.2520783,-1425.6292936592363,-1090.3865315811709,409.20863345172256,239.6509192106314,left_blink
1761185176.2520783,-1425.7115714582615,-1105.7724799988791,422.81438949052244,212.99665222642943,left_blink
1761185176.2529664,-1472.4865002040751,-1147.0908947093412,371.3533661002293,175.6200920692645,left_blink
1761185176.2529664,-1446.2511020149104,-1108.8055388629436,376.5443472387269,223.61796810058877,left_blink
1761185176.2663264,-1422.6224140948616,-1095.6597905186936,427.33592853695154,238.63740632263944,left_blink
1761185176.2663264,-1463.503260510508,-1149.5143498806283,371.0279948040843,181.09156570443884,left_blink
1761185176.297724,-1485.0039453557692,-1130.9607062004507,353.9927505059168,219.7135125468485,left_blink
1761185176.297724,-1429.1447996175848,-1062.5504562109709,408.84212325606495,266.8138125888072,left_blink
1761185176.2983959,-1478.0664309379645,-1123.8698558844626,411.14590162876993,210.7115733535029,left_blink
1761185176.2983959,-1503.3967733378522,-1153.1644922373816,371.86947229411453,183.7356749731116,left_blink
1761185176.2991369,-1432.5630681770854,-1157.7271701833233,417.2381986565888,248.36862600734457,left_blink
1761185176.2991369,-1464.1315637030639,-1069.592687827535,419.10066883452237,239.00017661834136,left_blink
1761185176.3121033,-1529.3965578298084,-1144.1924722436816,367.0562210511416,189.99252759898081,left_blink
1761185176.3121033,-1497.9028603029437,-1121.693234110251,363.34250039514154,228.00861064856872,left_blink
1761185176.312968,-1466.0538722802885,-1083.7444692598656,415.9741124715656,249.7336894911714,left_blink
1761185176.312968,-1519.1305324514396,-1146.178359120153,403.62496281787753,205.55425131460652,left_blink
1761185176.3263369,-1503.1723793405108,-1140.3590747890994,375.4074176521972,230.5031239190139,left_blink
1761185176.3263369,-1472.9801669982262,-1103.4126031268388,410.73825253359973,258.5149745871313,left_blink
1761185176.3420732,-1512.0434220354073,-1124.0119720827788,418.0946357464418,220.61482843616977,left_blink
1761185176.3420732,-1527.507908352185,-1138.30212981347,372.3668789882213,230.51434361888096,left_blink
1761185176.3428528,-1480.6806210069917,-1077.902745529078,396.298498804681,279.5219926382415,left_blink
1761185176.3428528,-1517.7467694678344,-1115.4401213843375,409.492865848355,217.18160027684644,left_blink
1761185176.3563764,-1546.5626986264251,-1154.51085622143,372.20232339017093,198.05575190344825,left_blink
1761185176.3563764,-1510.7868156502955,-1108.8952964618802,374.27422796562314,263.08139243302867,left_blink
1761185176.3720367,-1499.8850072794594,-1102.1522568417713,402.3010382335633,247.7253632149659,left_blink
1761185176.3720367,-1561.8252303455956,-1163.4305176157504,388.68032259494066,173.4322505951859,left_blink
1761185176.372796,-1554.5922638312913,-1127.8154503377154,354.4751976002008,240.41011890163645,left_blink
1761185176.372796,-1501.8372350563295,-1073.583161080256,406.06711748894304,294.13752166507766,left_blink
1761185176.386298,-1543.4137028637342,-1144.113934344612,393.4187758387998,221.25809122854844,left_blink
1761185176.386298,-1566.1186354947276,-1160.2964814528823,366.29702136013657,217.5294109727256,left_blink
1761185176.402078,-1512.8886394253932,-1078.5123492218554,410.6821540342644,293.0940895774402,left_blink
1761185176.402078,-1541.618550885003,-1112.070471524261,411.9387604193762,257.3294263011776,left_blink
1761185176.4027872,-1592.9299782770686,-1164.545007802546,366.62987245619297,189.9214694998227,left_blink
1761185176.4027872,-1527.9604362468235,-1090.1883168835193,391.94899515621364,281.047871820163,left_blink
1761185176.4164634,-1499.7915097805671,-1079.3538267118856,422.6423540925607,291.36251589795575,left_blink
1761185176.4164634,-1567.4612595788203,-1153.0784745384008,378.0702264206484,214.47017280897126,left_blink
1761185176.4320047,-1549.2853457941674,-1097.8177127931267,375.6205919496715,280.47192722698674,left_blink
1761185176.4320047,-1541.6522099846043,-1082.906731669791,413.4272406017408,276.1486028782092,left_blink
1761185176.4327717,-1555.295365022961,-1121.7642922094092,421.78217710275203,234.9797841659747,left_blink
1761185176.4327717,-1576.897027167026,-1143.8671009475365,380.1084718964994,232.73584419256076,left_blink
1761185176.4463663,-1525.252748678904,-1102.649663535878,404.09619021229446,269.89923005225137,left_blink
1761185176.4463663,-1522.3767656129785,-1081.3023145888,427.67251953296363,288.2209999351762,left_blink
1761185176.4619598,-1593.517142570112,-1168.7523952526972,367.5162287456915,206.87069609900936,left_blink
1761185176.4619598,-1551.7125408654101,-1095.5662930198014,377.1763903312385,273.9981604036875,left_blink
1761185176.4628117,-1545.9269156339578,-1080.9694634927437,426.655266745016,271.1932354369201,left_blink
1761185176.4628117,-1583.5877081877552,-1149.2862159833312,396.80712519865483,209.36146946949884,left_blink
1761185176.4764125,-1565.2659383048303,-1132.0938958870247,382.0719193732366,251.6597379683517,left_blink
1761185176.4764125,-1524.0933796926402,-1088.4156043045223,411.9798993188888,281.2348668179475,left_blink
1761185176.492078,-1555.284145323094,-1129.1057158224285,411.5984295234084,231.67371260514483,left_blink
1761185176.492078,-1596.0677543398924,-1155.6103868084028,374.0386142684147,218.8645552569069,left_blink
1761185176.492841,-1546.1438298313878,-1101.179882853292,402.9779601255432,285.7077871649526,left_blink
1761185176.492841,-1538.4284162227996,-1096.8677782043815,426.03444335237145,254.89475143002346,left_blink
1761185176.5063472,-1604.2319559431635,-1161.9233379336074,377.87201172299683,203.69552103662863,left_blink
1761185176.5063472,-1560.579843660351,-1101.7969663459808,381.3762979814783,278.7889722469263,left_blink
1761185176.5220351,-1526.0456074695103,-1067.651679750532,442.4675637576729,311.5430160588585,left_blink
1761185176.5220351,-1599.631878997665,-1174.1303713889793,387.3601379105821,210.64799505425617,left_blink
1761185176.5227876,-1576.246284574736,-1116.8986823670566,383.9156900513917,264.1061250208877,left_blink
1761185176.5227876,-1532.0967655978166,-1066.3202753663063,430.37272730097175,304.7887567388825,left_blink
1761185176.5363643,-1571.5489702303894,-1127.4414603421465,398.5648781778291,239.5798611114733,left_blink
1761185176.5363643,-1597.410378423985,-1152.0612217504531,364.7561825783923,235.00596346566454,left_blink
1761185176.552075,-1539.6102246087976,-1063.754703996703,414.6501878872514,321.93245813576505,left_blink
1761185176.552075,-1558.4854996851645,-1098.2440613880754,421.95795240066946,269.8057325533591,left_blink
1761185176.552798,-1601.632725473959,-1147.008616910316,369.4048782233149,213.43796042120084,left_blink
1761185176.552798,-1565.5202515018173,-1081.844600082375,405.9362209904939,305.9705651248805,left_blink
1761185176.5663848,-1540.2759268009104,-1062.6177744101733,436.22941063158214,312.58644814649597,left_blink
1761185176.5663848,-1597.133625827264,-1144.86191433575,385.11993783712387,217.06566337822005,left_blink
1761185176.582,-1591.5050763939507,-1107.859344174154,371.1775908023119,284.73541317647323,left_blink
1761185176.582,-1554.3042915347032,-1073.4260852821171,399.4400147674605,306.14260052284226,left_blink
1761185176.5828028,-1593.4236450712197,-1125.13020216953,398.4414614792913,239.22083071572706,left_blink
1761185176.5828028,-1607.590386103373,-1139.4914179993793,369.74520911928266,239.52376261213794,left_blink
1761185176.5963442,-1548.567285002675,-1076.5489017451182,406.7963979803026,307.7881565033458,left_blink
1761185176.5963442,-1565.1350418063812,-1108.3567508682609,419.1231082342565,254.79003423126414,left_blink
1761185176.611961,-1608.327146394644,-1146.6869855141267,391.31321216374636,223.99943789606914,left_blink
1761185176.611961,-1581.3138490146957,-1103.8800906213,368.78405483067036,268.23497457196936,left_blink
1761185176.612823,-1546.274726329837,-1075.6251464560628,413.18414710462093,288.25465903477743,left_blink
1761185176.612823,-1609.8118866770528,-1153.5497019328177,380.9985680859536,209.7840781644918,left_blink
1761185176.6264417,-1614.9692087159492,-1141.9485322702676,364.37097288295627,229.02960333647206,left_blink
1761185176.6264417,-1541.016426992137,-1063.5190902994946,441.48023016937077,306.8008229150437,left_blink
1761185176.6420457,-1587.2303707445972,-1145.2695634309202,403.595043618232,228.08340864768252,left_blink
1761185176.6420457,-1588.0494088348933,-1127.688293739222,377.2437085304409,245.52630204102024,left_blink
1761185176.6429436,-1564.8994281091727,-1097.9448693916202,386.2980063231662,280.54298532614484,left_blink
1761185176.6429436,-1551.4806670681573,-1097.9074703920633,436.23315053153783,294.1150822653435,left_blink
1761185176.6563704,-1617.1346107902937,-1165.4575433917344,376.6939432369545,221.13841442996636,left_blink
1761185176.6563704,-1574.5221906951629,-1103.5509794251993,379.7045627012849,275.524039585609,left_blink
1761185176.6719656,-1528.5027217403986,-1072.390132994391,420.7163056153804,302.0436701714061,left_blink
1761185176.6719656,-1610.9450763636269,-1179.8299789214507,385.75946072954684,212.2262328355573,left_blink
1761185176.6726725,-1576.257504274603,-1116.5172125715762,383.34722525812685,278.2691261530854,left_blink
1761185176.6726725,-1560.2993511636741,-1084.6046462496743,413.8610689966008,279.5893108374439,left_blink
1761185176.6864395,-1571.7658844278194,-1112.5678782183677,423.1248011868447,248.0993532105349,left_blink
1761185176.6864395,-1596.5277620344423,-1127.4414603421465,375.52709445077926,244.74466295028105,left_blink
1761185176.7020445,-1554.6895012301393,-1082.689817472361,386.72435491811484,284.7915116758086,left_blink
1761185176.7020445,-1532.175303496886,-1065.8453080719337,440.9790835753083,305.940645925235,left_blink
1761185176.702747,-1616.8802975933068,-1160.7041305480525,358.19639805611223,204.68659452488646,left_blink
1761185176.702747,-1541.6522099846043,-1084.6233457494527,408.83838335610926,306.18747932231054,left_blink
1761185176.7163627,-1525.1966501795687,-1085.8575127348304,444.49458953365684,301.0862557827495,left_blink
1761185176.7163627,-1612.0857458501123,-1164.2645153058693,384.5552129438147,199.12910319073126,left_blink
1761185176.7319472,-1573.7592511042021,-1096.968755503185,387.2479409119114,282.8617232986726,left_blink
1761185176.7319472,-1539.4157498111017,-1060.2653773380443,415.92175387218595,296.77041123388335,left_blink
1761185176.7327816,-1574.6343876938336,-1120.0327185299248,409.0926965530962,242.19031128054485,left_blink
1761185176.7327816,-1612.3325792471878,-1149.2974356831983,367.2469559488818,226.55378956580535,left_blink
1761185176.746307,-1546.23732733028,-1086.8373665232211,405.29295819811523,296.0560903423466,left_blink
1761185176.746307,-1523.5249148993753,-1081.0554811917245,458.519214367494,307.40668670786545,left_blink
1761185176.7619667,-1619.6216442608275,-1169.8668854394928,365.85945306532085,203.84511703485623,left_blink
1761185176.7619667,-1579.3840606375597,-1105.7687400989234,381.98590167425573,270.28069984773174,left_blink
1761185176.7627652,-1537.2578275366686,-1067.2739498550072,442.47878345754,311.2026851628907,left_blink
1761185176.7627652,-1595.6563653447665,-1146.5523491157219,375.85994554683566,219.7845706460066,left_blink
1761185176.776384,-1579.5897551351227,-1121.7081937100738,368.462423434481,268.78847976541147,left_blink
1761185176.776384,-1547.4602746157907,-1084.2904946533963,416.6098954640329,291.298937598709,left_blink
1761185176.792114,-1570.0305708483793,-1127.5499174408615,427.81463573127985,257.6697571971454,left_blink
1761185176.792114,-1588.991863623727,-1138.8406754070893,398.09739068336785,260.67663676152006,left_blink
1761185176.7928207,-1542.52360667428,-1079.2378898132592,400.3375907568261,318.85826037218794,left_blink
1761185176.7928207,-1578.078835553024,-1112.792272215709,414.40709439013153,245.60857984004542,left_blink
1761185176.8062923,-1634.7196203819476,-1167.2863544700667,381.6156515786424,216.24662528792396,left_blink
1761185176.8062923,-1568.9310402614065,-1091.5272010676563,397.8580370862037,300.199899493251,left_blink
1761185176.8219995,-1514.1489857104607,-1062.1652465155348,415.55150377657264,317.3211614903994,left_blink
1761185176.8219995,-1612.1081852498464,-1154.4921567216516,372.48655578680336,197.8949362053536,left_blink
1761185176.8228204,-1597.4627370233648,-1143.6763660497963,364.0156823871657,236.84973414381966,left_blink
1761185176.8228204,-1526.9506632587872,-1061.5070241233334,433.6825387617573,318.4767905767076,left_blink
1761185176.836357,-1587.2602899442427,-1134.5210909582675,417.3877946548164,244.0191223588772,left_blink
1761185176.836357,-1606.371178717818,-1147.2479705074802,385.5836854316294,249.16522469790652,left_blink
1761185176.852105,-1561.290424651932,-1106.94306868501,394.0096800317988,272.4760211217217,left_blink
1761185176.852105,-1559.8356035691686,-1100.372064462863,417.62714825198054,274.8882565931417,left_blink
1761185176.852838,-1635.5162190725096,-1194.84193734359,361.04620182234794,188.65364341484383,left_blink
1761185176.852838,-1553.6722484421916,-1093.412110645324,384.2522810474038,297.62310842378065,left_blink
1761185176.8662927,-1526.928223859053,-1084.9300175458193,432.2127580791712,303.87996104964986,left_blink
1761185176.8662927,-1620.3471848522313,-1186.2925260448828,378.01038802135736,190.291719595436,left_blink
1761185176.8820543,-1581.5008440124802,-1126.409247954376,384.876844340004,276.5861711730249,left_blink
1761185176.8820543,-1551.8658767635934,-1086.3025608295575,411.02996473014355,284.7129737767391,left_blink
1761185176.8828402,-1585.2145646684803,-1125.5116719650105,410.7569520333782,237.81462833238766,left_blink
1761185176.8828402,-1624.1394434073009,-1161.324953940697,364.4644703818485,208.80796427605674,left_blink
1761185176.8962822,-1531.4909018049948,-1068.6352734388784,420.4208535188809,322.48596332920715,left_blink
1761185176.8962822,-1554.4239683332853,-1108.173495770432,441.59242716804147,269.94784875167534,left_blink
1761185176.9121115,-1623.8215519110672,-1180.4096634145826,367.07866045087576,206.1937742070295,left_blink
1761185176.9121115,-1547.4827140155248,-1094.9155504275113,402.13648263551295,312.74352394463494,left_blink
1761185176.9128437,-1538.0469464273192,-1090.3566123815253,427.0180370407179,282.17358170682564,left_blink
1761185176.9128437,-1584.4030063780956,-1144.2410909431055,405.2368596987799,229.18293923465535,left_blink
1761185176.9263074,-1586.8788201487623,-1126.6336419517174,373.6496646730229,268.38457057019696,left_blink
1761185176.9263074,-1559.371855974663,-1103.375204127282,416.8941278606653,263.4853016282432,left_blink
1761185176.942019,-1566.9638528847136,-1119.980359930545,430.8065556958318,252.38527855975553,left_blink
1761185176.942019,-1588.3710402310826,-1149.9219989757985,355.06984169315547,245.47394344164059,left_blink
1761185176.9427671,-1552.9280083510093,-1108.6821221644059,401.3324041450396,278.61319694900885,left_blink
1761185176.9427671,-1570.673833640758,-1139.0351502047852,424.07099587563425,232.32819509739056,left_blink
1761185176.9563105,-1603.5101552517153,-1172.0921259131283,384.876844340004,207.188587595243,left_blink
1761185176.9563105,-1528.0539337457158,-1085.9136112341657,425.207925462164,321.5809075399302,left_blink
1761185176.9720452,-1534.9166501644067,-1094.5527801318094,438.56684810388833,268.60896456753835,left_blink
1761185176.9720452,-1604.6283853384666,-1169.272241346538,378.75088821258396,198.32876460021362,left_blink
1761185176.9728086,-1593.1805515740998,-1149.5629685800523,358.0916808573529,235.93345865467563,left_blink
1761185176.9728086,-1531.5395205044188,-1074.2750425720587,428.2447242261842,304.29135004477575,left_blink
1761185176.9864578,-1559.5027524731122,-1122.1345423050225,418.1656938455999,245.93769103614613,left_blink
1761185176.9864578,-1595.6675850446336,-1157.2222836893052,367.1347589502111,215.2742512994446,left_blink
1761185177.0020409,-1555.6955343182199,-1109.4787208549678,394.8885565213859,267.4757748809643,left_blink
1761185177.0020409,-1562.3899552389048,-1131.4169739950448,419.1156284343451,243.84708696091548,left_blink
1761185177.0028238,-1610.3579120705836,-1173.1243383008987,373.9825157690793,218.95431285584345,left_blink
1761185177.0028238,-1547.99882020941,-1103.554719325155,385.1835161363706,292.81359708076343,left_blink
1761185177.0170083,-1545.6127640376799,-1088.9878089977428,422.40300049539655,284.7877717758529,left_blink
1761185177.0170083,-1587.7128178388812,-1147.5920413034037,393.5272329375148,230.2749900217168,left_blink
1761185177.0178478,-1567.3490625801496,-1108.680252214428,390.7316577206366,271.6775524811819,left_blink
1761185177.0313518,-1526.31488026632,-1073.2073011347093,420.998668062035,303.8893107995391,left_blink
1761185177.0313518,-1574.170640099328,-1126.79632759979,406.23728293692693,248.19846055936068,left_blink
1761185177.0470817,-1593.008516176138,-1148.5737650417723,364.2307266346179,235.45662141032517,left_blink
1761185177.0470817,-1540.6461768965237,-1083.7912180093117,412.53153456235304,311.01756011508405,left_blink
1761185177.0478292,-1553.993879838381,-1119.8775126817636,430.7336276466958,261.54242360126227,left_blink
1761185177.0478292,-1589.5827678167261,-1158.2339266273193,396.9922502464615,231.24923396017402,left_blink
1761185177.0613873,-1551.5292857675813,-1103.410733176861,402.6095799799077,284.3932123305276,left_blink
1761185177.0613873,-1538.0993050266989,-1093.810409990605,435.0382524956949,285.77697531413287,left_blink
1761185177.0769744,-1594.1641452624463,-1158.1740882280283,395.63466656254604,222.38193116523325,left_blink
1761185177.0769744,-1574.75032459246,-1128.4044845807366,378.7190990629606,268.81652901507914,left_blink
1761185177.077796,-1529.9762423229404,-1079.7409063572995,424.86572461621836,305.75926077738404,left_blink
1761185177.077796,-1570.3447224446572,-1139.8261390454136,423.1902494360693,241.20858754217625,left_blink
1761185177.091427,-1611.3676850586198,-1163.0060389707796,366.8187374039553,231.3315117591992,left_blink
1761185177.091427,-1541.2034219899215,-1088.492272253614,411.94063036935404,300.7627544365823,left_blink
1761185177.1069725,-1564.1140491184779,-1125.5135419149883,425.9203764037229,257.76886454597116,left_blink
1761185177.1069725,-1604.0636604451574,-1168.4438535063528,390.4623849238269,234.32343172375113,left_blink
1761185177.1078408,-1553.9901399384253,-1116.8631533174776,390.3464480252005,278.66368559841067,left_blink
1761185177.1078408,-1542.3328717765398,-1100.7516643083654,427.1882024887018,289.1054862746969,left_blink
1761185177.1214068,-1611.9249301520176,-1163.7427992620505,398.15909903263673,217.75567492004484,left_blink
1761185177.1214068,-1594.5755342575721,-1131.2991671464406,382.54875661758706,257.14430125337094,left_blink
1761185177.137038,-1530.9635759112425,-1089.202853245195,420.31052647018805,293.9860557168722,left_blink
1761185177.137038,-1562.3188971397467,-1136.8005599812604,420.80045336438343,250.43118083290756,left_blink
1761185177.1379364,-1590.2372503089719,-1155.6907946574502,368.99161927821115,246.17517468333244,left_blink
1761185177.1379364,-1536.1134181502275,-1091.1962199215777,414.1135122436099,299.82777944765985,left_blink
1761185177.1513908,-1564.944306908641,-1122.7123568481766,412.19120366638526,254.02148479036987,left_blink
1761185177.1513908,-1607.4557497049682,-1175.822676118929,374.5640702121891,209.57277381699532,left_blink
1761185177.1671085,-1564.7236528112553,-1118.0823607030325,375.4653861015104,273.70831815712154,left_blink
1761185177.1671085,-1547.9240222102962,-1101.9222529944964,412.89804475801066,265.9106267495081,left_blink
1761185177.1680331,-1616.177196401637,-1171.3198365722783,377.9112806725316,196.3858865732327,left_blink
1761185177.1680331,-1593.2291702735238,-1147.6387900528498,367.0356516013853,233.75870683044195,left_blink
1761185177.1813893,-1512.4772504302673,-1074.7444000164978,436.7174675757997,320.1055170074105,left_blink
1761185177.1813893,-1583.5764884878881,-1166.5402444289066,384.4935045945458,206.79402814991772,left_blink
1761185177.19723,-1588.232663932722,-1159.576550711412,367.7424926930107,218.75422820821404,left_blink
1761185177.19723,-1529.8378660245799,-1089.3861083430238,410.60174618521705,293.34279292449355,left_blink
1761185177.1978068,-1572.6896397168748,-1131.8302329401486,419.225955483038,229.86547097656876,left_blink
1761185177.1978068,-1595.8358805426396,-1174.5997288334183,368.54283128352836,205.08863377012312,left_blink
1761185177.211503,-1564.125268818345,-1108.560575415846,385.2003456861712,272.8743204670027,left_blink
1761185177.211503,-1535.4589356579818,-1101.5333033991046,426.4701416972093,263.14310078229755,left_blink
1761185177.2272265,-1589.257396520581,-1157.3961890372448,387.55648265825585,219.2179758027196,left_blink
1761185177.2272265,-1576.848408467602,-1132.0621067374013,377.50737147731707,268.4238395197317,left_blink
1761185177.2277896,-1528.1137721450068,-1097.150140651036,416.8810382108204,290.9941357523203,left_blink
1761185177.2277896,-1557.5168655966409,-1145.5668854773976,417.7748743002303,230.52369336877018,left_blink
1761185177.2413027,-1604.7106631374918,-1158.3311640261672,375.5738432002254,225.87873762380332,left_blink
1761185177.2413027,-1518.5994666577317,-1071.7711795517243,419.1735968836583,310.5612923204899,left_blink
1761185177.2570548,-1531.621798303444,-1119.1706715901382,421.5147742559202,255.96623276732862,left_blink
1761185177.2570548,-1587.3425677432679,-1157.201714239549,373.4234007257037,222.53152716346085,left_blink
1761185177.2578173,-1546.6935951248743,-1104.3008293663152,392.9419385944493,277.78480910882354,left_blink
1761185177.2578173,-1524.4262307886966,-1096.3086631610058,430.3409381513484,272.1300803758204,left_blink
1761185177.2713113,-1603.9552033464424,-1165.6950270389207,394.8792067714967,211.6895571919158,left_blink
1761185177.2713113,-1588.969424223993,-1138.674249859061,366.80003790417686,244.06587110832334,left_blink
1761185177.2869544,-1518.0571811641566,-1075.4587209080346,429.693935459014,302.83091911207885,left_blink
1761185177.2869544,-1574.062183000613,-1139.953295643907,415.0297877327539,233.42959563434124,left_blink
1761185177.2878065,-1602.477942863945,-1163.507185564842,371.7853245451115,217.91275071818382,left_blink
1761185177.2878065,-1534.2472080723383,-1101.795096396003,416.28265421791,290.6575447563082,left_blink
1761185177.3013031,-1550.014626285527,-1117.4540575104766,421.05476656137034,258.25879144016653,left_blink
1761185177.3013031,-1597.7320098201744,-1171.2412986732088,376.55743688857183,226.847371712327,left_blink
1761185177.3170412,-1536.1769964494742,-1111.88908637641,396.5060632522218,275.8438010318205,left_blink
1761185177.3170412,-1529.9837221228518,-1114.0694480505772,435.28508589277044,268.17700612265617,left_blink
1761185177.31787,-1602.7322560609318,-1167.3218835196458,394.6847319738008,201.29263531509787,left_blink
1761185177.31787,-1570.213825946208,-1141.4268162264489,385.85482817841694,246.34721008129418,left_blink
1761185177.33169,-1530.46242931718,-1103.3957735770382,418.5527734910138,283.1328660454601,left_blink
1761185177.33169,-1564.8395897098817,-1151.012179812882,406.4691567341797,219.97343559376895,left_blink
1761185177.3471086,-1586.2654765560292,-1155.657135557849,383.0162441120483,230.4788145693019,left_blink
1761185177.3471086,-1519.452163847629,-1075.9897867017426,432.8990297210403,308.67638274282217,left_blink
1761185177.3479571,-1530.1894166204147,-1110.9316719877534,423.86717132804915,250.61817583069205,left_blink
1761185177.3479571,-1588.0269694351591,-1161.9326876834966,394.8792067714967,219.74530169647187,left_blink
1761185177.361374,-1535.0251072631218,-1090.4669394302182,392.96437799418345,284.15385873336345,left_blink
1761185177.361374,-1512.8587202257477,-1090.698813227471,440.06467803614214,284.34085373114794,left_blink
1761185177.3770845,-1568.489732066635,-1143.3491248036735,408.78041490679607,234.65628281980753,left_blink
1761185177.3770845,-1547.8754035108723,-1130.1771971597336,393.8731736834161,276.3973062252626,left_blink
1761185177.3778682,-1509.4105324666016,-1078.2486862749793,441.814951215405,299.7342819487676,left_blink
1761185177.3778682,-1553.4852534444071,-1140.3459851392545,422.8087796405889,236.447694898583,left_blink
1761185177.3913984,-1573.568516206462,-1146.4008831675164,378.0945357703604,241.6685952367261,left_blink
1761185177.3913984,-1512.7278237272985,-1088.2828378560953,418.35081889340654,305.6283642789349,left_blink
1761185177.4069405,-1535.8965039527975,-1117.809348006267,427.921222880017,254.39173488598317,left_blink
1761185177.4069405,-1577.3532949616201,-1166.2747115320526,390.4997839233838,226.7426545135677,left_blink
1761185177.407762,-1536.3340722476132,-1095.1941729742102,411.6676176725887,276.0494955293834,left_blink
1761185177.407762,-1530.7990203131922,-1097.3259159489535,445.28183847432956,266.6885259402916,left_blink
1761185177.4213016,-1564.6638144119643,-1158.4770201244392,387.3208689610474,207.33257374353707,left_blink
1761185177.4213016,-1551.8247378640808,-1134.3172664106824,389.26561693800613,256.9049476562068,left_blink
1761185177.4370296,-1515.6262461929582,-1098.5301637346856,433.42635561479256,278.8058017967269,left_blink
1761185177.4370296,-1564.835849809926,-1160.9341343953274,408.0174753158353,210.69848370365798,left_blink
1761185177.4376788,-1594.9121252535842,-1163.724099762272,360.39358928008005,209.62887231633067,left_blink
1761185177.4376788,-1527.8781584477983,-1103.3209755779244,411.00565538043156,278.1363597046584,left_blink
1761185177.4513493,-1539.2960730125196,-1133.0457004257478,429.27506666397676,242.40161562804133,left_blink
1761185177.4513493,-1593.6405592686497,-1183.4109331290238,385.0844087875448,196.78605586849153,left_blink
1761185177.4670234,-1541.5549725857563,-1128.640098277945,395.2718962668441,258.47196573764086,left_blink
1761185177.4670234,-1532.3884777943604,-1130.6596442540176,418.64253108995035,244.24538630619645,left_blink
1761185177.467738,-1591.6920713917352,-1173.0701097515412,378.91731376061216,194.4598380960524,left_blink
1761185177.467738,-1566.3392895921133,-1152.616596893873,370.573596959468,230.41897617001086,left_blink
1761185177.4813352,-1508.0492088827305,-1107.210471531842,430.27361995214596,292.288141136989,left_blink
1761185177.4813352,-1561.2679852521978,-1150.615750417579,405.9119116407819,231.1071177618578,left_blink
1761185177.4970205,-1562.1431218418293,-1167.10122942226,375.25595170399174,226.64167721476406,left_blink
1761185177.4970205,-1507.1665924931876,-1096.1927262623794,437.35699046822265,298.38417806476355,left_blink
1761185177.4977732,-1531.9845685991459,-1127.3797519928776,433.4749743142165,255.70443977043033,left_blink
1761185177.4977732,-1574.1482006995939,-1160.0066392063163,387.89307365426794,216.61500543355942,left_blink
1761185177.5113404,-1524.4037913889624,-1111.803068677429,390.54840262280777,270.84355479106307,left_blink
1761185177.5113404,-1515.869339690078,-1109.7162045021541,440.4424079316668,272.9453785661608,left_blink
1761185177.5270343,-1573.1234681117348,-1176.858628406655,399.060414921958,193.00127711333334,left_blink
1761185177.5270343,-1550.339997581672,-1154.8867161669768,376.7818308859132,233.65772953163832,left_blink
1761185177.5278375,-1500.1654997761361,-1101.4061468006112,424.9517423151992,275.9372985307127,left_blink
1761185177.5278375,-1550.7813057764433,-1153.8993825786747,407.430311022792,206.2106037568301,left_blink
1761185177.5413804,-1557.5467847962864,-1162.1645614807494,379.4521194542758,223.58243905100971,left_blink
1761185177.5413804,-1503.206038440112,-1102.516897087451,420.6695568659343,281.9921965589747,left_blink
1761185177.5571053,-1532.8073465893976,-1138.7340882583521,426.38038409827277,233.99058062769473,left_blink
1761185177.5571053,-1587.3612672430463,-1184.7124183136038,376.54995708866045,190.17765264678746,left_blink
1761185177.557803,-1519.94583064178,-1118.8303406941704,405.1414922499098,277.7661096090451,left_blink
1761185177.557803,-1507.3274081912823,-1104.050256069284,431.4778677378781,271.74861058034,left_blink
1761185177.571345,-1571.01042463677,-1177.2662775018252,395.00262347003445,206.3901189547032,left_blink
1761185177.571345,-1537.7739337305538,-1137.3503252747469,390.06969542847946,259.43312002625316,left_blink
1761185177.5870197,-1515.3420137963258,-1110.247270295862,418.9940816857852,269.26157710980624,left_blink
1761185177.5870197,-1557.658981794957,-1164.1093094577082,405.82589394180104,209.27358182054013,left_blink
1761185177.5878198,-1571.541490430478,-1173.698412944097,362.91428185021505,203.60763338766992,left_blink
1761185177.5878198,-1497.0875621126033,-1089.8984746369533,420.01133447373286,293.2829545252025,left_blink
1761185177.6013412,-1525.3873850773089,-1135.9665622911416,432.3791836271994,245.1130430959165,left_blink
1761185177.6013412,-1580.0946416291408,-1183.612887726631,383.6445473046042,212.16452448628843,left_blink
1761185177.6170352,-1527.219936055597,-1114.9221452404745,405.70621714321896,279.793135385029,left_blink
1761185177.6170352,-1509.4367117662914,-1113.3513872590847,441.7513729161583,285.01029582321644,left_blink
1761185177.6178515,-1573.9799052015878,-1172.7297788555734,407.01144222775474,213.5408076699823,left_blink
1761185177.6178515,-1539.9879545043223,-1142.739521110896,386.40085357194766,248.90156175103039,left_blink
1761185177.6313207,-1491.5263308784924,-1088.335196455475,441.8598300148733,299.52484755124897,left_blink
1761185177.6313207,-1544.3262384529226,-1159.4269547131844,409.1357054025866,228.3321119947359,left_blink
1761185177.6470864,-1550.665368877817,-1152.6726953932084,385.36116138426587,241.14500924292952,left_blink
1761185177.6470864,-1495.5280238310806,-1101.4398059002124,425.5463864081539,284.3857325306162,left_blink
1761185177.6477776,-1520.8471465311013,-1119.716696983669,458.061076622922,259.28726392798126,left_blink
1761185177.6477776,-1562.1393819418736,-1178.825815783348,388.1361671513878,215.97548254113644,left_blink
1761185177.66138,-1492.2481315699406,-1086.6036227759905,408.1334122144617,300.7702342364937,left_blink
1761185177.66138,-1508.4082392784767,-1112.4538112697192,435.9732274846174,262.85138858575374,left_blink
1761185177.6771374,-1563.1379352300428,-1179.6261543738656,387.26477046171203,205.79547486174852,left_blink
1761185177.6771374,-1523.4613366001286,-1136.5836457838304,400.30580160720274,267.84415502659976,left_blink
1761185177.67781,-1510.7456767507829,-1120.4571971748956,424.6712498185225,269.33637510892004,left_blink
1761185177.67781,-1534.9241299643181,-1149.6433764290996,420.9911882621236,227.30737940687686,left_blink
1761185177.691298,-1559.7159267705865,-1152.1079704998992,391.1580063155852,235.61369720846415,left_blink
1761185177.691298,-1491.4926717788912,-1112.9474780638702,435.1055706948973,282.3848860543221,left_blink
1761185177.7071955,-1527.773441249039,-1161.8952886839397,418.85944528738037,230.16840287297964,left_blink
1761185177.7071955,-1558.249885987956,-1190.2437303480692,390.21929142670706,213.81382036674768,left_blink
1761185177.707773,-1521.587646722328,-1141.4679551259615,403.1331659737043,277.7922889087349,left_blink
1761185177.707773,-1490.8344493866898,-1145.9446153729223,434.3052321043797,260.4578526141122,left_blink
1761185177.7213452,-1542.6956420722418,-1219.7291015987284,402.81527447747067,192.00272382516414,left_blink
1761185177.7213452,-1544.6029910496436,-1149.6695557287894,383.95869890088215,246.72867987677455,left_blink
1761185177.7371144,-1506.9122792962007,-1129.2833610703237,438.27700585732237,264.80735626257956,left_blink
1761185177.7371144,-1537.1867694375105,-1178.9193132822402,427.20690198848024,198.3942128494382,left_blink
1761185177.7379165,-1549.2329871947877,-1205.0387745727785,377.4101340784691,218.2493417141959,left_blink
1761185177.7379165,-1401.3049843474291,-1263.5345497797243,449.21247332775965,289.96566326450557,left_blink
1761185177.7514167,-1492.0835759718902,-1182.4348192405887,435.16540909418836,238.75147327128798,left_blink
1761185177.7514167,-1612.9982814393006,-1170.1455079861917,389.37407403672114,201.18417821638286,left_blink
1761185177.7670317,-1511.9200053368695,-1195.5730877849273,411.9144510696642,251.9346206150949,left_blink
1761185177.7670317,-1458.0430065752007,-1105.0301098576747,453.06457028212026,248.43407425656915,left_blink
1761185177.7678435,-1532.1491241971962,-1275.7752423346974,413.5188681506552,158.69143491983414,left_blink
1761185177.7678435,-1476.9556806511246,-1176.088209015783,401.37541299453005,214.35236596036702,left_blink
1761185177.7976897,-1418.8264156398363,-1082.3326570265926,454.1192220696248,210.63116550445557,left_blink
1761185177.7976897,-1450.5893859635107,-1278.722283499781,427.8426849809475,182.1593071417883,left_blink
1761185177.7984347,-1547.202221518848,-1121.0256619681604,395.0961209689267,185.865547997877,left_blink
1761185177.7984347,-1402.681267531123,-1203.6437918893062,440.7827388276346,230.89394346438348,left_blink
1761185177.7991369,-1360.2259232341312,-1149.011333336588,471.67431246163324,187.6083413772285,left_blink
1761185177.7991369,-1437.4062386197038,-1241.5663774400018,413.53008785052225,130.57486705295742,left_blink
1761185177.811433,-1434.6985510517843,-1071.9506947495975,424.05416632583365,204.1760981809348,left_blink
1761185177.811433,-1383.9929874525405,-1090.4370202305727,485.3548664995469,239.64904926065356,left_blink
1761185177.8270788,-1377.4070236305706,-1183.878420623485,448.1204225406982,140.40706403646618,left_blink
1761185177.8270788,-1383.3310251603834,-1099.8690479188226,416.2265557185747,172.47296625655144,left_blink
1761185177.8277407,-1288.1356116882525,-1142.8517181095667,481.82066104141995,204.66228517517447,left_blink
1761185177.8277407,-1309.4493015357293,-1192.0463621267118,453.58815627591684,145.69154267385602,left_blink
1761185177.8413951,-1449.5459538758732,-1110.598820891697,398.6153668272309,122.5789609476924,left_blink
1761185177.8413951,-1383.4357423591428,-1089.8797751371749,447.47341984836385,202.10793350543827,left_blink
1761185177.8570535,-1352.5479086250998,-1121.0892402674071,447.5295183476992,139.5094880471006,left_blink
1761185177.8570535,-1392.8303710478358,-1210.2634148108773,399.59522061562166,108.8684877101332,left_blink
1761185177.8578093,-1311.2781126140617,-1123.7221298362128,440.5172059307806,185.69351259991527,left_blink
1761185177.8578093,-1325.313957147766,-1121.1191594670527,458.62580151623115,161.56367808580399,left_blink
1761185177.871334,-1355.790401886683,-1175.3290093247779,414.7418154361658,97.9367601396516,left_blink
1761185177.871334,-1397.097596897278,-1144.3177588921972,421.4736353564076,146.61529796291143,left_blink
1761185177.886955,-1373.0089012826793,-1070.4023761679418,446.7030004574917,175.95107321534306,left_blink
1761185177.886955,-1396.5403518038802,-1145.7164814756252,426.5898184957914,116.5352826192975,left_blink
1761185177.8877392,-1390.380736576859,-1146.116650770884,397.82250803662464,124.60598672367632,left_blink
1761185177.8877392,-1342.7231914415024,-1093.9525261889212,428.1942355767824,177.7462251940742,left_blink
1761185177.9013436,-1365.4655230720527,-1140.3721644389443,444.99012627778575,142.13115791603923,left_blink
1761185177.9013436,-1424.7504171696492,-1182.8948269351386,413.2121963542886,111.52381667867303,left_blink
1761185177.9170218,-1353.7222372111864,-1122.2411294537596,415.08588623208925,181.8601151453331,left_blink
1761185177.9170218,-1384.879343742039,-1098.754557732027,446.83763685589656,176.40360110998154,left_blink
1761185177.9178114,-1412.7902171113528,-1160.3993287016638,426.6982755945064,130.05128105916083,left_blink
1761185177.9178114,-1381.0833452870138,-1175.0447769281454,411.1851705783047,159.42445531114936,left_blink
1761185177.9314742,-1338.7027989891358,-1112.7380436663516,456.6361747398041,199.80415513273329,left_blink
1761185177.9314742,-1390.1189435799606,-1162.0448846821673,431.0103802434169,136.11365888733417,left_blink
1761185177.946981,-1399.3265772708692,-1168.5223914054222,400.85930680064484,159.31973811239004,left_blink
1761185177.946981,-1344.1705327243544,-1128.037974385079,454.39971456630155,225.79271992482245,left_blink
1761185177.9478352,-1378.7870467142202,-1166.6113025280647,462.0926887751557,164.25266615394503,left_blink
1761185177.9478352,-1423.3068157867528,-1217.6197980237193,419.34189238166437,133.99687551241368,left_blink
1761185177.9613335,-1370.2039763159119,-1131.7965738405474,431.6686026356183,216.31955333705992,left_blink
1761185177.9613335,-1344.7202980178408,-1144.1606830940582,469.25833709025756,237.12835669051856,left_blink
1761185177.9771955,-1421.145153612364,-1206.661891153548,415.7815076238476,160.6661020964384,left_blink
1761185177.9771955,-1426.6839454467408,-1165.9642998357303,422.2253552475013,198.1698188520968,left_blink
1761185177.977805,-1387.6468697092496,-1113.2130109607242,477.41505889361724,221.56663297489285,left_blink
1761185177.977805,-1425.898566456046,-1226.6778357164003,441.1118500237353,159.84706400614232,left_blink
1761185177.991266,-1452.3433990427293,-1208.408424432855,400.3581602065824,176.06701011396945,left_blink
1761185177.991266,-1399.076003973838,-1124.0475011323579,450.39428171375766,230.62093076761812,left_blink
1761185178.0070536,-1427.3197284392081,-1174.55485003395,452.54472418827936,174.09982273727655,left_blink
1761185178.0070536,-1468.2117945547216,-1241.902968436014,410.2501955893822,143.54110019933432,left_blink
1761185178.0077744,-1400.9122948520817,-1170.3624221836217,434.86995699768886,237.3340511880815,left_blink
1761185178.0077744,-1409.0316176558845,-1170.8112101783045,466.25145752588287,221.7723274724558,left_blink
1761185178.0221071,-1501.8858537557535,-1212.9524028790183,421.30533985840157,165.80846453551203,left_blink
1761185178.0221071,-1451.6627372507937,-1174.3416757364757,399.26984931947663,206.621992751956,left_blink
1761185178.0227633,-1410.0713098435663,-1149.0506022861227,461.62894118065014,243.66570181306452,left_blink
1761185178.0363207,-1469.7937722359784,-1207.8642689893022,438.4490412552841,185.06520940735936,left_blink
1761185178.0363207,-1495.9431527261622,-1187.436935431324,397.11192704504356,186.88654068578035,left_blink
1761185178.0520377,-1435.6148265409283,-1138.4891248112544,437.5178061663173,252.8209769045934,left_blink
1761185178.0520377,-1448.1808903920464,-1176.1274779653177,456.06770994653925,212.0672870874405,left_blink
1761185178.0527604,-1493.5421369546093,-1220.0376433450729,404.7936815540306,176.05579041410238,left_blink
1761185178.0527604,-1446.9616830064915,-1154.174265225418,418.30967999389395,247.12884917203337,left_blink
1761185178.0662997,-1452.0778661458753,-1128.8626223253086,452.92619398375973,240.8944359458983,left_blink
1761185178.0662997,-1516.3704862841405,-1206.4767661057413,406.0577677390538,173.9689262388274,left_blink
1761185178.08205,-1475.7738722651266,-1178.1956426408142,407.9950359161012,253.70733319409192,left_blink
1761185178.08205,-1426.5680085481144,-1139.3006831016392,463.6559669566341,296.3721118886024,left_blink
1761185178.082874,-1505.678112310823,-1187.870763826184,433.38895661523566,207.18671764526516,left_blink
1761185178.082874,-1516.3181276847608,-1166.100806184113,402.6843779790215,214.60667915735394,left_blink
1761185178.096383,-1458.028046975378,-1111.7899790275842,433.4487950145267,283.78734853770584,left_blink
1761185178.096383,-1485.2657383526675,-1158.045061679557,449.17881422815844,225.45238902885467,left_blink
1761185178.1120915,-1516.8978121778928,-1194.4716872479767,374.50797171285376,189.9009000500664,left_blink
1761185178.1120915,-1468.0397591567598,-1143.620267550461,416.548187114764,258.7187991347164,left_blink
1761185178.1128244,-1469.412302440498,-1149.7013448784128,461.00063798809424,236.08118470292538,left_blink
1761185178.1128244,-1533.3122330834158,-1204.7489323262125,401.2407765961252,171.02936487365514,left_blink
1761185178.1262984,-1504.0811750297435,-1157.3045614883304,406.6860709316097,223.8143128482625,left_blink
1761185178.1262984,-1474.5247456799261,-1133.2682244731113,425.98769460292533,242.48015352711082,left_blink
1761185178.1420834,-1513.999389712233,-1191.621883481741,418.75846798857674,193.7193379048258,left_blink
1761185178.1420834,-1512.0060230358504,-1188.846877714619,394.14992628013715,214.22146946191788,left_blink
1761185178.1427608,-1477.554064644035,-1104.9010833092034,431.83689813362435,271.96552477777004,left_blink
1761185178.1427608,-1508.8345878734253,-1154.305161723867,442.8546434030868,229.60367797967046,left_blink
1761185178.15648,-1545.997973733116,-1188.1699558226392,393.0129966936074,192.71330481674522,left_blink
1761185178.15648,-1499.6306940824725,-1131.016804699786,407.27323522465304,248.98009965009987,left_blink
1761185178.172073,-1497.3979738089256,-1131.7984437905252,435.1167903947644,233.8484644293785,left_blink
1761185178.172073,-1548.8178582997061,-1196.3752963254228,395.6533660623245,189.833581850864,left_blink
1761185178.1727617,-1528.207269643899,-1159.8402136582881,398.77992242528126,249.24563254695386,left_blink
1761185178.1727617,-1494.2414982463233,-1121.139728916809,423.4744818327017,277.55667521152645,left_blink
1761185178.1863372,-1541.932702481281,-1155.920798504725,423.02195393806323,210.9864560002461,left_blink
1761185178.1863372,-1568.9684392609634,-1159.4886630624533,380.2674176446162,219.71538249682635,left_blink
1761185178.202094,-1499.4249995849095,-1097.1931495005265,413.8143202471547,288.5145820816979,left_blink
1761185178.202094,-1516.6509787808172,-1140.5610293867067,422.79755994072184,240.39328935183585,left_blink
1761185178.2027633,-1564.1065693185665,-1181.3857773030177,382.8591683139093,205.29806816764176,left_blink
1761185178.2027633,-1528.315726742614,-1116.4461544724181,401.5100493929349,277.44447821285576,left_blink
1761185178.216344,-1527.653764450457,-1120.186054428108,428.27277347585186,254.73954558186233,left_blink
1761185178.216344,-1570.0305708483793,-1167.9744960619137,398.22641723183915,196.24751027487218,left_blink
1761185178.2320757,-1556.1854612124152,-1134.599628857337,376.84166928520426,247.446740668267,left_blink
1761185178.2320757,-1513.808654814493,-1089.4104176927358,417.16527060745284,283.7948283376172,left_blink
1761185178.2327657,-1563.5979429245926,-1160.902345245704,405.44816404627636,213.7352824676782,left_blink
1761185178.2327657,-1579.3616212378256,-1160.8873856458813,371.4449936491437,218.59715241007507,left_blink
1761185178.246376,-1513.0195359238423,-1102.4888478377834,434.13319670641795,294.5769599098712,left_blink
1761185178.246376,-1554.4464077330194,-1123.8548962846398,425.80069960514084,246.3434701813385,left_blink
1761185178.2620802,-1593.9958497644402,-1154.3949193228036,370.48009946057573,204.7595225740224,left_blink
1761185178.2620802,-1539.7560807070695,-1090.8839382752776,387.7995761553757,284.352073431015,left_blink
1761185178.2627685,-1527.436850253027,-1085.0833534440026,415.2616615300067,254.61612888332456,left_blink
1761185178.2627685,-1592.4587508826517,-1158.3255541762337,385.4957977826707,197.7584298569709,left_blink
1761185178.2764263,-1554.3977890335955,-1103.4761814260855,397.0259093460627,271.85706767905504,left_blink
1761185178.2764263,-1531.692856402602,-1081.4406908871606,438.2545664575882,297.71473597269505,left_blink
1761185178.2920513,-1585.375380366575,-1163.1612448189408,416.41355071635917,220.83735248353332,left_blink
1761185178.2920513,-1602.743475760799,-1149.215157884173,371.9797993428074,228.86691768839955,left_blink
1761185178.2927625,-1526.700089961756,-1066.4885708643124,407.2395761250518,311.6196840079501,left_blink
1761185178.2927625,-1560.2208132646047,-1119.7185669336468,420.1347511722706,232.75267374236137,left_blink
1761185178.306559,-1606.0271079218946,-1160.8761659460142,364.458860531915,212.51607508212328,left_blink
1761185178.306559,-1558.0404515904374,-1092.6865700539201,393.48796398798004,272.4330122722313,left_blink
1761185178.3220165,-1550.6017905785702,-1086.4858159273863,432.4091028268449,276.08315462898463,left_blink
1761185178.3220165,-1604.2095165434293,-1157.0465083913878,392.7624233965762,210.6536049041897,left_blink
1761185178.3227367,-1564.5553573132493,-1109.0710717597976,363.87543613882735,261.5386837013066,left_blink
1761185178.3227367,-1545.8334181350656,-1077.9326647287235,411.723716171924,277.52301611192524,left_blink
1761185178.3365333,-1583.5764884878881,-1142.004630769603,391.25898361438885,222.87933785934,left_blink
1761185178.3365333,-1589.608947116416,-1133.9077473655343,373.77495132153854,244.6754748011008,left_blink
1761185178.352074,-1546.6561961253174,-1074.2900021718815,416.7389220125042,290.26485526096076,left_blink
1761185178.352074,-1584.1225138814189,-1123.2789516914636,412.71104976022616,231.71672145463526,left_blink
1761185178.3527906,-1600.0694472924806,-1142.9396057585254,374.11154231755063,234.14017662592232,left_blink
1761185178.3527906,-1543.7577736596577,-1070.3294481188059,400.5526350042783,311.9974139034748,left_blink
1761185178.3663993,-1538.4209364228882,-1082.689817472361,424.4692952209152,273.5063635595143,left_blink
1761185178.3663993,-1600.2115634907968,-1148.298882395029,369.29455117462203,210.22351640928537,left_blink
1761185178.3821907,-1576.7249917690642,-1096.692002906464,385.6453937808983,290.6276255566627,left_blink
1761185178.3821907,-1536.1844762493856,-1068.7399906376377,439.7467865399085,305.19827578403056,left_blink
1761185178.3829052,-1596.976550029125,-1123.9109947839752,406.8730659293942,244.0770908081904,left_blink
1761185178.3829052,-1603.2820213544182,-1134.12840146292,350.34447809914127,251.12680222466588,left_blink
1761185178.3964448,-1546.177488930989,-1054.0384439118207,409.9846626925282,300.2167290430516,left_blink
1761185178.3964448,-1566.2495319931768,-1101.9203830445185,418.46301589207724,255.74183876998723,left_blink
1761185178.4120755,-1609.1910632844083,-1152.0761813502759,369.3095107744448,224.04618664551526,left_blink
1761185178.4120755,-1565.957819796633,-1093.4382899450138,398.735043625813,280.85900687240064,left_blink
1761185178.412852,-1561.013672055211,-1097.0697328019887,424.05042642587796,268.5996148176491,left_blink
1761185178.412852,-1602.0815134686418,-1135.8076165430248,381.69231952773407,232.32258524745703,left_blink
1761185178.4263692,-1595.046761651989,-1101.9577820440754,376.47515908954665,276.71145782154053,left_blink
1761185178.4263692,-1551.2936720703728,-1081.2387362895533,423.4034237335436,292.56489373371005,left_blink
1761185178.4419932,-1603.7532487488352,-1132.2060928856954,400.0215692105703,225.8450785242021,left_blink
1761185178.4419932,-1582.1964654042386,-1106.4830609904602,387.6798993567936,267.8628545263782,left_blink
1761185178.4428148,-1536.6220445442013,-1069.8956197239459,407.2769751246087,303.8145128004253,left_blink
1761185178.4428148,-1582.5816750996746,-1124.7861313736066,399.93555151158944,235.04897231515497,left_blink
1761185178.4563727,-1613.4246300342493,-1149.7387438779697,358.69193480024114,218.0623467164114,left_blink
1761185178.4563727,-1556.9222215036862,-1067.5357428519055,394.77822947269306,284.6437856275588,left_blink
1761185178.4719872,-1554.6147032310255,-1092.0059082619846,433.35903741559014,273.97011115401983,left_blink
1761185178.4719872,-1626.0617519845255,-1163.423037815839,349.20754851261154,177.77614439371973,left_blink
1761185178.47276,-1577.7796435565688,-1105.7911794986576,373.685193722602,261.74063829891384,left_blink
1761185178.47276,-1534.6211980679072,-1079.9372511049733,432.68585542356595,286.04998801089823,left_blink
1761185178.4864225,-1602.9005515589379,-1150.3072086712345,399.55408171610907,214.22894926182926,left_blink
1761185178.4864225,-1616.7269616951235,-1139.8990670945495,362.91428185021505,226.3275256184861,left_blink
1761185178.5020304,-1547.7033681129105,-1059.7230918444693,407.1685180258937,304.26704069506377,left_blink
1761185178.5020304,-1586.5534488526173,-1121.9438074072823,415.6580909253098,255.491265472956,left_blink
1761185178.5028083,-1624.9884006972425,-1160.4834764506668,352.68939537135884,224.68196963798255,left_blink
1761185178.5028083,-1565.4043146031909,-1087.5778667144477,387.4592452594079,291.1699110502377,left_blink
1761185178.5163212,-1543.7016751603223,-1074.200244572945,438.0787911596708,289.97314306441694,left_blink
1761185178.5163212,-1610.8403591648676,-1151.1599058611318,365.4798532198183,209.4306576186791,left_blink
1761185178.5320349,-1583.5278697884642,-1114.7258004928008,366.16799481166527,259.17506692931056,left_blink
1761185178.5320349,-1533.4580891816877,-1059.2630841499195,430.7037084470503,321.8109113872051,left_blink
1761185178.53283,-1600.6453918856569,-1128.5035919295624,397.5719347395934,235.51271990966052,left_blink
1761185178.53283,-1606.9059844114818,-1134.9623991530389,370.13602866465226,245.6702881893143,left_blink
1761185178.5464063,-1523.382798701059,-1038.1550888000056,451.21705970400944,345.43959930725396,left_blink
1761185178.5464063,-1585.3080621673726,-1126.8842152487487,413.16731755482033,254.57498998381197,left_blink
1761185178.5620823,-1598.7193434084766,-1117.5756042590365,384.48602479463443,265.02801035996526,left_blink
1761185178.5620823,-1575.075695888605,-1096.703222606331,392.89331989502534,284.1015001339838,left_blink
1761185178.5627792,-1537.8823908292688,-1068.4931572405621,436.6351897767745,307.76384715363383,left_blink
1761185178.5627792,-1595.143999050837,-1139.0650694044307,372.58192323567346,230.8864636644721,left_blink
1761185178.5763636,-1563.0369579312392,-1102.638443836011,382.73575161537156,284.52036892902106,left_blink
1761185178.5763636,-1536.7679006424733,-1079.3800060115755,416.0395607207902,305.542346579954,left_blink
1761185178.592014,-1609.2621213835664,-1138.481645011343,376.95386628387496,228.01422049850225,left_blink
1761185178.592014,-1605.0061152339913,-1123.5557042881846,371.272958251182,251.79624431673437,left_blink
1761185178.5927596,-1553.2533796471544,-1073.306408483535,412.0341278682463,297.4342434760183,left_blink
1761185178.5927596,-1577.37947426131,-1114.482706995681,417.74869500054047,249.55604424327612,left_blink
1761185178.6063633,-1598.4425908117555,-1155.6964045073837,353.1045242664404,214.56180035788566,left_blink
1761185178.6063633,-1537.8001130302437,-1073.8112949775532,401.60354689182714,298.85914535913616,left_blink
1761185178.6219912,-1561.0548109547235,-1095.4092172216624,420.299306770321,269.10824121162295,left_blink
1761185178.6219912,-1609.3294395827688,-1158.4826299743727,369.50398557214066,213.27527477312833,left_blink
1761185178.6227975,-1584.990170671139,-1114.1124569000676,383.6146281049587,268.0161904245615,left_blink
1761185178.6227975,-1535.2457613605075,-1077.468917134218,439.7430466399528,309.6637163311243,left_blink
1761185178.636346,-1595.8471002425067,-1139.5849154982716,395.51498976396397,220.72515548486263,left_blink
1761185178.636346,-1586.654426151421,-1133.900267565623,361.46694056736305,246.3397302813828,left_blink
1761185178.6520777,-1550.1492626839317,-1080.363599699922,411.5479408740066,289.8833854654804,left_blink
1761185178.6520777,-1577.005484265741,-1128.5185515293851,400.4254784057848,241.72843363601714,left_blink
1761185178.6529312,-1590.6972580035217,-1132.2247923854738,367.2002071994357,233.06682533863932,left_blink
1761185178.6529312,-1546.9666078216396,-1084.630825549364,397.1007073451765,293.01368172839284,left_blink
1761185178.6663184,-1546.4654612275772,-1096.5461468081921,416.222815818619,274.7966290442273,left_blink
1761185178.6663184,-1606.262721619103,-1142.8498481595889,393.5440624873154,222.08647906873375,left_blink
1761185178.682068,-1568.7477851635776,-1107.5938112773001,392.5043702996336,277.5828545112163,left_blink
1761185178.682068,-1536.0872388505377,-1070.2097713202238,440.65932212909684,311.04747931472957,left_blink
1761185178.68286,-1583.3932333900593,-1127.942606936209,400.9191451999359,242.21836053021252,left_blink
1761185178.68286,-1598.1246993155219,-1119.3146577384323,371.8676023441367,253.95790649112314,left_blink
1761185178.696411,-1526.5280545637943,-1075.2287170607597,415.86004552291706,316.7134277475998,left_blink
1761185178.696411,-1562.0458844429813,-1115.0511717889458,410.0706803915091,258.95441283192486,left_blink
1761185178.7120774,-1583.1277004932053,-1147.3489478062838,371.1495415526442,234.23367412481457,left_blink
1761185178.7120774,-1535.2719406601973,-1076.0253157513216,413.67968384874985,292.49009573459625,left_blink
1761185178.71283,-1549.9734873860143,-1095.8505254164338,425.83435870474204,265.7946898508817,left_blink
1761185178.71283,-1596.168731638696,-1145.912826223299,381.32580933207646,225.53092692792416,left_blink
1761185178.7263155,-1562.9958190317266,-1090.8577589755878,388.5737354462035,291.2858479488641,left_blink
1761185178.7263155,-1548.7281007007696,-1104.8150656102225,417.19518980709836,272.3170753736049,left_blink
1761185178.7420816,-1575.449685884174,-1143.2387977549806,406.05028793914244,223.9975679460913,left_blink
1761185178.7420816,-1572.940213013906,-1125.2947577675804,371.9648397429846,242.77560562361032,left_blink
1761185178.74283,-1537.1381507380866,-1083.2657620655373,399.60270041553304,271.58779488224536,left_blink
1761185178.74283,-1563.12297563022,-1111.4346885317937,414.3192067411728,250.88744862750173,left_blink
1761185178.7562802,-1608.0653533977456,-1157.5476549854502,369.5376446717419,210.46287000644952,left_blink
1761185178.7562802,-1555.6132565191947,-1092.3686785576865,401.9887565872632,272.9902573656291,left_blink
1761185178.772121,-1551.9593742624857,-1113.166262211278,419.7719808765687,257.98577874340117,left_blink
1761185178.772121,-1602.2198897670023,-1157.35692008771,385.18164618639275,199.62090003490448,left_blink
1761185178.7727666,-1575.292610086035,-1123.7613987857476,372.4996454366483,260.3419157154858,left_blink
1761185178.7727666,-1530.5634066159837,-1084.2194365542382,429.67897585919127,285.18981102108955,left_blink
1761185178.7863164,-1578.3817674494348,-1128.0660236347467,403.2154437727295,217.09745252784342,left_blink
1761185178.7863164,-1577.7684238567017,-1114.8492171913385,374.62390861148015,248.5986298546195,left_blink
1761185178.8021848,-1537.4186432347633,-1078.5946270208806,416.9296569102444,297.89799107052386,left_blink
1761185178.8021848,-1572.6485008173622,-1127.3442229432985,402.67689817911014,240.58402424957603,left_blink
1761185178.8027709,-1596.3669463363476,-1149.0094633866102,369.76951846899465,222.72600196115673,left_blink
1761185178.8027709,-1525.9221907709725,-1079.795134906657,391.62923371000215,299.37899145297706,left_blink
1761185178.8162546,-1547.3181584174745,-1105.0544192073867,422.662923542317,268.28920312132686,left_blink
1761185178.8162546,-1609.8118866770528,-1153.9872702276334,377.3914345786907,199.41146563738585,left_blink
1761185178.832033,-1567.259304981213,-1105.4919875022024,384.92733298940584,257.1181219536811,left_blink
1761185178.832033,-1532.4146570940502,-1075.3109948597848,427.8501647808589,280.63087297510356,left_blink
1761185178.8327396,-1592.7542029791512,-1172.6044922070578,390.4549051239155,205.52246216498315,left_blink
1761185178.8327396,-1598.3677928126417,-1137.011864328757,365.5172522193752,229.98888767510653,left_blink
1761185178.846438,-1530.6494243149646,-1087.4619298158213,420.75183466495946,278.97035739477724,left_blink
1761185178.846438,-1569.4995050546713,-1123.2228531921282,419.1100185844116,219.9547360939905,left_blink
1761185178.86212,-1614.4119636225514,-1157.8730262815952,356.79580552270636,202.60534019954503,left_blink
1761185178.86212,-1563.2875312282704,-1108.2258543698117,394.4603379764594,254.1935201883316,left_blink
1761185178.8628335,-1549.8425908875652,-1116.7266469690949,404.08684046240523,228.46300849318504,left_blink
1761185178.8628335,-1604.116019044537,-1173.0383206019178,380.14774084603414,180.5287107611075,left_blink
1761185178.8763847,-1576.0555496769957,-1138.0552964163944,381.2061325334944,233.01446673925966,left_blink
1761185178.8763847,-1538.750047618989,-1102.1859159413725,412.8419462586753,262.77659058663994,left_blink
1761185178.892099,-1604.2356958431192,-1158.7519027711824,388.8804072425701,187.91127327363938,left_blink
1761185178.892099,-1602.3059074659832,-1156.4069854989648,362.79834495158866,214.56928015779704,left_blink
1761185178.892733,-1537.8113327301107,-1094.365785134025,413.41415095189586,265.3945205556229,left_blink
1761185178.892733,-1563.605422724504,-1149.5592286800966,421.32403935818,233.01072683930397,left_blink
1761185178.906482,-1589.668785515707,-1154.4098789226264,368.43063428485766,217.37794502452016,left_blink
1761185178.906482,-1538.7911865185015,-1086.2090633306652,398.22641723183915,285.38428581878543,left_blink
1761185178.9220464,-1545.8932565343566,-1105.544346101582,426.7020154944621,259.9043474206701,left_blink
1761185178.9220464,-1605.8363730241545,-1147.8613141002133,389.9799378295429,202.89331249613315,left_blink
1761185178.9228196,-1560.4489471619017,-1111.236473834142,387.2498108618893,265.0055709602311,left_blink
1761185178.9228196,-1533.7460614782758,-1095.5438536200672,423.97188852680847,271.5354362828657,left_blink
1761185178.9363348,-1600.8211671835743,-1170.551287131384,390.3427081252448,193.644539905712,left_blink
1761185178.9363348,-1582.951925195288,-1140.6807061852887,368.43811408476904,227.26998040731996,left_blink
1761185178.952057,-1553.5488317436539,-1101.1724030533805,409.5508342976682,255.90639436803758,left_blink
1761185178.952057,-1558.2835450875573,-1120.5226454241201,420.3030466702767,230.68450906686485,left_blink
1761185178.9528284,-1595.072940951679,-1160.1992440540344,365.0348051250912,206.621992751956,left_blink
1761185178.9528284,-1550.3325177817605,-1105.0918182069436,403.8736661649309,264.7998764626682,left_blink
1761185178.9664268,-1531.1169118094258,-1096.8415989046916,433.5310728135519,262.6531738881022,left_blink
1761185178.9664268,-1591.9688239884563,-1152.3342344472185,379.18284665746614,209.44187731854618,left_blink
1761185178.9820776,-1560.7780583580025,-1109.306685457006,383.6819463041611,267.1223543351516,left_blink
1761185178.9820776,-1534.1724100732245,-1096.3890710100532,432.8466711216606,271.0155901890248,left_blink
1761185178.9828029,-1567.8576889741234,-1132.2771509848535,409.26286200108007,238.20170797780156,left_blink
1761185178.9828029,-1567.94744657306,-1134.2779974611476,356.68734842399135,240.54288535006344,left_blink
1761185178.9964187,-1524.5982661866583,-1085.730356136337,417.8197530996986,287.45619039423764,left_blink
1761185178.9964187,-1566.3766885916702,-1130.0219913115725,418.04414709703997,238.53455907385796,left_blink
1761185179.012025,-1584.518943276722,-1152.6371663436294,386.21385857416317,223.18600965570658,left_blink
1761185179.012025,-1524.7628217847086,-1085.8799521345645,420.20206937147304,292.67335083242506,left_blink
1761185179.0128205,-1516.6247994811274,-1105.2339344052598,428.2914729756303,260.375574815087,left_blink
1761185179.0128205,-1590.1100937104784,-1157.0465083913878,386.1614999747835,215.38831824809313,left_blink
1761185179.0270598,-1522.0775736165233,-1091.1494711721316,406.3644395354204,291.8804920418188,left_blink
1761185179.0270598,-1513.1766117219813,-1082.6374588729814,437.9217153615318,287.5085489936173,left_blink
1761185179.0278316,-1569.2283623078838,-1141.6848693233915,407.38543222332373,228.62569414125755,left_blink
1761185179.0413997,-1566.3411595420912,-1124.1970971305855,380.282377244439,245.2420696443878,left_blink
1761185179.0413997,-1498.8359653418884,-1058.2477013119496,433.43383541470394,312.04416265292093,left_blink
1761185179.0570378,-1546.4598513776436,-1129.485315667931,416.1816769191064,247.22047672094777,left_blink
1761185179.0570378,-1577.2317482130602,-1145.8698173738085,377.8177831736393,235.67166565777734,left_blink
1761185179.0578167,-1527.2592050051317,-1076.3899559970014,415.2130428305827,296.557236936409,left_blink
1761185179.0578167,-1525.2209595292807,-1078.9480475666933,427.20316208852455,272.67797571932897,left_blink
1761185179.0713277,-1600.366769338958,-1167.6061159162782,369.80317756859586,193.2985991598107,left_blink
1761185179.0713277,-1532.091155747883,-1100.8975204066373,399.5802610157989,286.2650322583504,left_blink
1761185179.087228,-1506.5401592506096,-1090.5379975293763,435.3785833916627,298.3860480147414,left_blink
1761185179.087228,-1578.5706323971972,-1143.8652309975587,384.2391913975589,223.22153870528564,left_blink
1761185179.087815,-1566.6253919387236,-1132.4360967329703,367.13288900023326,235.29767566220835,left_blink
1761185179.087815,-1526.8889549095184,-1086.8093172735535,421.27542065875605,290.5172985079698,left_blink
1761185179.1013625,-1564.8825985593721,-1137.9412294677459,399.0641548219137,222.21924551716074,left_blink
1761185179.1013625,-1576.0835989266634,-1144.98346108431,375.95531299570575,224.17521319398656,left_blink
1761185179.1170323,-1519.4802130972967,-1096.185246462468,401.4015922942199,286.77365865232423,left_blink
1761185179.1170323,-1530.789670563303,-1121.4482706631534,421.806486452464,254.03457444021478,left_blink
1761185179.1178017,-1584.2515404298902,-1147.8220451506786,399.8345742127858,206.79215819993988,left_blink
1761185179.1178017,-1547.4135258663446,-1101.6305407979526,387.0104572647251,267.61041127936915,left_blink
1761185179.131363,-1520.018758690916,-1087.4114411664195,416.5033083152957,268.3247321709059,left_blink
1761185179.131363,-1573.1851764610037,-1151.5656850063242,393.428125588689,216.14564798912033,left_blink
1761185179.1470296,-1559.7065770206973,-1127.2712948941626,377.18200018117204,240.51857600035146,left_blink
1761185179.1470296,-1517.4344878215343,-1081.689394234214,434.24165380513296,297.54831042466685,left_blink
1761185179.147844,-1553.7601360911503,-1147.8968431497924,414.20326984254643,231.0940281120129,left_blink
1761185179.147844,-1576.8801976172253,-1162.108462981414,384.47480509476736,220.8317426335998,left_blink
1761185179.161376,-1518.2797052115202,-1079.6960275578313,417.08299280842766,290.43502070894465,left_blink
1761185179.161376,-1523.2612519524992,-1105.2470240551047,434.1892952057533,258.89644438261166,left_blink
1761185179.1770806,-1584.9920406211168,-1154.2958119739778,380.07294284692034,197.1095572146587,left_blink
1761185179.1770806,-1559.1007132278755,-1108.36610061815,392.6838854975067,253.37261214805767,left_blink
1761185179.177837,-1526.6196821127087,-1107.7938959249295,425.7408612058498,265.90501689957455,left_blink
1761185179.177837,-1565.8063538484275,-1147.997820448596,406.7384295309894,224.50806429004297,left_blink
1761185179.1913345,-1577.2429679129273,-1145.114357582759,374.4219540138729,225.62629437679425,left_blink
1761185179.1913345,-1530.6699937647209,-1104.3195288660936,419.50270807975903,273.2614001124166,left_blink
1761185179.207059,-1556.669778256677,-1124.3766123284586,429.4732813616283,240.282962303143,left_blink
1761185179.207059,-1583.7055150363594,-1168.900121300947,375.4466866017319,211.94948023883626,left_blink
1761185179.2078147,-1522.902221556753,-1109.0804215096869,406.0689874389209,270.0263866507448,left_blink
1761185179.2078147,-1535.745038004592,-1113.4710640576668,428.31391237536445,253.61196574522182,left_blink
1761185179.22138,-1568.2784277191386,-1167.99506551167,387.8294953550212,202.84656374668702,left_blink
1761185179.22138,-1548.3073619557545,-1132.716589229647,387.47794475918636,254.15425123879686,left_blink
1761185179.2370484,-1490.2566348435357,-1049.2981207179837,454.1267018695362,319.47908376483247,left_blink
1761185179.2370484,-1591.5518251433969,-1159.4867931124754,387.02915676450357,189.3642244064249,left_blink
1761185179.237815,-1573.2375350603834,-1147.82952495059,379.6017154525034,229.78132322756574,left_blink
1761185179.237815,-1515.6991742420942,-1082.4149348256178,418.05162689695135,276.0289260796271,left_blink
1761185179.2513611,-1551.557335017249,-1157.852456831839,410.63540528481826,220.33807583944872,left_blink
1761185179.2513611,-1580.249847477302,-1166.2859312319197,367.4919193959795,201.0775910676457,left_blink
1761185179.2669935,-1537.0390433892608,-1086.0837766821496,405.657598443795,279.46963403886184,left_blink
1761185179.2669935,-1516.6865078303963,-1083.6341422111727,447.3013844504021,276.57869137311354,left_blink
1761185179.2677984,-1564.149578168057,-1147.8444845504127,395.0250628697686,220.59238903643563,left_blink
1761185179.2677984,-1550.3792665312067,-1129.6610909658484,382.3580217198469,249.09416659874842,left_blink
1761185179.281374,-1487.418050777167,-1081.9287478313781,445.76428556861356,307.9414924015291,left_blink
1761185179.281374,-1572.7663076659665,-1144.7927261865698,392.59038799861446,199.7087876838632,left_blink
1761185179.2969873,-1549.7808825382963,-1132.5071548321284,387.2685103616677,243.92936475994065,left_blink
1761185179.2969873,-1510.0519253090024,-1094.7341652796604,425.8904572040774,279.90346243372187,left_blink
1761185179.2977607,-1565.7352957492694,-1142.0663391188718,396.34150765417144,217.63038827152923,left_blink
1761185179.2977607,-1574.9616289399564,-1145.7052617757581,377.4550128779374,220.1959596411325,left_blink
1761185179.3114345,-1529.342329280451,-1095.24653157359,406.2896415363066,273.8859634050168,left_blink
1761185179.3114345,-1541.2015520399436,-1122.2186900540255,425.2958131111227,239.82669450854883,left_blink
1761185179.3271592,-1597.1541952770203,-1195.853580281604,366.9384142025374,181.50295469956473,left_blink
1761185179.3271592,-1559.5682007223368,-1125.143291819375,393.1326734921895,247.6131662162952,left_blink
1761185179.3278632,-1498.38343744725,-1065.491887526121,447.70155374566093,315.21933771530166,left_blink
1761185179.3278632,-1574.0004746513441,-1146.2325876695104,390.7166981208138,210.85368955181912,left_blink
1761185179.3414044,-1583.2903861412778,-1155.5785976587795,368.1875407877378,215.31913009891286,left_blink
1761185179.3414044,-1522.7002669591457,-1107.1693326323293,417.5056015034206,272.79765251791105,left_blink
1761185179.3569665,-1546.1756189810112,-1124.1522183311172,425.8941971040331,234.69929166929796,left_blink
1761185179.3569665,-1556.5538413580507,-1123.3743191403337,402.5908804801293,244.45669065369293,left_blink
1761185179.357837,-1546.3027755795047,-1100.3140960135497,405.15645184973255,259.23677527857944,left_blink
1761185179.357837,-1521.0135720791295,-1096.2263853619806,426.4851012970321,269.97776795132086,left_blink
1761185179.3713827,-1593.3768963217735,-1169.3788284952752,363.61738304188475,193.71746795484796,left_blink
1761185179.3713827,-1538.3068694742396,-1104.3569278656505,393.40194628899917,275.04907229123637,left_blink
1761185179.3870082,-1505.3134720651433,-1076.6442691939883,444.601176682394,298.1317348177545,left_blink
1761185179.3870082,-1586.0766116082668,-1159.299798114691,405.6201994442381,204.5631778263487,left_blink
1761185179.3878176,-1571.5246608806774,-1132.2079628356732,384.044716599863,257.63609809754416,left_blink
1761185179.3878176,-1498.35725814756,-1064.0856851427816,415.90492432238534,313.48028423590586,left_blink
1761185179.401378,-1541.7662769332528,-1116.4555042223074,416.0246011209674,238.06520162941888,left_blink
1761185179.401378,-1581.5139336623251,-1154.2023144750856,375.9291336960159,212.58900313125923,left_blink
1761185179.4169784,-1531.863021850586,-1077.309971386101,416.67534371325746,302.85148856183514,left_blink
1761185179.4169784,-1526.0325178196654,-1085.4442537897266,431.82941833371297,279.12930314289406,left_blink
1761185179.4177809,-1587.920382286422,-1168.0698635107838,361.0779909719713,201.4852401628159,left_blink
1761185179.4177809,-1542.0318098301068,-1102.2663237904198,387.1301340633072,267.0718656857498,left_blink
1761185179.4313693,-1506.1399899553508,-1060.9105100804009,442.9294414022006,297.039684030693,left_blink
1761185179.4313693,-1565.7839144486934,-1146.7748731630854,405.08165385061875,217.63038827152923,left_blink
1761185179.4471684,-1561.3895320007578,-1123.841806634795,389.37033413676545,239.62473991094157,left_blink
1761185179.4471684,-1516.4209749335423,-1092.5238844058476,413.3730120523833,277.2294339654036,left_blink
1761185179.447821,-1551.1534258220345,-1120.4833764745854,418.9267634865828,248.04699461115524,left_blink
1761185179.447821,-1576.2182353250682,-1141.221121728886,373.4981987248175,241.54704848816618,left_blink
1761185179.4613583,-1507.7855459358543,-1066.310925616417,419.68222327763215,306.1613000226207,left_blink
1761185179.4613583,-1539.9112865552306,-1121.5754272616468,431.67982233548537,239.8379142084159,left_blink
1761185179.4770687,-1581.6448301607743,-1166.91049452452,381.63248112844303,213.5613771197386,left_blink
1761185179.4770687,-1517.6738414186984,-1079.9989594542421,408.6495184083469,297.8549822210334,left_blink
1761185179.4777837,-1504.2102015782148,-1086.910294572357,440.53964533051476,284.90744857443497,left_blink
1761185179.4777837,-1580.6387970726937,-1162.011225582566,398.735043625813,209.1595148718916,left_blink
1761185179.5076976,-1570.2044761963189,-1149.5797981298529,385.10684818727896,237.8370677321218,left_blink
1761185179.5076976,-1503.4734412869439,-1079.87928265566,434.54458570154384,292.36480908608064,left_blink
1761185179.5085564,-1530.1426678709686,-1111.081267985981,436.1490027825348,257.68097689701244,left_blink
1761185179.5085564,-1546.5944877760485,-1162.7741651735269,396.0946742570959,244.1350592575036,left_blink
1761185179.509177,-1497.4260230585933,-1105.8753272476606,418.2161824950017,276.05136547936127,left_blink
1761185179.509177,-1521.7540722703561,-1149.0674318359233,442.61154990596697,235.01344326557592,left_blink
1761185179.521364,-1570.4625292932615,-1190.8757734405808,392.571688498836,197.853797305841,left_blink
1761185179.521364,-1535.9731719018891,-1093.761791291181,396.41630565328524,266.3762442939915,left_blink
1761185179.5370564,-1498.4507556464523,-1124.4663699273951,441.3773829205893,257.2845475017093,left_blink
1761185179.5370564,-1534.866161515005,-1219.9347960962914,412.67739066062495,190.46001509344205,left_blink
1761185179.537832,-1554.2276235856116,-1169.0010985997505,398.0506419339217,229.02212353656068,left_blink
1761185179.537832,-1476.4751035068184,-1097.0828224518336,470.881453671027,298.3486490151845,left_blink
1761185179.55142,-1519.281998399645,-1197.0204290677793,437.3420308683999,190.86392428865656,left_blink
1761185179.55142,-1507.6359499376267,-1264.779936464969,408.2044703136198,223.2738973046653,left_blink
1761185179.567042,-1463.2807364631444,-1145.080698483158,453.06083038216457,273.02204651525244,left_blink
1761185179.567042,-1502.3514713002369,-1126.7402291004546,440.47232713131234,218.07917626621202,left_blink
1761185179.5677938,-1498.0356267513707,-1187.689378678333,423.46326213283464,190.9985606870614,left_blink
1761185179.5677938,-1417.298666507937,-1259.8021296239458,448.40465493733063,220.13612124184147,left_blink
1761185179.5814989,-1493.8880777005106,-1131.9424299388193,467.56416241033,230.85841441480443,left_blink
1761185179.5814989,-1502.2991127008572,-1191.6723721311428,441.0894106240012,171.44636371871457,left_blink
1761185179.5970893,-1401.7219831924886,-1182.7040920373984,416.9595761098899,170.97513632429764,left_blink
1761185179.5970893,-1431.6673621376976,-1095.5756427696906,469.03020319296047,239.0936741172336,left_blink
1761185179.5979135,-1473.7113174395636,-1236.607270098757,455.17761375708506,138.99899170314893,left_blink
1761185179.5979135,-1428.5931643741205,-1226.2253078217618,425.6623233067803,171.55482081742957,left_blink
1761185179.6277869,-1400.5027758069336,-1070.7427070639096,450.13996851677075,202.65582884894684,left_blink
1761185179.6277869,-1385.0345495902002,-1203.5390746905468,492.8907649102621,167.26889546820894,left_blink
1761185179.628438,-1436.824684176594,-1190.9655310395174,423.2650474351831,130.3074642061256,left_blink
1761185179.628438,-1378.5757423667237,-1127.1852771951817,438.9726272490807,187.3671178300865,left_blink
1761185179.6292148,-1318.3259540805593,-1136.8342190808617,475.2085179197602,168.08793355850503,left_blink
1761185179.6292148,-1382.7158116176724,-1209.5416141194291,439.6719885407947,110.02598674641922,left_blink
1761185179.6413908,-1351.3492706893012,-1137.8477319688536,427.4051166861318,168.4282644544728,left_blink
1761185179.6413908,-1376.4926180914044,-1079.5838305591606,452.0398376942612,179.6591840214096,left_blink
1761185179.6570623,-1338.4092168426141,-1132.6230917307548,451.17592080449685,137.0093649267219,left_blink
1761185179.6570623,-1365.7142264191061,-1186.7581435893662,407.6098262206651,124.78737187152728,left_blink
1761185179.6578214,-1296.7392515363172,-1110.9802906871773,450.2633852153085,189.98130789911374,left_blink
1761185179.6578214,-1276.708347373642,-1184.3085091183893,485.26136900065467,165.63829908752814,left_blink
1761185179.6713307,-1408.8876315075904,-1108.7513103135861,399.9879101109691,95.26086172135547,left_blink
1761185179.6713307,-1358.3615831062198,-1067.6797290001996,433.8863633093424,203.4150285399519,left_blink
1761185179.6870604,-1333.068639705889,-1101.925992894452,466.0906418277882,173.86233909009025,left_blink
1761185179.6870604,-1366.8548959055915,-1153.824584579561,425.27711361134425,106.36088478984311,left_blink
1761185179.687881,-1379.0469697611406,-1121.0406215679832,402.9499108758755,136.31374353496358,left_blink
1761185179.687881,-1316.8486935980618,-1104.7907562605105,460.8996606892906,194.0353594510816,left_blink
1761185179.701341,-1338.6971891392022,-1154.6511024697684,435.0681716953404,132.8206769763492,left_blink
1761185179.701341,-1420.7879931665957,-1124.5187285267748,382.14110752241686,113.19742190884426,left_blink
1761185179.7170706,-1299.080428908579,-1087.6507947635837,449.68744062213227,208.35543638141826,left_blink
1761185179.7170706,-1381.6088012307882,-1084.969286495354,430.46809474984184,160.840007444378,left_blink
1761185179.7177947,-1408.0424141176045,-1160.3207908025943,399.9879101109691,117.86107715358958,left_blink
1761185179.7177947,-1356.4243149291724,-1117.5288555095904,406.7384295309894,170.86667922558263,left_blink
1761185179.7313125,-1314.3280010279268,-1123.2209832421504,446.9311343547888,177.96874924143776,left_blink
1761185179.7313125,-1374.4057539161295,-1186.5636687916704,424.0055476264097,116.42869547056034,left_blink
1761185179.7470324,-1424.9467619173229,-1117.8654465056024,391.1318270158954,142.6005153604783,left_blink
1761185179.7470324,-1354.8460771478713,-1080.5113257481717,450.99266570666805,197.79395890654996,left_blink
1761185179.747849,-1377.3453152813017,-1158.6340959225781,418.5452936911024,137.0505038262345,left_blink
1761185179.747849,-1411.6102786753327,-1180.5274702631868,404.77872195420787,141.11577507806942,left_blink
1761185179.761393,-1374.6563272131607,-1054.1487709605135,430.6999685470946,210.08701006090268,left_blink
1761185179.761393,-1372.169293742627,-1093.4551194948144,455.06167685845867,186.79491313686594,left_blink
1761185179.7771184,-1409.9871620945632,-1160.769578797277,394.03772928146645,128.4861329277046,left_blink
1761185179.7771184,-1346.431302247569,-1147.504153654445,415.60573232593015,201.4852401628159,left_blink
1761185179.7778263,-1380.1203210484236,-1106.9972972343676,454.3735352666117,193.60527095617726,left_blink
1761185179.7778263,-1456.545176642947,-1163.8475164608099,402.3178677833639,129.36126951733604,left_blink
1761185179.7913766,-1427.0411058925092,-1134.418243709486,387.3956669601612,174.30364728486165,left_blink
1761185179.7913766,-1359.3788358941674,-1110.8456542887725,438.5537584540434,215.58092309581116,left_blink
1761185179.807148,-1413.3493321547285,-1159.2810986149125,428.09699817793444,148.72647148789838,left_blink
1761185179.807148,-1450.056450219825,-1174.79794353107,380.34221564373,142.36864156322554,left_blink
1761185179.8078473,-1378.0970351723954,-1104.3943268652074,425.3032929110341,233.2369907866232,left_blink
1761185179.8078473,-1423.5779585335404,-1142.4216296146624,437.09893737128004,194.850657641422,left_blink
1761185179.8213885,-1472.9745571482927,-1165.354696142953,392.4295723005198,149.67266617668793,left_blink
1761185179.8213885,-1410.9258769834414,-1123.6136727374978,405.30978774791583,218.1951131648384,left_blink
1761185179.8370516,-1401.0151421008632,-1111.2645230838098,447.36496274964884,227.88893384998664,left_blink
1761185179.8370516,-1478.7527025798336,-1199.268108941149,391.1355669158511,143.81224294612184,left_blink
1761185179.8377314,-1456.881767638959,-1141.6736496235244,392.5791682987474,181.11774500412866,left_blink
1761185179.8377314,-1416.431009718217,-1089.539444241207,446.87877575540915,239.37416661391035,left_blink
1761185179.85127,-1478.3338337847963,-1165.7847846378572,409.5508342976682,159.62453995877877,left_blink
1761185179.85127,-1488.9439299590886,-1183.3735341294669,378.6817000634037,164.2059174044989,left_blink
1761185179.8671067,-1418.6525102918968,-1135.1998828002252,415.67305052513257,238.68228512210771,left_blink
1761185179.8671067,-1430.0891243563965,-1136.950155979488,426.43274269765243,222.50721781374887,left_blink
1761185179.867758,-1527.0796898072585,-1172.7783975549974,370.3791221617721,141.84131566947326,left_blink
1761185179.867758,-1465.8163886331022,-1093.978705488611,411.5105418744497,254.3225467368029,left_blink
1761185179.881349,-1441.9595668157563,-1142.0700790188275,436.7174675757997,224.4183066911064,left_blink
1761185179.881349,-1510.7774659004062,-1146.7299943636172,399.6064403154887,184.89504395937547,left_blink
1761185179.8972125,-1514.8352573523298,-1153.353357185144,368.98413947829977,204.48090002732351,left_blink
1761185179.8972125,-1461.5267233839259,-1090.493118729908,419.38303128117695,255.41459752386436,left_blink
1761185179.8978493,-1506.1025909557939,-1150.0697250240482,412.45673656323925,201.821831158828,left_blink
1761185179.8978493,-1503.7389741837978,-1158.4209216251038,386.8272021668963,213.59129631938413,left_blink
1761185179.9113452,-1461.8408749802038,-1117.3456004117616,419.87295817537233,276.380476675462,left_blink
1761185179.9113452,-1470.0125563833863,-1073.644869429525,448.2700185389258,283.16465519508347,left_blink
1761185179.9270685,-1548.131586657837,-1178.5341035868041,371.1121425530873,176.506448358763,left_blink
1761185179.9270685,-1488.8466925602406,-1090.5978359286673,394.8418077719398,276.8517040698789,left_blink
1761185179.927812,-1472.391132755205,-1103.579028674867,426.72819479415193,271.3054324355908,left_blink
1761185179.927812,-1515.931048039347,-1171.1814602739178,414.74929523607716,209.09219667268917,left_blink
1761185179.9412875,-1518.9379276037216,-1108.3212218186818,388.22592475032434,242.9869099711068,left_blink
1761185179.9412875,-1492.0069080227986,-1099.3080629254691,406.3195607359521,278.79645204683766,left_blink
1761185179.9570158,-1516.7351265298203,-1138.083345666062,409.9921424924396,226.52387036615983,left_blink
1761185179.9570158,-1544.1822523046285,-1162.1159427813254,361.0144126727246,213.20982652390376,left_blink
1761185179.9577672,-1466.4633913254365,-1065.1627763300203,422.35251184599474,301.3405689797364,left_blink
1761185179.9577672,-1495.4438760820776,-1112.2443768722005,423.2575676352717,266.75397418951616,left_blink
1761185179.9713535,-1552.5484085055068,-1164.1691478569992,382.88534761359915,204.72773342439905,left_blink
1761185179.9713535,-1490.8512789364904,-1080.5150656481273,414.775474535767,302.73181176325306,left_blink
1761185179.9870684,-1498.8733643414453,-1100.1345808156766,437.14007627079263,263.1038318327628,left_blink
1761185179.9870684,-1551.9275851128623,-1171.4469931707717,392.18273890344426,208.81170417601243,left_blink
1761185179.9878156,-1522.4646532619372,-1137.31292627519,373.1653476287611,248.97074990021065,left_blink
1761185179.9878156,-1485.4957421999425,-1080.4028686494567,425.78947990527377,281.1525890189223,left_blink
1761185180.0013945,-1517.015619026497,-1123.3406600407325,430.13150375382975,242.4259249777533,left_blink
1761185180.0013945,-1551.3815597193316,-1159.202560715843,366.1118963123299,217.95575956767425,left_blink
1761185180.0170147,-1486.1128256926313,-1092.965192600619,411.5404610740952,291.54203109582886,left_blink
1761185180.0170147,-1509.5283393152058,-1103.2237381790765,430.05296585476026,255.97184261726215,left_blink
1761185180.0178275,-1556.8567732544616,-1154.475327171851,381.1949128336273,201.6310962610878,left_blink
1761185180.0178275,-1506.2409672541544,-1097.0678628520109,396.8463941481896,281.24234661785886,left_blink
1761185180.0321257,-1489.6245917510241,-1079.9316412550397,436.2238007816486,272.9248091164045,left_blink
1761185180.0321257,-1534.4173735203221,-1147.444315255154,412.41933756368235,221.78167722234502,left_blink
1761185180.0328403,-1532.031317348592,-1125.3527262168936,384.40374699560925,254.5843397337012,left_blink
1761185180.046338,-1500.9564886167645,-1080.8067778446712,419.76076117670164,279.05450514378026,left_blink
1761185180.046338,-1549.3096551438794,-1145.862337573897,407.9464172166772,215.43506699753925,left_blink
1761185180.062232,-1561.434410800226,-1172.5465237577446,350.4155361982994,206.4106884044595,left_blink
1761185180.062232,-1494.6510172914714,-1059.3621914987452,423.46326213283464,306.688625916373,left_blink
1761185180.0628324,-1517.7972581172362,-1091.5066316179,441.8897492145188,258.8852246827446,left_blink
1761185180.0628324,-1579.7150417836383,-1145.5706253773533,373.2326658279635,203.12331634340808,left_blink
1761185180.0763788,-1528.2166193937883,-1093.978705488611,413.41789085185155,284.219306982588,left_blink
1761185180.0763788,-1529.2712711812928,-1109.7573434016667,417.7075561010279,242.44462447753176,left_blink
1761185180.092089,-1561.5054688993841,-1139.2726338519715,381.4118270310573,217.4546129736118,left_blink
1761185180.092089,-1565.6268386505544,-1134.8221529047005,355.6326966364868,238.9814771185629,left_blink
1761185180.0927844,-1522.273918364197,-1077.407208784949,401.6633852911182,270.5499726445414,left_blink
1761185180.0927844,-1551.7817290145904,-1131.0448539494537,392.7624233965762,205.38969571655616,left_blink
1761185180.10639,-1579.6477235844359,-1136.6173048834316,381.572642729152,221.85273532150313,left_blink
1761185180.10639,-1516.5967502314597,-1081.1994673400186,402.2468096842058,287.95920693827793,left_blink
1761185180.1221056,-1540.5134104480967,-1101.7876165960915,422.9957746383734,244.48660985333845,left_blink
1761185180.1221056,-1610.5766962179914,-1168.1446615098976,364.21576703479514,198.31754490034655,left_blink
1761185180.1228263,-1563.4651764761657,-1090.5342576294206,368.221199887339,267.79740627715364,left_blink
1761185180.1228263,-1527.726692499593,-1077.6465623821132,416.0395607207902,274.3609306993894,left_blink
1761185180.1363797,-1596.7390663819388,-1146.3410447682254,380.6825465396978,190.91628288803622,left_blink
1761185180.1363797,-1563.1996435793117,-1112.008763174992,382.14110752241686,262.1838164436631,left_blink
1761185180.1520967,-1551.6321330163628,-1076.8200444919057,421.963562250603,273.43343551037833,left_blink
1761185180.1520967,-1564.0486008692533,-1099.031310328748,411.9518500692211,240.8776063960977,left_blink
1761185180.1527803,-1595.7143337940797,-1121.380952463951,357.5213461141102,228.4199996436946,left_blink
1761185180.1527803,-1543.4492319133133,-1067.4067163034342,410.6279254849069,273.4147360105999,left_blink
1761185180.166335,-1547.215311168693,-1099.1509871273302,412.3333198647015,249.883285489399,left_blink
1761185180.166335,-1609.507084830664,-1151.3973895083182,368.6363287824206,200.83823747048154,left_blink
1761185180.182031,-1546.0260229827836,-1088.4623530539684,379.66903365170583,272.8163520176895,left_blink
1761185180.182031,-1533.1869464349002,-1068.3454311923124,423.13415093673393,265.7442012014799,left_blink
1761185180.1828356,-1590.9422214506194,-1133.4683091207407,391.41231951257214,218.07169646630064,left_blink
1761185180.1828356,-1551.9238452129066,-1077.7550194808282,402.6245395797305,294.676067258697,left_blink
1761185180.196416,-1551.243183420971,-1067.1823223060928,421.4698954564519,272.02349322708324,left_blink
1761185180.196416,-1583.3539644405246,-1117.0613680151291,415.4299570280127,241.67420508665964,left_blink
1761185180.2120943,-1573.4656689576805,-1104.7907562605105,383.1695800102316,272.9921273156069,left_blink
1761185180.2120943,-1547.5107632651925,-1104.0203368696384,388.3194222492166,257.2995071015321,left_blink
1761185180.2128215,-1543.0864616176113,-1086.7756581739523,418.71732908906415,255.3659788244404,left_blink
1761185180.2128215,-1593.840643916279,-1108.8148886128329,386.84590166667476,235.04336246522143,left_blink
1761185180.226328,-1571.0272541865706,-1082.2129802280106,388.81308904336765,269.01661366270855,left_blink
1761185180.226328,-1562.3918251888826,-1093.0998289990239,420.65085736615583,247.86373951332644,left_blink
1761185180.2420228,-1593.975280314684,-1122.9517104453407,380.85084203770384,229.2764367335476,left_blink
1761185180.2420228,-1548.868346949108,-1085.2497789920308,372.9746127310209,288.2209999351762,left_blink
1761185180.2428145,-1542.102867929265,-1071.8534573507495,422.83495894027874,278.87498994590715,left_blink
1761185180.2428145,-1593.5601514196023,-1138.0758658661507,395.00636336999014,223.012104307767,left_blink
1761185180.256348,-1594.3829294098541,-1126.6355119016953,363.43786784401163,238.89545941958204,left_blink
1761185180.256348,-1539.4026601612568,-1053.2063161716796,425.666063206736,305.5030776304193,left_blink
1761185180.2720299,-1560.9220445062965,-1102.4869778878056,415.45987622765824,241.53208888834342,left_blink
1761185180.2720299,-1634.9234449295327,-1162.5983898756094,355.8458709339611,187.90940332366154,left_blink
1761185180.272757,-1538.1610133759677,-1064.5307332375087,388.51763694686815,312.3470945493318,left_blink
1761185180.272757,-1537.2035989873111,-1070.5257928664796,423.57171923154965,287.13268904807046,left_blink
1761185180.2863705,-1616.3623214494437,-1144.127023994457,374.9791991072707,198.6354363965802,left_blink
1761185180.2863705,-1601.645815123804,-1123.8866854342632,356.61255042487755,230.2712501217611,left_blink
1761185180.302126,-1555.6487855687737,-1076.1842614994384,410.16417789040133,267.4047167818062,left_blink
1761185180.302126,-1580.8931102696806,-1125.5808601141907,399.92807171167806,238.04650212964043,left_blink
1761185180.3028593,-1613.067469588481,-1135.0241075023077,348.64282361930236,221.4563059262,left_blink
1761185180.3028593,-1545.5248763887212,-1065.5779052251019,396.4649243527092,279.9371215333231,left_blink
1761185180.3164234,-1573.5816058563069,-1121.0256619681604,401.60354689182714,240.67565179849043,left_blink
1761185180.3164234,-1625.8167885374278,-1159.1128031169064,365.76034571649507,183.91145027102903,left_blink
1761185180.3319528,-1563.3193203778937,-1081.326623938512,389.4900109353475,277.4388683629222,left_blink
1761185180.3319528,-1547.529462764971,-1075.5297790071927,416.9558362099342,265.93493609922007,left_blink
1761185180.3327749,-1616.212725451216,-1154.1200366760604,367.21516679925844,183.01761418161914,left_blink
1761185180.3327749,-1593.46665392071,-1106.8888401356526,353.28403946431354,249.0231084995903,left_blink
1761185180.3463523,-1540.3264154503122,-1071.026939460542,407.12363922642544,273.94954170426354,left_blink
1761185180.3463523,-1597.0569578781724,-1129.5264545674436,400.03652881039307,219.11512855393812,left_blink
1761185180.3620772,-1595.4637604970485,-1118.8378204940818,380.73864503903314,239.25448981532827,left_blink
1761185180.3620772,-1571.1581506850198,-1090.7549117268063,400.30580160720274,261.2825005543418,left_blink
1761185180.3628416,-1588.7356804767624,-1111.937705075834,404.64408555580303,222.1631470178254,left_blink
1761185180.3628416,-1603.706499999389,-1133.3486323221587,374.35837571462616,224.70627898769453,left_blink
1761185180.376366,-1573.1178582618013,-1112.5847077681683,369.8891952675767,264.958822210785,left_blink
1761185180.376366,-1547.529462764971,-1085.4928724891506,428.5644856723957,267.4047167818062,left_blink
1761185180.3920116,-1617.7647839328274,-1166.2634918321855,371.13458195282146,180.8821313069202,left_blink
1761185180.3920116,-1590.138142960146,-1121.5903868614696,369.4478870728053,235.3575140614994,left_blink
1761185180.3929627,-1542.1290472289547,-1059.122837901581,423.8110728287138,292.6490414827131,left_blink
1761185180.3929627,-1611.691186404787,-1145.2639535809867,385.66409328067675,196.7767061186023,left_blink
1761185180.406467,-1599.039104854688,-1141.411856626626,360.6254630773328,230.81353561533615,left_blink
1761185180.406467,-1554.560474681668,-1074.4227686203085,412.737229059916,285.79754476388916,left_blink
1761185180.4221878,-1575.967662028037,-1116.4555042223074,410.0220616920851,231.58395500620827,left_blink
1761185180.4221878,-1599.8618828449398,-1139.6204445478506,389.3591144368984,221.48622512584552,left_blink
1761185180.4228544,-1568.9142107116058,-1089.1766739455052,384.6131813931279,269.53645975654945,left_blink
1761185180.4228544,-1541.10057474114,-1091.4841922181658,409.685470696073,265.7329815016128,left_blink
1761185180.436338,-1602.3339567156509,-1150.664369117003,375.91791399614885,214.99375880276784,left_blink
1761185180.436338,-1578.282660100609,-1110.247270295862,370.21082666376606,252.6171523570083,left_blink
1761185180.4520428,-1538.3106093741953,-1073.7495866282843,419.1474175839685,303.1731199580245,left_blink
1761185180.4520428,-1568.4841222167015,-1133.041960525792,405.33222714765,229.70278532849625,left_blink
1761185180.4529197,-1593.889262615703,-1159.0866238172166,370.77555155707523,224.10041519487277,left_blink
1761185180.4529197,-1543.572648611851,-1076.3562968974002,406.622492632363,300.4616924901493,left_blink
1761185180.46631,-1560.7874081078917,-1111.4141190820374,398.5480486280285,227.63088075304404,left_blink
1761185180.46631,-1606.8405361622572,-1157.717820433434,376.6434545875527,209.83269686391577,left_blink
1761185180.4820805,-1562.3058074899018,-1098.3768278365023,389.3179755373858,269.4130430580117,left_blink
1761185180.4820805,-1532.7493781400844,-1082.5832303236239,422.9134968393482,269.75337395397946,left_blink
1761185180.4827857,-1590.538312255405,-1131.4786823443137,385.54815638205037,232.3880334966816,left_blink
1761185180.4827857,-1599.4168347502127,-1130.0575203611515,372.8661556323059,233.18089228728786,left_blink
1761185180.4963388,-1530.1351880710572,-1085.13758199336,429.34986466309056,287.0765905487351,left_blink
1761185180.4963388,-1557.8441068427637,-1103.6052079745568,406.08768693869933,263.68351632589474,left_blink
1761185180.5121007,-1602.2778582163155,-1154.9016757667996,329.00086905201897,208.84162337565795,left_blink
1761185180.5121007,-1542.0879083294421,-1077.2314334870316,394.0227696816437,281.05909152003005,left_blink
1761185180.5130508,-1569.3629987062886,-1116.7509563188069,412.82324675889686,243.01682917075232,left_blink
1761185180.5130508,-1614.7130255689844,-1166.0390978348441,363.50518604321405,196.21198122529313,left_blink
1761185180.5263124,-1556.4229448596016,-1097.6849463446997,382.4178601191379,261.7761673484929,left_blink
1761185180.5263124,-1560.18154431507,-1119.8027146826498,411.989249068778,244.89799884846434,left_blink
1761185180.5577457,-1613.0525099886581,-1169.2928107962944,361.6277562654577,186.6228777389042,left_blink
1761185180.5577457,-1566.561813639477,-1123.1387054431252,355.0492722433992,250.97159637650475,left_blink
1761185180.5584831,-1544.7095781983808,-1067.7919259988703,414.78295433567837,292.7238394818269,left_blink
1761185180.5584831,-1588.2233141828328,-1156.633249446284,384.89367388980463,207.44290079222992,left_blink
1761185180.5591545,-1602.453633514233,-1145.5033071781509,353.6692491597496,229.75140402792022,left_blink
1761185180.5591545,-1546.3887932784855,-1089.2552118445747,399.7672560135834,284.1258094836958,left_blink
1761185180.572078,-1569.3255997067317,-1100.9274396062829,419.64856417803094,260.6317579620518,left_blink
1761185180.572078,-1614.0211440771818,-1165.2836380437948,354.1890952535905,202.0424852562137,left_blink
1761185180.572816,-1568.9441299112514,-1104.8543345597573,372.5744434357621,258.4364366880618,left_blink
1761185180.572816,-1554.668931780383,-1077.8111179801635,418.56399319088086,270.7332277423702,left_blink
1761185180.5863528,-1603.9159343969077,-1152.242606898304,366.4073484088294,217.4508730736561,left_blink
1761185180.5863528,-1585.616603913717,-1125.2667085179128,363.2733122459613,249.9132046890445,left_blink
1761185180.60205,-1548.5354958530515,-1090.2088863332756,409.49099589837715,268.54164636833593,left_blink
1761185180.60205,-1588.185915183276,-1136.0376203902997,398.361053630244,236.71509774541482,left_blink
1761185180.6027892,-1598.7548724580556,-1134.6875165062957,350.28089979989454,225.02791038388386,left_blink
1761185180.6027892,-1551.7405901150778,-1095.8636150662787,393.7946357843466,279.94460133323446,left_blink
1761185180.6163013,-1542.4843377247453,-1091.6300483164378,421.264200958889,253.41001114761457,left_blink
1761185180.6163013,-1612.932833190076,-1146.079251771327,362.68988785287365,206.54906470282003,left_blink
1761185180.6320868,-1542.693772122264,-1089.191633545328,388.7981294435449,297.51091142510995,left_blink
1761185180.6320868,-1552.5371888056397,-1091.0167047237046,419.75702127674595,256.26355481380597,left_blink
1761185180.6328435,-1597.6852610707283,-1145.3312717801891,383.33039570832625,220.08002274250612,left_blink
1761185180.6328435,-1561.628885597922,-1099.1547270272858,368.42689438490197,277.05365866748616,left_blink
1761185180.6464033,-1543.344514714554,-1068.1846154942177,413.07755995588377,290.6369753065519,left_blink
1761185180.6464033,-1567.743622025475,-1113.3065084596165,398.2862556311302,247.9497572123073,left_blink
1761185180.6621106,-1570.4587893933058,-1117.532595409546,383.3191760084592,273.57181180873886,left_blink
1761185180.6621106,-1538.1871926756576,-1095.3362891725264,408.12593241455033,288.4154747328721,left_blink
1761185180.6627884,-1550.7158575272188,-1112.3079551714472,414.2481486420147,252.75926855532452,left_blink
1761185180.6627884,-1595.385222597979,-1131.209409547504,364.6720348293893,229.32131553301588,left_blink
1761185180.6763768,-1541.5531026357785,-1082.4037151257508,399.6064403154887,281.4480411154218,left_blink
1761185180.6763768,-1531.9490395495668,-1082.7851849212311,418.9866018858738,281.0441319202073,left_blink
1761185180.6920455,-1584.158042930998,-1135.5439535961486,388.2820232496597,215.28173109935597,left_blink
1761185180.6920455,-1572.2838605716825,-1120.4235380752943,366.1904342113994,245.41784494230524,left_blink
1761185180.6927764,-1507.4938337393105,-1064.2278013410978,419.50270807975903,298.1317348177545,left_blink
1761185180.6927764,-1564.1570579679683,-1135.9403829914518,400.66483200294897,231.96542480168864,left_blink
1761185180.7063472,-1585.0556189203635,-1136.63600438321,372.3089105389081,238.6149669229053,left_blink
1761185180.7063472,-1523.6763808475807,-1074.1534958234988,409.53587469784543,287.7759518404491,left_blink
1761185180.7221007,-1542.9480853192508,-1105.3592210537754,428.1156976777129,244.55018815258518,left_blink
1761185180.7221007,-1590.8001052523032,-1133.9283168152906,387.17875276273116,227.6084413533099,left_blink
1761185180.7227712,-1537.0203438894823,-1086.9439536719583,389.88644033065066,280.0493185319938,left_blink
1761185180.7227712,-1533.8601284269243,-1102.4981975876726,410.59052648535,248.23024970898405,left_blink
1761185180.7364016,-1593.2721791230142,-1151.0084399129264,371.8975215437822,208.23949948279187,left_blink
1761185180.7364016,-1552.159458910115,-1097.8607216426171,387.74347765604034,284.0360518847592,left_blink
1761185180.7520792,-1515.8038914408535,-1069.747893675696,442.3759362087585,301.7482180749066,left_blink
1761185180.7520792,-1563.992502369918,-1120.2440228774212,409.67799089616165,249.00814889976755,left_blink
1761185180.7528262,-1573.4507093578577,-1124.0026223328896,366.31759080989286,234.6805921695195,left_blink
1761185180.7528262,-1514.6183431548998,-1066.5577590134926,428.4822078733705,315.3539741137065,left_blink
1761185180.7663522,-1530.5016982667148,-1093.750571591314,423.5604995316826,264.68580951401964,left_blink
1761185180.7663522,-1587.3855765927583,-1152.0069932010956,372.6829005344771,206.81085769971833,left_blink
1761185180.7820976,-1521.6418752716854,-1102.9731648820452,396.6444395505823,280.9319349215366,left_blink
1761185180.7820976,-1532.0462769484147,-1091.9965585120954,428.6766826710664,272.61439742008224,left_blink
1761185180.7828605,-1582.9799744449556,-1140.4432225381024,393.63382008625194,219.76213124627247,left_blink
1761185180.7828605,-1559.6654381211847,-1110.9092325880192,378.2366519686766,256.42437051190063,left_blink
1761185180.7963727,-1506.0951111558825,-1064.75512723485,432.36048412742093,294.4516732613556,left_blink
1761185180.7963727,-1558.734203032218,-1132.1780436360277,413.05138065619394,227.0848553595133,left_blink
1761185180.8119843,-1575.7432680306956,-1152.7400135924108,359.2641394934617,221.38898772699758,left_blink
1761185180.8119843,-1514.7567194532603,-1063.3040460520424,416.8548589111306,302.1970060695894,left_blink
1761185180.8127656,-1534.5707094185054,-1111.769409577828,428.4747280734591,258.30554018961266,left_blink
1761185180.8127656,-1578.1966424016282,-1148.3493710444309,366.97955310205,210.47221975633875,left_blink
1761185180.8263774,-1542.6713327225298,-1094.9959582765587,398.0207227342762,269.0278333625756,left_blink
1761185180.8263774,-1517.6214828193188,-1079.2023607636802,443.7148203928955,280.43452822742984,left_blink
1761185180.84208,-1591.9632141385227,-1161.397881989833,383.47251190664247,191.32019208325073,left_blink
1761185180.84208,-1551.9724639123306,-1125.9062314103357,369.47780627245083,258.2905805897899,left_blink
1761185180.84297,-1506.1287702554837,-1065.2300945292227,437.256013169419,307.3468483085744,left_blink
1761185180.84297,-1573.940636252053,-1151.1655157110654,399.52790241641924,210.40116165718064,left_blink
1761185180.8563116,-1573.6077851559967,-1136.1460774890147,374.47057271329686,229.47839133115485,left_blink
1761185180.8563116,-1509.4198822164908,-1075.888809402939,411.41330447560176,298.2252323166467,left_blink
1761185180.8719895,-1568.177450420335,-1114.4247385463677,405.5828004446812,230.8284952151589,left_blink
1761185180.8719895,-1590.8300244519487,-1152.0107331010513,379.051950159017,206.98663299763575,left_blink
1761185180.8728178,-1523.493125749752,-1078.974226866383,395.3953129653819,284.83265057532117,left_blink
1761185180.8728178,-1533.175726735033,-1106.6981052379124,421.432496456895,251.4727429705672,left_blink
1761185180.8862813,-1592.587777431123,-1156.199421051424,383.81658270256594,198.38486309954897,left_blink
1761185180.8862813,-1543.9316790075973,-1113.3102483595721,383.4164134073071,252.97244285279885,left_blink
1761185180.90196,-1527.2405055053532,-1088.769024850335,418.4667557920329,264.9887414104305,left_blink
1761185180.90196,-1566.6515712384135,-1152.399682696443,400.5862941038795,213.50901852035895,left_blink
1761185180.9028432,-1573.072979462333,-1144.2429608930834,370.9288874552585,219.78083074605092,left_blink
1761185180.9028432,-1528.8187432866544,-1077.9457543785684,421.09590546088293,270.9314424400218,left_blink
1761185180.9163687,-1530.58397606574,-1099.648393821437,430.09036485431716,255.38093842426315,left_blink
1761185180.9163687,-1593.0552649255842,-1158.5929570230655,377.46997247776017,202.521192450542,left_blink
1761185180.93211,-1539.593395058997,-1100.4936112114228,387.33208866091445,271.16331623727456,left_blink
1761185180.93211,-1514.4425678569824,-1087.6657543634064,425.98021480301395,276.91528236912563,left_blink
1761185180.9327767,-1572.2128024725243,-1146.1877088700421,388.47649804735556,215.3827083981596,left_blink
1761185180.9327767,-1568.7346955137327,-1143.969948196318,371.58336994750425,224.27993039274588,left_blink
1761185180.946462,-1522.8386432575062,-1092.4864854062907,420.9313498628326,252.71812965581194,left_blink
1761185180.946462,-1576.0499398270622,-1118.9986361921765,396.0647550574504,219.04407045478,left_blink
1761185180.9620368,-1613.7930101798847,-1154.232233674731,359.3725965921767,211.39971494534984,left_blink
1761185180.9620368,-1536.5079775955528,-1079.987739754375,403.6492721675895,287.162608247716,left_blink
1761185180.9627929,-1539.0211903657764,-1095.100675475318,423.1865095361136,261.45453595230356,left_blink
1761185180.9627929,-1588.5748647786677,-1162.168301380705,363.50144614325836,196.56727172108367,left_blink
1761185180.9763696,-1559.1044531278312,-1111.0775280860253,396.9885103465058,266.05461289780214,left_blink
1761185180.9763696,-1526.9039145093411,-1088.309017155785,426.01013400265947,277.1097571668215,left_blink
1761185180.9921365,-1593.7621060172096,-1153.8619835791178,368.8644626797177,202.0724044558592,left_blink
1761185180.9921365,-1569.8267463007942,-1118.8415603940375,374.3060171152465,245.806794537697,left_blink
1761185180.9928117,-1529.4732257789,-1090.3098636320792,411.3198069767095,269.0315732625313,left_blink
1761185180.9928117,-1566.1728640440851,-1126.6766508012079,396.0647550574504,222.3464021156542,left_blink
1761185181.0063193,-1591.525645843707,-1167.8118104138412,348.08931842586026,195.1087107383646,left_blink
1761185181.0063193,-1529.6602207766846,-1083.884715508204,409.01602860400453,274.9293954926543,left_blink
1761185181.0220733,-1547.1741722691804,-1109.1552195088007,427.71926828240976,257.01901460485533,left_blink
1761185181.0220733,-1599.196180652827,-1171.8284629662521,359.3426773925312,187.12776423292235,left_blink
1761185181.0227804,-1523.6576813478023,-1061.9315027683042,401.4763902933337,308.1995454984717,left_blink
1761185181.0227804,-1530.6475543649867,-1077.1080167884938,441.0333121246658,282.5251323026605,left_blink
1761185181.0371416,-1584.9845608212054,-1159.0043460181914,381.72971852729097,207.47281999187544,left_blink
1761185181.0371416,-1542.0131103303283,-1103.1227608802728,389.43765233596787,283.03001879667863,left_blink
1761185181.0378408,-1529.101105733309,-1083.9950425568968,421.1370443603955,283.6901111388579,left_blink
1761185181.0514057,-1571.6050687297247,-1117.0968970647082,388.52511674677953,243.94245440978557,left_blink
1761185181.0514057,-1585.7194511624984,-1141.653080173768,359.6269097891636,229.24838748387992,left_blink
1761185181.0671136,-1524.7029833854176,-1073.9758505756035,406.4018385349773,289.1690645739436,left_blink
1761185181.0671136,-1552.378243057523,-1110.585731241852,418.01048799743876,236.0774448029697,left_blink
1761185181.0678236,-1584.096334581729,-1153.3066084356979,382.3094030204229,219.63310469780117,left_blink
1761185181.0678236,-1544.344937952701,-1094.7958736289293,388.73455114429817,274.77792954444885,left_blink
1761185181.0813513,-1534.5052611692809,-1099.0032610790804,415.42247722810134,261.0824159067124,left_blink
1761185181.0813513,-1589.2910556201823,-1161.74756263569,364.32796403346583,199.15715244039893,left_blink
1761185181.097078,-1560.1721945651807,-1118.559197947383,364.91138842655346,257.312596751377,left_blink
1761185181.097078,-1533.2673542839475,-1093.4158505452797,425.1013383134268,270.4209460960701,left_blink
1761185181.0978265,-1569.3087701569311,-1144.140113644302,405.14897204982117,224.71936863753945,left_blink
1761185181.0978265,-1584.324468479026,-1146.7842229129747,365.1881410232745,219.33765260130167,left_blink
1761185181.1113513,-1532.8746647886,-1090.663284177892,399.4269251176156,267.6010615294799,left_blink
1761185181.1113513,-1549.9959267857485,-1116.1881013754755,410.42223098734394,252.13657521270216,left_blink
1761185181.1272013,-1581.9159729075618,-1161.4034918397665,361.02563237259164,203.7684490857646,left_blink
1761185181.1272013,-1544.9283623457886,-1103.4126031268388,394.15740608004853,258.60286223609,left_blink
1761185181.127852,-1531.7339953021146,-1091.590779366903,417.78983390005305,252.95935320295393,left_blink
1761185181.127852,-1606.662890914362,-1168.7374356528744,364.5635777306743,188.92852606158704,left_blink
1761185181.1414356,-1567.887608173769,-1119.980359930545,368.9018616792746,247.1512885717675,left_blink
1761185181.1414356,-1525.4173042769544,-1090.9213372748345,416.2938739177771,258.4495263379067,left_blink
1761185181.1570728,-1570.9842453370802,-1147.431225605309,395.40653266524896,205.10733326990157,left_blink
1761185181.1570728,-1583.0080236946233,-1150.711117866449,365.57709061866626,204.34813357889652,left_blink
1761185181.1578104,-1542.5011672745459,-1096.3703715102747,400.8854861003347,261.5312039013952,left_blink
1761185181.1578104,-1554.9625139269046,-1131.4468931946903,393.66747918585315,217.55746022239327,left_blink
1761185181.1713808,-1577.3084161621518,-1146.0362429218367,352.31540537578985,214.05691386386752,left_blink
1761185181.1713808,-1554.0088394382037,-1111.8797366265208,373.0381910302676,259.06286993063986,left_blink
1761185181.1870623,-1532.4819752932526,-1099.7512410702184,417.2625080063008,244.81011119950563,left_blink
1761185181.1870623,-1602.5153418635018,-1164.4627300035208,366.25401251064613,199.70317783392966,left_blink
1761185181.1878643,-1558.358343086671,-1109.2692864574492,388.0164903528057,266.69600574020296,left_blink
1761185181.1878643,-1535.9787817518227,-1089.9302637865767,417.3934045047499,273.21465136297047,left_blink
1761185181.2014503,-1563.7998975222,-1130.6876935036853,401.2407765961252,215.1751439506188,left_blink
1761185181.2014503,-1562.158081441652,-1126.6373818516731,365.17318142345175,231.7391608543694,left_blink
1761185181.217033,-1515.9815366887487,-1078.6058467207476,411.05053417989984,297.3557055769488,left_blink
1761185181.217033,-1573.7816905039363,-1139.4801982995123,413.94521674560383,218.5522736106068,left_blink
1761185181.2177708,-1591.6883314917795,-1158.755642671138,377.36525527900085,208.94073072448373,left_blink
1761185181.2177708,-1521.5577275226824,-1090.2668547825888,393.2860093903728,284.9093185244128,left_blink
1761185181.2314074,-1536.8576582414098,-1114.4677473958582,420.76305436482653,238.51211967412382,left_blink
1761185181.2314074,-1592.2754957848229,-1155.887139405124,387.6911190566607,192.1298804236576,left_blink
1761185181.2470305,-1542.886376969982,-1114.85669699125,377.3764749788679,266.6399072408676,left_blink
1761185181.2470305,-1524.504768687766,-1103.191949029453,421.5820924551226,258.77115773409605,left_blink
1761185181.2478259,-1570.8496089386754,-1146.660806214437,406.8132275301032,205.93385116010904,left_blink
1761185181.2478259,-1573.2917636097409,-1137.8271625190973,369.3768289736472,225.1045783329755,left_blink
1761185181.2614083,-1523.6782507975586,-1087.200136818923,403.78016866603866,278.3570138020441,left_blink
1761185181.2614083,-1546.0241530328058,-1118.8808293435723,415.6954899248667,234.9966137157753,left_blink
1761185181.277104,-1577.1513403640129,-1158.1834379779175,367.4993991958909,213.75398196745664,left_blink
1761185181.277104,-1536.7043223432265,-1106.1913487939164,388.69715214474127,265.63387415278703,left_blink
1761185181.2777874,-1546.974087621551,-1126.5139651531354,414.27806784166023,246.19761408306658,left_blink
1761185181.2777874,-1592.406392283272,-1166.5757734784856,367.87338919145986,197.75095005705953,left_blink
1761185181.2913737,-1554.8690164280124,-1113.0391056127846,366.88605560315773,253.46423969697207,left_blink
1761185181.2913737,-1517.0361884762533,-1090.154657783918,429.151649965439,271.25868368614465,left_blink
1761185181.306996,-1570.5130179426633,-1160.0571278557181,387.4293260597624,203.5739742880687,left_blink
1761185181.306996,-1569.5069848545827,-1161.4259312395006,372.7464788337238,219.41245060041547,left_blink
1761185181.3077536,-1522.986369305756,-1086.9196443222463,412.98032255703583,285.60120001621544,left_blink
1761185181.3077536,-1543.0696320678107,-1119.2249001394957,414.8764518345706,240.64012274891138,left_blink
1761185181.3214276,-1549.9211287866347,-1186.5954579412937,383.0985219110735,225.52718702796847,left_blink
1761185181.3214276,-1526.2587817669846,-1098.6741498829797,405.6875176434405,278.96661749482155,left_blink
1761185181.337302,-1526.3223600662313,-1072.8277012892067,441.8897492145188,266.63242744095623,left_blink
1761185181.337302,-1572.603622017894,-1136.0544499401003,391.1617462155409,223.82927244808525,left_blink
1761185181.3378036,-1520.151525139343,-1119.6475088344887,387.8631544546224,280.75054977368563,left_blink
1761185181.3378036,-1489.3347495044582,-1099.4109101742506,439.8515037386678,298.2570214662701,left_blink
1761185181.3514905,-1541.921482781414,-1124.1952271806076,413.9863556451164,239.559291661717,left_blink
1761185181.3514905,-1540.376904099714,-1149.9070393759757,393.81707518408075,246.68006117735058,left_blink
1761185181.3670511,-1501.059335865546,-1082.4654234750196,433.94994160858914,301.248941430822,left_blink
1761185181.3670511,-1532.695149590727,-1109.609617353417,424.9517423151992,244.5931970020756,left_blink
1761185181.3677747,-1554.0275389379822,-1159.297928164713,383.5697493054904,222.89055755920708,left_blink
1761185181.3677747,-1504.7356575219892,-1118.2899251505733,413.05138065619394,300.8076332360506,left_blink
1761185181.3814387,-1505.1283470173366,-1114.7557196924463,440.741599928122,271.9730045776814,left_blink
1761185181.3814387,-1562.9958190317266,-1162.8358735227957,387.5078639588319,202.5417619002983,left_blink
1761185181.3971083,-1527.3433527541347,-1149.0543421860784,389.1758593390696,265.83956865035,left_blink
1761185181.3971083,-1512.5445686294697,-1079.6904177078977,441.83365071518347,287.14951859787107,left_blink
1761185181.397876,-1564.7311326111667,-1148.758890089579,401.78680198965594,201.95459760725498,left_blink
1761185181.397876,-1556.12936271308,-1159.2231301655993,354.4396685506217,216.68980343267322,left_blink
1761185181.4113448,-1481.8773889928125,-1081.448170687072,431.27217324031517,298.185963367112,left_blink
1761185181.4113448,-1525.7202361733653,-1147.203091708012,431.6386834359728,227.75990730151534,left_blink
1761185181.4270284,-1582.1889856043272,-1167.3274933695793,378.2628312683664,213.01722167618573,left_blink
1761185181.4270284,-1504.5898014237173,-1089.6497712899,423.01447413815185,309.02045353874564,left_blink
1761185181.4277823,-1517.5485547701828,-1118.4881398482248,429.91458955639973,268.6557133169845,left_blink
1761185181.4277823,-1574.8774811909534,-1167.9520566621795,366.3362903096713,202.08175420574844,left_blink
1761185181.4413886,-1526.1540645682253,-1113.6449694056064,403.0995068741031,272.25349707435817,left_blink
1761185181.4413886,-1497.0464232130907,-1112.8259313153103,431.65364303579554,285.63485911581665,left_blink
1761185181.4570367,-1554.5399052319117,-1160.8873856458813,416.1106188199483,218.31292001344264,left_blink
1761185181.4570367,-1573.905107202474,-1157.1437457902357,376.07498979428783,232.1505498494953,left_blink
1761185181.457827,-1487.9061077213846,-1092.1255850605667,420.87151146354154,290.23119616135955,left_blink
1761185181.457827,-1521.4941492234357,-1171.2095095235854,407.2208766252734,221.53671377524734,left_blink
1761185181.4713397,-1583.6176273874007,-1163.9092248100787,382.02891052374616,202.3173679029569,left_blink
1761185181.4713397,-1483.885715269018,-1085.1319721434265,436.8184448746033,304.1361441966146,left_blink
1761185181.4870183,-1526.7449687612243,-1140.291756589897,423.7063556299545,248.5574909551069,left_blink
1761185181.4870183,-1564.6264154124074,-1191.2553732860833,385.2414845856838,189.7587838517502,left_blink
1761185181.4877954,-1472.7221139012836,-1153.6469393316656,419.5101878796704,273.2109114630148,left_blink
1761185181.4877954,-1487.2778045288287,-1120.7507793214172,447.9820462423377,228.57520549185574,left_blink
1761185181.501465,-1514.6950111039914,-1180.7350347107276,427.1844625887461,182.88110783323646,left_blink
1761185181.501465,-1447.6834836979397,-1205.104222822003,422.65170384244993,221.27866067830473,left_blink
1761185181.5169828,-1455.4063771064393,-1103.3527647275478,438.1984679582529,247.42804116848856,left_blink
1761185181.5169828,-1459.8344186539762,-1210.5607368573546,454.1192220696248,187.0548361837864,left_blink
1761185181.5178685,-1488.0669234194793,-1177.7618142459542,422.2178754475899,182.6791532356292,left_blink
1761185181.5178685,-1446.6400516103022,-1190.6345498934388,458.80531671410426,214.38976495992392,left_blink
1761185181.5314417,-1423.8939800797962,-1208.0325644873083,503.3774443860166,233.54927243292332,left_blink
1761185181.5314417,-1432.4882701779716,-1223.8037226004526,435.73013398749754,147.31839915458113,left_blink
1761185181.5470593,-1497.0576429129578,-1091.9423299627379,417.0680332086049,200.28660222701728,left_blink
1761185181.5470593,-1394.1505557321943,-1111.4122491320595,491.24146902980283,233.21268143691123,left_blink
1761185181.5478315,-1422.9702247907408,-1186.4533417429775,485.75503579480574,193.76421670429409,left_blink
1761185181.5478315,-1421.0329566136934,-1275.575157687068,436.7099877758883,166.49660612735897,left_blink
1761185181.561586,-1323.552464268636,-1139.8018296957016,491.56684032594785,249.69068064168096,left_blink
1761185181.561586,-1468.1407364555635,-1209.8239765660837,457.1635006335564,169.7465791888535,left_blink
1761185181.5770693,-1461.633310532663,-1186.8609908381477,413.52260805061087,168.91258149873465,left_blink
1761185181.5770693,-1388.1330567034893,-1140.9761582817882,445.13598237605765,249.32043054606766,left_blink
1761185181.577762,-1389.9394283820875,-1133.391641171649,478.1705186846666,246.39208888076246,left_blink
1761185181.577762,-1450.2640146673657,-1219.83194884751,411.48810247471556,190.37960724439472,left_blink
1761185181.5914092,-1393.7503864369355,-1241.998335884884,430.7411074466072,261.6807998996228,left_blink
1761185181.5914092,-1394.722760425415,-1018.4084170339629,467.0517961164005,330.16958778817207,left_blink
1761185181.6070256,-1440.962883477565,-1271.3640303369612,425.0377600141801,260.88420120906085,left_blink
1761185181.6070256,-1424.0622755778022,-1175.413157073781,398.5330890282057,339.44453967828304,left_blink
1761185181.607916,-1470.0480854329653,-1065.635873674415,409.6480716965161,364.18771778512746,left_blink
1761185181.607916,-1501.9494320550002,-1134.1583206625655,406.2111036372371,318.16824883036315,left_blink
1761185181.621372,-1512.9896167241968,-1186.5842382414266,378.24787166854367,325.83878363948315,left_blink
1761185181.621372,-1451.3635452543385,-1101.9203830445185,382.48517831834033,400.0383987603709,left_blink
1761185181.6370468,-1490.228585593868,-1156.863253293559,399.00057652266696,362.78899520169944,left_blink
1761185181.6370468,-1583.168839392718,-1224.8134955884889,346.87385094026104,315.8270714581013,left_blink
1761185181.637817,-1542.1757959784009,-1168.9019912509248,341.46221570437774,380.1757900957018,left_blink
1761185181.637817,-1471.065338220913,-1005.2963277893141,402.34030718309805,451.7799146473408,left_blink
1761185181.651394,-1586.7778428499587,-1146.5336496159434,336.82099985936657,317.289372340776,left_blink
1761185181.651394,-1560.965053355787,-1125.13020216953,311.5766751584597,359.1014538453892,left_blink
1761185181.6828516,-1453.648624127265,-1112.0592518243939,389.77798323193565,427.1713729389012,left_blink
1761185181.6828516,-1554.4127486334182,-1120.1299559287727,377.6420078757219,361.648325715214,left_blink
1761185181.683516,-1481.462260097731,-1192.3848230727017,342.4757285923697,356.96223107073456,left_blink
1761185181.683516,-1490.9391665854491,-1070.1162738213316,362.76094595203176,418.9398531364277,left_blink
1761185181.684189,-1595.675064844545,-1070.6510795149952,365.640668917913,365.81831416580826,left_blink
1761185181.684189,-1549.9996666857041,-1136.8809678303078,350.7409074944444,335.5999225238338,left_blink
1761185181.6971133,-1539.5354266096838,-1091.8301329640672,340.5795993148349,381.46605558041483,left_blink
1761185181.6971133,-1474.6930411779322,-1055.9495327891782,379.799930150155,388.42226949799806,left_blink
1761185181.697832,-1558.6874542827718,-1077.420298434794,351.215874788817,330.3004842866212,left_blink
1761185181.697832,-1534.5613596686162,-1113.5103330072016,321.3265943429433,332.84361625649035,left_blink
1761185181.711433,-1458.776026966516,-1064.1922722915187,374.8221233091317,393.7703264346346,left_blink
1761185181.711433,-1466.783152771648,-1084.6981437485665,392.5455091991462,349.63202715758234,left_blink
1761185181.7270272,-1534.1724100732245,-1142.0195903694257,338.4328967402689,308.71378174237907,left_blink
1761185181.7270272,-1524.3402130897157,-1001.2871550368145,346.2118886481039,382.53566696774215,left_blink
1761185181.727816,-1474.3901092815213,-1010.2890942301601,399.5727812158875,388.90845649223775,left_blink
1761185181.727816,-1549.3788432930596,-1170.8018604284152,330.38463203562424,253.75595189351588,left_blink
1761185181.7414448,-1481.4921792973764,-1025.4282092507929,373.1877870284952,406.97217327822,left_blink
1761185181.7414448,-1481.7689318940975,-1044.3558429265395,381.88679432542995,357.04076896980405,left_blink
1761185181.757087,-1529.003868334461,-1148.807508789003,361.9419078617357,282.14553245715797,left_blink
1761185181.757087,-1509.3282546675764,-1051.5775897409767,343.2985065826215,343.50981093011796,left_blink
1761185181.7578254,-1496.234864922706,-1049.789917562157,376.0787296942435,350.7614769442007,left_blink
1761185181.7578254,-1515.012902600225,-1090.5735265789554,360.7787989755161,306.6007382674143,left_blink
1761185181.7714503,-1554.3716097339056,-1132.838135978207,330.0667405393906,292.5910730333999,left_blink
1761185181.7714503,-1482.1765809892677,-1079.686677807942,369.87423566775396,361.56230801623315,left_blink
1761185181.787105,-1499.215565187391,-1074.3984592705965,406.573873932939,334.0516039421782,left_blink
1761185181.787105,-1581.3026293148287,-1138.0814757160842,344.7346281656064,259.7958903219551,left_blink
1761185181.7878344,-1505.4237991138361,-1101.819405745715,356.1562826302834,355.77668278478086,left_blink
1761185181.7878344,-1525.7389356731437,-1043.0206986423582,363.9390144380741,304.89908378757536,left_blink
1761185181.8014216,-1543.17434926657,-1110.9260621378198,375.91417409619316,292.31058053672314,left_blink
1761185181.8014216,-1558.032971790526,-1118.727493445389,340.5459402152337,285.01029582321644,left_blink
1761185181.817057,-1515.1624985984527,-1070.3780668182299,373.40470122592524,338.3786681909114,left_blink
1761185181.817057,-1510.9812904479913,-1087.3011141177267,402.0710343862884,345.33488210849464,left_blink
1761185181.817756,-1561.627015647944,-1127.0151117471978,342.0306804976426,282.33626735489815,left_blink
1761185181.817756,-1529.2245224318467,-1049.3972280668095,371.29165775096044,336.4227005140856,left_blink
1761185181.83144,-1541.596111485269,-1080.098066803068,382.429079819005,305.38901068177074,left_blink
1761185181.83144,-1581.9945108066313,-1141.0958350803703,345.1160979610868,253.35578259825706,left_blink
1761185181.84697,-1537.0334335393272,-1066.8326416602358,364.9039086266421,357.04076896980405,left_blink
1761185181.84697,-1530.4699091170914,-1064.7869163844734,380.0430236472748,311.50748700927943,left_blink
1761185181.84779,-1575.5618828828447,-1136.9782052291557,368.40445498516783,263.64424737636,left_blink
1761185181.84779,-1589.283575820271,-1106.980467684567,329.37111914763227,283.3497802428901,left_blink
1761185181.8613307,-1549.988446985837,-1067.4011064535007,381.4866250301711,329.92275439109653,left_blink
1761185181.8613307,-1567.8128101746552,-1104.4410756146535,383.827802402433,295.94202339369804,left_blink
1761185181.8770015,-1615.092625414487,-1142.0345499692485,322.5757209281437,246.3023312818259,left_blink
1761185181.8770015,-1559.7196666705422,-1076.2272703489289,357.06507831951603,330.2294261874631,left_blink
1761185181.8777814,-1543.8063923590817,-1068.9344654353335,390.4586450238712,320.5281257024035,left_blink
1761185181.8777814,-1635.7667923695408,-1146.140960120596,328.67549775587395,247.97780646197498,left_blink
1761185181.8914504,-1584.9378120717593,-1090.9811756741256,347.89858352812007,323.7481795642525,left_blink
1761185181.8914504,-1538.1441838261671,-1057.9690787652507,406.63371233223006,352.8782603191212,left_blink
1761185181.90715,-1631.6005438189022,-1138.747177908197,354.3686104514636,254.8629622804001,left_blink
1761185181.90715,-1630.482313732151,-1121.3117643147707,324.2175370086916,294.4685028111562,left_blink
1761185181.9078562,-1575.389847484883,-1042.792564745061,379.87846804922447,349.8227620553225,left_blink
1761185181.9078562,-1610.956296063494,-1089.287000994198,367.5367981954478,278.44677140098065,left_blink
1761185181.9213865,-1617.3253456880338,-1106.4307023910806,336.6901033609174,284.0341819347814,left_blink
1761185181.9213865,-1566.5412441897206,-1072.0909409979358,367.46574009628966,319.2565597174689,left_blink
1761185181.9371145,-1586.0485623585992,-1084.7617220478132,384.792696591001,309.15882983710617,left_blink
1761185181.9371145,-1633.2834987989627,-1125.3022375674918,346.83645194070414,263.21041898149997,left_blink
1761185181.937922,-1605.0996127328835,-1081.1489786906168,336.0730198682286,291.48780254647136,left_blink
1761185181.937922,-1580.4985508243553,-1055.2426916975528,384.9348127893172,322.28961858153343,left_blink
1761185181.9513361,-1633.2386199994944,-1131.2075395975262,356.8818232216872,245.8984220866114,left_blink
1761185181.9513361,-1588.4084392306395,-1098.4497558856383,347.6667097308673,304.5550129916519,left_blink
1761185181.96707,-1586.5758882523514,-1081.3434534883127,367.69387399358675,320.2738125054166,left_blink
1761185181.96707,-1623.9374888096936,-1106.9954272843897,364.68699442921206,258.40838743839413,left_blink
1761185181.9678187,-1649.6306015052833,-1130.6016758047044,338.90038423473015,241.70225433632731,left_blink
1761185181.9678187,-1594.7288701557554,-1065.7405908731744,358.42266200343147,313.27271978836507,left_blink
1761185181.9813423,-1595.6900244443677,-1080.8946654936299,389.40399323636666,290.2087567616254,left_blink
1761185181.9813423,-1631.1891548237763,-1132.2210524855182,351.24579398846254,261.2656710045412,left_blink
1761185181.9970129,-1596.3295473367907,-1081.3023145888,356.0328659317456,300.1082719443366,left_blink
1761185181.9970129,-1574.5221906951629,-1067.9134727474302,385.47335838293657,309.3720041345805,left_blink
1761185181.9977906,-1632.0081929140724,-1121.1135496171191,354.50698674982414,256.8937279563397,left_blink
1761185181.9977906,-1619.9470155569725,-1108.4614680670202,343.3620848818682,276.8049553204328,left_blink
1761185182.0113308,-1584.1486931811087,-1049.5393442651257,384.50846419436857,318.60955702513456,left_blink
1761185182.0113308,-1618.3912171754055,-1088.3034073058516,384.4523656950332,285.9490107120946,left_blink
1761185182.0270193,-1641.384122102987,-1125.9081013603136,349.98544770339504,253.6736740944907,left_blink
1761185182.0270193,-1588.7861691261642,-1060.138220739551,377.0772829824127,318.5945974253118,left_blink
1761185182.02789,-1584.7657766737975,-1057.0715027758852,380.9368597366847,295.7363288961351,left_blink
1761185182.02789,-1652.5178042710759,-1119.4530340367928,343.1750898840837,240.49800655059516,left_blink
1761185182.0419888,-1602.0964730684645,-1075.4979898575693,355.62147693661973,295.53437429852784,left_blink
1761185182.0419888,-1569.6378813530318,-1044.7934112213552,400.6124734035693,312.43124229833484,left_blink
1761185182.0427585,-1617.504860885907,-1098.0009678909555,381.5558131793514,260.4989915136248,left_blink
1761185182.0563884,-1628.2308939588256,-1111.5468855304644,335.3530891267583,263.07204268313944,left_blink
1761185182.0563884,-1550.2801591823809,-1019.2124955244362,398.36292358022183,360.48147692903876,left_blink
1761185182.0719864,-1599.5084622991271,-1083.0825069677085,395.2662864169106,272.2684566741809,left_blink
1761185182.0719864,-1606.0158882220276,-1105.8547577979043,379.27073430642486,289.18776407372206,left_blink
1761185182.0728097,-1575.5020444835536,-1048.2266393806785,381.31271968223155,320.5243858024478,left_blink
1761185182.0728097,-1576.197665875312,-1067.2589902551845,405.47621329594404,287.9049783889204,left_blink
1761185182.0863752,-1623.7243145122193,-1130.1154888104647,375.16058425512165,241.83689073473215,left_blink
1761185182.0863752,-1619.060659267474,-1100.5852387603372,361.5847474159673,260.2633778164163,left_blink
1761185182.1020036,-1531.7265155022033,-1023.6367971720174,426.55802934616804,290.5453477576375,left_blink
1761185182.1020036,-1581.0632757176645,-1106.9019297854975,391.27955306414515,215.27612124942243,left_blink
1761185182.102826,-1563.280051428359,-1098.1019451897591,385.8566981283948,226.2190685197711,left_blink
1761185182.102826,-1491.9451996735297,-1038.3869625972584,451.9519500453025,265.6899726521224,left_blink
1761185182.1163688,-1519.306307749357,-1106.2063083937392,448.26440868899226,171.1901805717498,left_blink
1761185182.1163688,-1540.231048001442,-1122.1943807043135,420.5293106175959,165.70000743679702,left_blink
1761185182.1319861,-1460.7843532427214,-1074.248863272369,440.51907588075846,198.49519014824182,left_blink
1761185182.1319861,-1458.7124486672692,-1087.7349425125867,464.5554128959775,148.30199284292758,left_blink
1761185182.1327655,-1511.516096141655,-1157.7009908836335,431.59567458648235,92.5999229028821,left_blink
1761185182.1327655,-1462.055919227656,-1091.5683399671689,438.4359516054392,144.5920120868832,left_blink
1761185182.14637,-1445.424584124703,-1098.2328416882083,474.94485497288406,134.9168909015134,left_blink
1761185182.14637,-1501.3660076619126,-1137.3933341242373,434.0640085572377,52.33615997992456,left_blink
1761185182.1620636,-1497.36805460928,-1136.7874703314155,423.10610168706626,75.9985069995746,left_blink
1761185182.1620636,-1427.128993541468,-1077.768109130673,455.26550140604377,132.7701883269474,left_blink
1761185182.162835,-1458.6563501679339,-1104.4784746142104,460.3592451456934,95.96209296304733,left_blink
1761185182.162835,-1518.150678663049,-1151.0065699629486,411.1122425291687,57.25412842165679,left_blink
1761185182.176392,-1452.575272839982,-1091.699236465618,452.42691733967513,128.6936973752454,left_blink
1761185182.176392,-1451.7749342494644,-1097.3764045983553,467.50619396101683,110.98527108505368,left_blink
1761185182.192014,-1513.2214905214496,-1146.1073010209948,437.811388312839,65.06303952913731,left_blink
1761185182.192014,-1459.5651458571665,-1096.2993134111166,416.03769077081233,125.00989591889083,left_blink
1761185182.1927505,-1453.1287780334242,-1077.1734650377184,460.23208854719996,139.63664464559406,left_blink
1761185182.1927505,-1497.936519402545,-1124.3074241792783,427.9118731301278,89.38360894098878,left_blink
1761185182.2063854,-1501.8484547561966,-1126.4541267538443,400.7377600520849,111.16104638297111,left_blink
1761185182.2063854,-1447.0963194048963,-1059.8165893433616,465.9616152793169,178.17257378902286,left_blink
1761185182.222072,-1482.9245609804057,-1102.529986737296,470.4382755262777,125.85885320883244,left_blink
1761185182.222072,-1525.555680575315,-1146.7543037133291,390.38571697473526,100.50981130916625,left_blink
1761185182.2227724,-1457.2464078846388,-1058.5412834584713,428.51773692294955,180.6783067593351,left_blink
1761185182.2227724,-1474.188154683914,-1088.381945204921,457.56179997883737,153.83330487739295,left_blink
1761185182.236411,-1520.4207979361527,-1135.6393210450187,412.9373137075454,110.55144269019365,left_blink
1761185182.236411,-1511.4712173421867,-1105.3573511037976,411.58346992358565,148.82931873667985,left_blink
1761185182.2522776,-1457.0107941874303,-1075.4082322586328,482.10302348807454,177.1590609010309,left_blink
1761185182.2522776,-1504.8889934201725,-1112.0629917243496,452.72236943617463,136.29317408520728,left_blink
1761185182.2527978,-1521.6400053217076,-1131.3234764961526,384.2223618477583,141.49163502361625,left_blink
1761185182.2527978,-1446.004268617835,-1036.5843308186159,453.34693272877485,231.23053446039557,left_blink
1761185182.2663426,-1518.367592860479,-1120.4141883254051,432.59048797469586,135.49283549468964,left_blink
1761185182.2663426,-1530.7466617138125,-1152.5548885446042,392.65209634788334,135.82194669079036,left_blink
1761185182.2821064,-1468.9934336454608,-1064.925292682834,435.22337754350156,214.64033825695515,left_blink
1761185182.2821064,-1504.7206979221664,-1108.5512256659567,452.20252334233373,150.7740667136386,left_blink
1761185182.2827868,-1543.1930487663485,-1150.1650924729183,397.05395859573036,137.72181586828083,left_blink
1761185182.2827868,-1500.5320099717937,-1091.4598828684539,414.5753898881376,183.5355903254822,left_blink
1761185182.296404,-1493.508477855008,-1070.7894558133557,430.25679040234536,180.72692545875907,left_blink
1761185182.296404,-1547.6771888132207,-1137.337235624902,397.34941069222987,128.360846279189,left_blink
1761185182.312046,-1530.8326794127934,-1123.7426992859691,392.4538816502318,168.69566730130464,left_blink
1761185182.312046,-1489.6115021011792,-1079.5931803090498,435.2158977435902,193.06111551262438,left_blink
1761185182.3130696,-1517.0548879760318,-1107.1225838828832,445.167771525681,176.73645220603794,left_blink
1761185182.3130696,-1551.533025667537,-1153.3552271351218,394.91099592112005,126.87236609682441,left_blink
1761185182.3264103,-1492.8764347624965,-1074.6378128677607,415.80581697355956,213.19673687405884,left_blink
1761185182.3264103,-1495.5130642312579,-1067.711518149823,435.9040393354371,203.63381268735975,left_blink
1761185182.3421044,-1562.8424831335433,-1167.3873317688704,372.1798839904368,109.84834149852395,left_blink
1761185182.3421044,-1500.1879391758703,-1078.6320260204375,417.4139739545062,218.77666760794818,left_blink
1761185182.3431144,-1495.1540338355117,-1086.1454850314185,445.01443562749773,203.3159211911261,left_blink
1761185182.3431144,-1544.3860768522136,-1139.906546894461,427.4593452354893,160.0340590039268,left_blink
1761185182.3563793,-1541.0500860917382,-1138.4629455115646,380.6657169898972,180.3043167637661,left_blink
1761185182.3563793,-1489.94061329728,-1067.2589902551845,421.1613537101075,226.22654831968248,left_blink
1761185182.3720417,-1514.0293089118786,-1100.372064462863,433.2374906670302,188.96592506114393,left_blink
1761185182.3720417,-1568.0372041719966,-1156.5715410970151,390.04912597872317,143.1409309040755,left_blink
1761185182.3727584,-1499.2193050873466,-1080.1953042019159,431.2067249910906,247.70479376520962,left_blink
1761185182.3727584,-1516.303168084938,-1110.6680090408772,433.78351606056094,185.5738358013332,left_blink
1761185182.3864748,-1585.072448470164,-1171.1047923248261,376.49946843925864,143.74305479694158,left_blink
1761185182.3864748,-1504.073695229832,-1093.9469163389876,400.09449725970626,230.0711654741317,left_blink
1761185182.4020224,-1488.7662847111933,-1070.9465316114947,446.53283500950783,208.81357412599027,left_blink
1761185182.4020224,-1552.3071849583648,-1150.5241228686646,398.5686180777848,133.86223911400884,left_blink
1761185182.4027517,-1549.3115250938572,-1129.8162968140095,385.91279662773013,187.5672024777159,left_blink
1761185182.4027517,-1481.6604747953825,-1066.39507336542,435.89281963557005,256.5608768602833,left_blink
1761185182.4163725,-1556.4996128086932,-1147.7528570014983,401.13792934734374,149.6633164267987,left_blink
1761185182.4163725,-1542.3141722767614,-1121.9625069070607,397.7084410879761,186.8678411860019,left_blink
1761185182.432122,-1523.5062153995968,-1105.338651604019,405.3789758970961,205.9151516603306,left_blink
1761185182.432122,-1494.8211827394553,-1086.8972049225122,456.38373149279505,234.79839901812375,left_blink
1761185182.432792,-1582.8397281966172,-1169.9566430384293,372.86054578237236,136.11739878728986,left_blink
1761185182.432792,-1536.7192819430493,-1120.8068778207526,384.86188474018127,207.40363184269518,left_blink
1761185182.4463515,-1491.4328333796002,-1066.275396566838,447.9876560922712,251.28387802280486,left_blink
1761185182.4463515,-1576.137827476021,-1177.7655541459098,380.83401248790324,144.00858769379556,left_blink
1761185182.4620488,-1538.1741030258127,-1103.723014823161,404.07001091260463,235.65857600793242,left_blink
1761185182.4620488,-1490.2846840932034,-1075.5540883569047,431.3189219897613,240.38580955192447,left_blink
1761185182.4627817,-1542.751740571577,-1121.898928607814,417.99739834759384,182.76517093461007,left_blink
1761185182.4627817,-1573.6021753060631,-1152.9288785401732,367.23573624901474,161.76189278345555,left_blink
1761185182.4766006,-1513.4907633182593,-1096.9837151030079,409.73969924543053,241.3394840406254,left_blink
1761185182.4766006,-1493.6356344535016,-1072.932418487966,452.48675573896617,253.1538280006498,left_blink
1761185182.492143,-1597.5749340220354,-1172.1594441123307,371.49174239858985,138.55955345835537,left_blink
1761185182.492143,-1527.7323023495264,-1106.6812756881118,396.4443549029529,239.51067296229303,left_blink
1761185182.492832,-1526.0568271693774,-1112.5566585185006,421.8345357021317,210.20107700955123,left_blink
1761185182.492832,-1569.671540452633,-1153.6469393316656,395.43084201496094,165.1913810428232,left_blink
1761185182.5064144,-1536.1508171497844,-1121.476319912821,392.4127427507192,219.14691770356148,left_blink
1761185182.5064144,-1514.313541308511,-1101.6698097474873,408.4943125601858,236.38785649929196,left_blink
1761185182.522052,-1535.7880468540825,-1129.2478320207447,417.26063805632293,198.70088464580476,left_blink
1761185182.522052,-1590.1774119096808,-1163.8980051102117,364.41211178246886,158.54931872151792,left_blink
1761185182.522802,-1507.1104939938523,-1068.0107101462781,412.7503187097609,261.0898957066238,left_blink
1761185182.522802,-1527.9604362468235,-1110.5408524423838,428.26716362591833,204.23219668027014,left_blink
1761185182.536399,-1581.7027986100875,-1163.3183206170797,389.9930274793878,173.84924944024533,left_blink
1761185182.536399,-1518.6630449569784,-1099.7998597696424,403.61000321805477,246.13403578381985,left_blink
1761185182.552054,-1522.8816521069966,-1103.1769894296303,425.5445164581761,233.72130783088505,left_blink
1761185182.552054,-1560.9575735558756,-1146.660806214437,406.69542068149894,182.92224673274904,left_blink
1761185182.5528007,-1561.9075081446208,-1142.606754662469,383.635197554715,194.13820669986308,left_blink
1761185182.5528007,-1530.3726717182435,-1081.8857389818877,422.7246318915859,254.7470253817737,left_blink
1761185182.5663896,-1533.8507786770351,-1108.5026069665328,426.3560747485608,218.20072301477194,left_blink
1761185182.5663896,-1591.5836142930202,-1171.9537496147677,355.6831852858886,167.34556341730058,left_blink
1761185182.5821197,-1519.0931334518827,-1095.0950656253844,401.69143454078585,255.53988417237997,left_blink
1761185182.5821197,-1513.2925486206077,-1098.4273164859042,437.7739893132821,231.89997655246407,left_blink
1761185182.5828655,-1590.4018059070222,-1167.8585591632873,387.7677870057523,170.33374348189682,left_blink
1761185182.5828655,-1534.0190741750412,-1102.9114565327764,403.5165057191625,251.6055094189942,left_blink
1761185182.5963717,-1517.354079972487,-1088.6549579016864,413.88724829629064,250.99216582626104,left_blink
1761185182.5963717,-1587.24533034442,-1157.985223280266,377.89819102268666,178.21745258849114,left_blink
1761185182.6120262,-1553.3954958454706,-1133.6870932681486,381.8176061762497,220.90841058269143,left_blink
1761185182.6120262,-1498.815395892132,-1074.4807370696217,434.85686734784395,269.96467830147594,left_blink
1761185182.612785,-1543.7577736596577,-1125.5677704643458,422.3768211957067,212.68437058012933,left_blink
1761185182.612785,-1596.5277620344423,-1165.9100712863728,362.7590760020539,175.9361136155203,left_blink
1761185182.62634,-1525.361205777619,-1096.8041999051347,403.004139425233,251.8261635163799,left_blink
1761185182.62634,-1512.660505528096,-1080.6328724967316,432.25389697868377,243.60960331372917,left_blink
1761185182.6421063,-1599.4935026993044,-1175.8245460689068,385.4901879327372,165.9692802336067,left_blink
1761185182.6421063,-1549.3564038933255,-1117.2165738632903,388.75138069409877,239.24140016548336,left_blink
1761185182.6428652,-1520.151525139343,-1092.181683559902,426.51315054669976,242.29315852932632,left_blink
1761185182.6428652,-1571.7995435274206,-1145.7033918257803,397.2933121928945,195.12180038820952,left_blink
1761185182.6563933,-1542.1421368787996,-1113.8506639031693,371.5179216982797,221.77980727236718,left_blink
1761185182.6563933,-1512.1144801345654,-1080.0868471032009,419.5344972293824,273.1211538640782,left_blink
1761185182.67203,-1563.448346926365,-1134.1134418630973,418.2816307442263,198.9851170424372,left_blink
1761185182.67203,-1586.56840845244,-1156.1227531023324,374.22560926619917,190.28610974550247,left_blink
1761185182.6727736,-1519.9720099414699,-1083.7818682594225,394.54074582550675,261.58356250077486,left_blink
1761185182.6727736,-1537.2241684370674,-1120.1224761288613,411.1533814286813,215.94930324144661,left_blink
1761185182.68649,-1578.7594973449595,-1166.669270977378,375.2615615539253,183.07558263093233,left_blink
1761185182.68649,-1546.502860227134,-1110.9933803370222,399.7392067639157,245.95078068599105,left_blink
1761185182.7020226,-1532.2538413959555,-1104.1007447186857,428.7982294196263,232.21038824878633,left_blink
1761185182.7020226,-1563.5867232247256,-1134.2667777612805,389.8247319813818,214.24390886165202,left_blink
1761185182.7028344,-1576.3622214733623,-1149.6527261789888,355.9187989830971,191.9840243253857,left_blink
1761185182.7028344,-1509.7471234626137,-1079.181791313924,422.84430869016796,263.92099997308105,left_blink
1761185182.716411,-1547.4752342156135,-1118.1889478517696,429.2731967139989,228.37325089424849,left_blink
1761185182.716411,-1596.9952495289035,-1168.1839304594323,363.312581195496,194.73659069277346,left_blink
1761185182.7320125,-1533.200036084745,-1093.4682091446593,407.32372387405485,257.55569024849683,left_blink
1761185182.7320125,-1525.0507940812968,-1094.1451310366392,436.67071882635355,262.1221080943942,left_blink
1761185182.7328372,-1575.7301783808507,-1160.0272086560726,361.77548231370747,180.10610206611454,left_blink
1761185182.7328372,-1534.4529025699012,-1108.016419972293,384.6935892421752,253.6063558952883,left_blink
1761185182.746379,-1517.5485547701828,-1108.319351868704,433.5479023633525,242.88406272232533,left_blink
1761185182.746379,-1570.8383892388083,-1159.2680089650676,399.3839162681252,203.45429748948663,left_blink
1761185182.7620153,-1559.371855974663,-1134.1358812628314,396.406955903396,234.01302002742887,left_blink
1761185182.7620153,-1500.2552573750727,-1076.9228917406872,422.85552839003503,290.5528275575489,left_blink
1761185182.7627835,-1570.8683084384538,-1156.8445537937805,386.5822387197986,191.71101162862033,left_blink
1761185182.7627835,-1554.6371426307596,-1123.2639920916408,384.8506650403142,238.47098077461123,left_blink
1761185182.7927384,-1526.9132642592303,-1095.9253234155476,404.68709440529346,269.8599611027166,left_blink
1761185182.7927384,-1540.6237374967895,-1130.3473626077175,423.9139200774953,227.56169260386378,left_blink
1761185182.7934468,-1571.2497782339342,-1150.2847692715004,400.5619847541675,217.0263944286853,left_blink
1761185182.7934468,-1543.103291167412,-1102.649663535878,378.45543611608446,253.98782569076866,left_blink
1761185182.7941992,-1524.5384277873673,-1096.355411910452,424.59832176938653,263.378714479506,left_blink
1761185182.7941992,-1561.843929845374,-1135.613141745329,397.6747819883749,212.98356257658452,left_blink
1761185182.806384,-1565.7483853991143,-1148.5195364924148,370.0743203153834,223.1037318566814,left_blink
1761185182.806384,-1497.4615521081723,-1076.50402294565,431.2852628901601,293.2941742250696,left_blink
1761185182.8220992,-1541.9102630815469,-1120.9976127184927,432.5493490751833,229.63733707927167,left_blink
1761185182.8220992,-1572.723298816476,-1156.0329955033958,370.94197710510343,210.49278920609504,left_blink
1761185182.8227851,-1510.1098937583156,-1060.3962738364935,420.5704495171085,311.380330410786,left_blink
1761185182.8227851,-1529.5050149285235,-1120.1411756286398,411.73306592181325,243.07105772010982,left_blink
1761185182.836476,-1577.5328101594932,-1157.394319087267,371.6600378965959,200.95978421904147,left_blink
1761185182.836476,-1528.94402993517,-1104.1867624176666,402.91438182629645,290.0741203632206,left_blink
1761185182.8521607,-1534.2920868718065,-1101.3668778510764,429.33677501324564,244.48100000340492,left_blink
1761185182.8521607,-1555.0747109255753,-1140.6732263853773,381.09206558484584,210.90043830126524,left_blink
1761185182.852754,-1556.080744013656,-1109.658236052841,391.4029697626829,253.31464369874448,left_blink
1761185182.852754,-1520.8060076315887,-1082.327047176659,433.80969536025077,277.4556979127228,left_blink
1761185182.8663092,-1550.3549571814947,-1141.9784514699131,418.14699434582144,222.396890765056,left_blink
1761185182.8663092,-1560.6845608591102,-1155.464530710131,379.3268328057602,223.518860751763,left_blink
1761185182.8820543,-1519.4185047480278,-1089.552533891052,415.62256187573075,268.33034202083945,left_blink
1761185182.8820543,-1529.2619214314036,-1121.091110217385,432.61292737443,235.76329320669174,left_blink
1761185182.882862,-1570.348462344613,-1155.5019297096878,380.9649089863524,204.93529787193984,left_blink
1761185182.882862,-1545.4482084396295,-1115.5971971824765,380.8863710872829,256.4860788611695,left_blink
1761185182.8962843,-1518.0983200636692,-1094.5191210322082,426.63282734528184,270.3124889973551,left_blink
1761185182.8962843,-1568.2952572689392,-1150.3520874707028,395.864670409821,212.64323168061674,left_blink
1761185182.9121392,-1566.9414134849794,-1143.3210755540058,374.5846396619454,217.7668946199119,left_blink
1761185182.9121392,-1495.9730719258077,-1080.554334597662,438.56310820393264,306.57829886768013,left_blink
1761185182.9128242,-1557.8721560924314,-1146.8552810121328,418.65562073979527,215.16018435079604,left_blink
1761185182.9128242,-1580.139520428609,-1152.6334264436737,366.38303905911744,206.86508624907583,left_blink
1761185182.9264233,-1517.9973427648656,-1090.3042537821457,402.92186162620783,271.7523504802957,left_blink
1761185182.9264233,-1540.6499167964794,-1138.9603522056714,416.6472944635898,217.0637934282422,left_blink
1761185182.942098,-1596.8980121300556,-1168.2288092589006,395.2887258166447,223.20470915548503,left_blink
1761185182.942098,-1550.497073379811,-1141.3351886775345,376.6976831369102,224.02000734582543,left_blink
1761185182.942828,-1510.9551111483015,-1084.3578128525987,451.4021847518161,292.553674033843,left_blink
1761185182.942828,-1585.5474157645367,-1180.043153218925,369.2852014247328,175.1208154251799,left_blink
1761185182.9564445,-1545.4519483395852,-1131.9555195886642,368.52974163368344,243.24683301802725,left_blink
1761185182.9564445,-1522.0626140167005,-1104.0446462193504,415.25605168007314,252.43202730920166,left_blink
1761185182.9721105,-1553.4067155453376,-1147.6406600028276,422.4291797950864,217.3592455247417,left_blink
1761185182.9721105,-1574.473571995739,-1173.7040227940306,363.78754848986864,191.5389762306586,left_blink
1761185182.972833,-1507.6602592873387,-1075.0230225631967,431.6181139862165,302.71498221345246,left_blink
1761185182.972833,-1542.7068617721088,-1138.2385515142232,403.39308902062476,203.58893388789147,left_blink
1761185182.9863725,-1553.7433065413497,-1140.546069786884,399.7392067639157,230.9201227640733,left_blink
1761185182.9863725,-1558.4705400853418,-1132.7371586794034,387.46111520938575,240.21003425400704,left_blink
1761185183.0021136,-1510.0500553590246,-1079.78391520679,451.7312959479168,295.41469749994576,left_blink
1761185183.0021136,-1604.2880544424988,-1189.2919258093461,368.74291593115777,164.66405514907092,left_blink
1761185183.0027912,-1546.4804208274,-1133.1335880747065,385.3667712341994,254.32067678682506,left_blink
1761185183.0027912,-1518.595726757776,-1117.654142158106,398.83415097463876,254.7507652817294,left_blink
1761185183.016359,-1536.734241542872,-1128.3689555311576,424.5646626697853,236.6683489959687,left_blink
1761185183.016359,-1577.5664692590944,-1163.2659620177,371.2075100019574,204.52390887681395,left_blink
1761185183.0321085,-1519.0594743522815,-1091.0784130729735,415.7609381740913,274.9050861429423,left_blink
1761185183.0321085,-1523.2070234031416,-1132.030317587778,434.89426634740084,236.9264020929113,left_blink
1761185183.032817,-1565.5426909015514,-1167.0245614731684,386.09605172555894,211.7344359913841,left_blink
1761185183.032817,-1532.8746647886,-1113.74594670441,388.01462040282786,261.6695801997557,left_blink
1761185183.0470765,-1526.9693627585657,-1110.3837766442448,419.70653262734413,238.09699077904224,left_blink
1761185183.0470765,-1563.074356930796,-1158.3554733758792,397.28583239298314,215.61271224543452,left_blink
1761185183.0478463,-1564.9237374588847,-1159.8271240084432,371.04669430386275,218.1782836150378,left_blink
1761185183.061372,-1512.1986278835684,-1090.6763738277368,434.63621325045824,285.63859901577234,left_blink
1761185183.061372,-1556.4715635590255,-1164.2215064563788,391.6572829596698,185.81318939849734,left_blink
1761185183.0770273,-1571.7191356783733,-1162.9312409716658,371.2075100019574,206.24052295647562,left_blink
1761185183.0770273,-1513.384176169522,-1104.2222914672457,392.83535144571215,263.36749477963895,left_blink
1761185183.0777807,-1526.6346417125314,-1126.6467316015624,414.8297030851245,237.0012000920251,left_blink
1761185183.0777807,-1572.5456535685807,-1164.8759889486246,375.82254654727876,202.92697159573436,left_blink
1761185183.0913444,-1527.797750598751,-1107.0122568341903,401.7063941406086,268.7866098154336,left_blink
1761185183.0913444,-1523.2126332530752,-1105.9351656469516,432.59422787465155,250.43118083290756,left_blink
1761185183.1069992,-1583.3689240403473,-1180.0412832689472,373.9825157690793,183.31867612805218,left_blink
1761185183.1069992,-1536.107808300294,-1128.4867623797618,384.600091743283,242.6746283248067,left_blink
1761185183.1078231,-1511.648862590082,-1095.908493865747,425.88858725409955,271.96178487781435,left_blink
1761185183.1078231,-1555.9255381654948,-1147.8519643503241,392.005093655549,219.60692539811134,left_blink
1761185183.1213875,-1587.1873618951067,-1169.1132955984212,367.9949359400198,196.273689574562,left_blink
1761185183.1213875,-1521.948547068052,-1103.4294326766394,418.6331813400611,286.15844510961324,left_blink
1761185183.1370003,-1537.7533642807975,-1120.513295674231,433.73863726109266,249.24937244690955,left_blink
1761185183.1370003,-1584.1730025308207,-1179.5438765748404,369.97334301657975,188.10200817137957,left_blink
1761185183.1378005,-1537.1549802878872,-1112.853980564978,376.68272353708744,256.3103035632521,left_blink
1761185183.1378005,-1521.720413170755,-1112.4014526703395,418.2404918447137,248.53505155537277,left_blink
1761185183.15142,-1561.8644992951304,-1156.7940651443787,397.420468791388,207.42233134247363,left_blink
1761185183.15142,-1560.6976505089551,-1154.4341882723384,366.4428774584085,223.87041134759784,left_blink
1761185183.1670296,-1501.4314559111372,-1110.5801213919185,419.06326983496547,267.081215435639,left_blink
1761185183.1670296,-1553.7676158910617,-1156.4499943484552,407.18908747565,204.25837597995996,left_blink
1761185183.1679292,-1562.485322687775,-1166.6823606272228,373.8067404711619,207.0296418471262,left_blink
1761185183.1679292,-1526.19333351776,-1111.043868986424,400.6068635536358,268.7529507158324,left_blink
1761185183.181395,-1534.1069618239999,-1134.7697943053208,422.8218692904338,238.69163487199694,left_blink
1761185183.181395,-1572.6054919678718,-1197.289701864589,380.71807558927685,187.52606357820332,left_blink
1761185183.197136,-1515.4037221455947,-1145.8361582742073,396.7510266993195,248.3069176580757,left_blink
1761185183.197136,-1489.6470311507583,-1147.347077856306,433.4357053646818,243.90505541022867,left_blink
1761185183.1978421,-1560.8397667072713,-1189.4882705570199,390.24360077641904,185.74961109925061,left_blink
1761185183.1978421,-1554.0742876874283,-1144.7628069869243,362.90119220037013,225.33645213022828,left_blink
1761185183.2113285,-1464.1596129527315,-1155.2569662625901,439.37840639427304,270.17785259895027,left_blink
1761185183.2113285,-1496.031040375121,-1210.2596749109216,442.49374305736274,215.13026515115052,left_blink
1761185183.2270794,-1513.855403563939,-1294.9833685071208,399.98604016099125,179.73959187045693,left_blink
1761185183.2270794,-1492.3434990188107,-1093.5897558932193,440.55647488031536,277.5791146112606,left_blink
1761185183.227858,-1530.4306401675567,-1120.2889016768895,445.5118423216045,220.624178186059,left_blink
1761185183.227858,-1479.747515968047,-1316.7271468495019,409.4592067487538,171.70254686567932,left_blink
1761185183.2413924,-1461.1228141887113,-1097.3633149485104,423.8017230788246,200.04350872989744,left_blink
1761185183.2413924,-1453.9122870741412,-1104.1287939683534,498.7156590912491,215.7735279435292,left_blink
1761185183.2570827,-1451.960059297271,-1205.3641458689235,442.23195006046444,149.98120792303234,left_blink
1761185183.2570827,-1402.6719177812338,-1234.3371508256532,442.74431635439396,199.40024593751878,left_blink
1761185183.2578154,-1348.155396127142,-1124.107339531649,486.4824463361874,221.8845244711265,left_blink
1761185183.2578154,-1440.2579123359174,-1105.134827056434,450.90477805770934,153.87070387694985,left_blink
1761185183.2714126,-1449.8096168227494,-1153.2187207867391,412.44738681335,134.6588378045708,left_blink
1761185183.2714126,-1345.7356808558106,-1077.0369586893357,458.71742906514555,200.36888002604246,left_blink
1761185183.2870808,-1328.8986512552947,-1154.871756567154,480.39014930836856,157.704101331532,left_blink
1761185183.2870808,-1374.8470621109009,-1175.0185976284556,429.0226234169677,125.81397440936416,left_blink
1761185183.287829,-1342.414649695158,-1145.1480166823603,444.733943130821,185.07642910722643,left_blink
1761185183.287829,-1305.8907867278904,-1096.3161429609172,469.61549753602594,171.7848246647045,left_blink
1761185183.3013434,-1321.6769044408575,-1232.3774432488717,444.0158823393285,105.93640614487231,left_blink
1761185183.3013434,-1374.2374584181234,-1069.4449617792852,406.3476099856198,136.81302017904818,left_blink
1761185183.3169773,-1333.307993303053,-1050.52480790345,463.9570289030671,177.54053069651127,left_blink
1761185183.3169773,-1356.828224124387,-1142.6497635119595,440.63875267934054,104.57134266104549,left_blink
1761185183.3177333,-1356.3831760296598,-1181.2343113548122,396.2685796050355,114.82614833954722,left_blink
1761185183.3177333,-1287.7859310423955,-1129.9378435625695,452.01178844459355,175.14699472486973,left_blink
1761185183.3313096,-1364.2631452362984,-1086.0052387830801,444.4310112344101,126.40113870240748,left_blink
1761185183.3313096,-1386.0069235786796,-1136.8566584805958,396.4780140025541,91.6350287143141,left_blink
1761185183.3472033,-1325.9441302902997,-1114.4022991466336,424.88629406597465,152.74499399028718,left_blink
1761185183.3472033,-1271.666962233372,-1181.5447230511345,465.01916049048305,173.25460534729064,left_blink
1761185183.3478603,-1445.2618984766304,-1097.3857543482445,412.84007630869746,77.4084492828697,left_blink
1761185183.3478603,-1405.0130951534957,-1108.3174819187261,398.06373158376664,136.67838378064334,left_blink
1761185183.361446,-1329.1043457528576,-1087.8377897613682,464.68256949447095,202.84843369666487,left_blink
1761185183.361446,-1345.4140494596213,-1132.3986977334134,422.10380849894136,117.7582299048081,left_blink
1761185183.3770647,-1404.526908159256,-1118.6770047959872,386.1820694245398,119.44118488486856,left_blink
1761185183.3770647,-1352.1196900801733,-1060.0839921901934,426.51315054669976,179.3431624751538,left_blink
1761185183.3777645,-1369.009078280069,-1098.0589363402687,439.53174229245633,134.32972660847008,left_blink
1761185183.3777645,-1403.0346880769357,-1163.2453925679438,404.8217308036983,112.06984207220376,left_blink
1761185183.3915095,-1362.157581561245,-1089.2439921447076,406.6056630825624,182.32012283988297,left_blink
1761185183.3915095,-1350.952841293998,-1079.7820452568121,444.5843471325934,192.26077692210674,left_blink
1761185183.4227097,-1416.5693860165775,-1134.9867085027508,403.1836546231061,101.43730649817735,left_blink
1761185183.4227097,-1407.6833837218583,-1112.2780359718017,387.4424157096073,154.68600206729025,left_blink
1761185183.423458,-1356.8581433240324,-1073.3568971329369,447.6847241958603,193.74551720451564,left_blink
1761185183.423458,-1404.2576353624463,-1149.4601213312708,408.98423945438117,134.5429009059444,left_blink
1761185183.4242358,-1431.820698035881,-1167.1348885218613,374.52854116261005,138.38377816043794,left_blink
1761185183.4242358,-1370.83040955849,-1083.0058390186168,419.5344972293824,202.63151949923486,left_blink
1761185183.4371002,-1406.7147496333346,-1100.2093788147904,416.84924906119704,158.76249301899225,left_blink
1761185183.4371002,-1442.7187665067613,-1195.771302482579,386.09231182560325,135.57511329371482,left_blink
1761185183.437816,-1410.1068388931453,-1099.39408062445,392.75307364668697,196.77109626866877,left_blink
1761185183.437816,-1377.1097015840933,-1114.7314103427343,438.37237330619246,190.39830674417317,left_blink
1761185183.4514618,-1475.2633759211749,-1156.9997596419416,397.4877869905904,140.0330740408972,left_blink
1761185183.4514618,-1430.021806157194,-1162.8527030725963,393.54219253733754,192.3168754214421,left_blink
1761185183.4670725,-1365.366415723227,-1116.03663542727,447.27333520073444,217.0675333281979,left_blink
1761185183.4670725,-1462.4205594733357,-1097.935519641731,394.16675582993776,167.39418211672455,left_blink
1761185183.4677768,-1454.1591204712167,-1140.0355734429322,381.86996477562934,156.04358575120568,left_blink
1761185183.4677768,-1420.339205171913,-1110.2210909961723,408.4494337607175,220.70645598508418,left_blink
1761185183.481397,-1424.6737492205575,-1119.8214141824283,424.1196145750582,182.42857993859798,left_blink
1761185183.481397,-1465.831348232925,-1152.3435841971077,394.3724503275007,164.10681005567312,left_blink
1761185183.4970748,-1435.2988049946725,-1103.8782206713222,395.4532814146951,223.20470915548503,left_blink
1761185183.4970748,-1410.5182278882712,-1104.0539959692396,429.36669421289116,203.86194658465683,left_blink
1761185183.4978073,-1500.0850919270888,-1136.3555118865333,385.1835161363706,155.87155035324395,left_blink
1761185183.4978073,-1459.3463617097586,-1097.0267239524983,382.2252552714199,198.53258914779872,left_blink
1761185183.5114052,-1430.2798592541367,-1080.3654696498998,420.03938372340053,231.97477455157787,left_blink
1761185183.5114052,-1482.0812135403976,-1132.548293731641,399.90750226192176,174.51869153231382,left_blink
1761185183.5270827,-1484.3962116129696,-1165.848362937104,371.27482820115983,186.1647399943322,left_blink
1761185183.5270827,-1448.8222832344472,-1078.349663573783,399.3427773686126,243.1196764195338,left_blink
1761185183.5277953,-1463.5836683595553,-1116.025415727403,405.1583217997104,182.58939563669264,left_blink
1761185183.5277953,-1522.588069960475,-1133.78994051693,348.9401456657797,180.07618286646903,left_blink
1761185183.5414376,-1480.3010211614892,-1077.92705487879,372.587533085607,232.97332783974707,left_blink
1761185183.5414376,-1464.6420600470155,-1092.6622607042082,412.50348531268537,216.5514271343127,left_blink
1761185183.5570507,-1502.9835143927485,-1181.742937748786,378.41429721657187,167.8541898112744,left_blink
1761185183.5570507,-1485.0095552057028,-1110.3557273945771,385.359291434288,229.13245058525354,left_blink
1761185183.557826,-1464.9337722435594,-1073.0988440359943,416.572496464476,252.7162597058341,left_blink
1761185183.557826,-1473.7524563390762,-1154.101337176282,403.91667501442134,185.67107320018113,left_blink
1761185183.5713987,-1516.5743108317256,-1138.8238458572887,358.2861556550488,185.0839089071378,left_blink
1761185183.5713987,-1474.8332874262705,-1065.7611603229307,401.66151534114033,248.90904155094177,left_blink
1761185183.587041,-1485.67151749786,-1101.0022376053967,411.96119981911033,214.96196965314448,left_blink
1761185183.587041,-1532.4501861436293,-1148.3905099439435,363.85112678911537,170.69651377759874,left_blink
1761185183.5878205,-1476.8453536024317,-1084.3596828025766,389.7050551827997,243.36650981660932,left_blink
1761185183.5878205,-1472.656665652059,-1092.7707178029232,415.80955687351525,224.97742173448205,left_blink
1761185183.6013544,-1519.5288317967206,-1143.3640844034962,384.7384680416435,182.17426674161106,left_blink
1761185183.6013544,-1498.1478237500414,-1111.1560659850948,375.68417024891824,233.8858634289354,left_blink
1761185183.617094,-1462.5664155716076,-1068.0537189957686,418.58830254059285,247.76837206445634,left_blink
1761185183.617094,-1519.7083469945937,-1128.0529339849018,382.72266196552664,184.16763341799378,left_blink
1761185183.617833,-1524.480459338054,-1145.899736573454,364.2101571848616,211.97378958854824,left_blink
1761185183.617833,-1468.2735029039904,-1056.8153196289204,399.3352975687012,277.3584605138749,left_blink
1761185183.6314526,-1487.5863462751731,-1099.730671620462,415.0540970824659,225.47108852863312,left_blink
1761185183.6314526,-1551.8640068136156,-1147.4218758554198,370.5418078098446,190.93685233779252,left_blink
1761185183.6470208,-1486.1464847922325,-1059.751141094137,403.28837182186544,292.45643663499504,left_blink
1761185183.6470208,-1496.7752804663032,-1092.7220991034992,405.741746192798,243.40016891621053,left_blink
1761185183.6478345,-1538.699558969587,-1132.7801675288938,393.20186164136976,211.67459759209305,left_blink
1761185183.6478345,-1498.551732945256,-1106.4512718408369,394.2191144293174,280.30550167895854,left_blink
1761185183.6614237,-1483.7005902212113,-1075.5409987070598,399.60831026546657,272.6013077702373,left_blink
1761185183.6614237,-1520.5872234841809,-1111.309401883278,402.5665711304173,236.664609096013,left_blink
1761185183.6770892,-1518.631255807355,-1084.4419606016017,381.7390682771802,277.22008421551436,left_blink
1761185183.6770892,-1502.3926101997495,-1078.8171510682441,401.57549764215946,261.85283529758453,left_blink
1761185183.6777935,-1499.8083393303677,-1079.2995981625281,422.9714652886614,274.4675178481266,left_blink
1761185183.6777935,-1545.6557728871703,-1109.7386439018883,376.64158463757485,232.6329969437793,left_blink
1761185183.691378,-1495.522413981147,-1079.1500021643005,383.8072329526767,272.37317387294024,left_blink
1761185183.691378,-1500.855511317961,-1092.845515802037,414.06302359420806,252.92195420339704,left_blink
1761185183.707108,-1553.9022522894666,-1132.548293731641,386.963708515279,232.12811044976115,left_blink
1761185183.707108,-1544.440305401571,-1072.4443615437485,370.90083820559084,255.0050784787163,left_blink
1761185183.7078764,-1508.2418137304485,-1058.9283631038852,409.80701744463295,275.06964174099267,left_blink
1761185183.7078764,-1559.5981199219823,-1123.4752964391373,389.53301978483796,205.21953026857227,left_blink
1761185183.721373,-1565.4248840529472,-1134.68377660634,363.0171290989965,223.8891108473763,left_blink
1761185183.721373,-1490.71290263813,-1067.6722492002882,420.73500511515886,300.4785220399499,left_blink
1761185183.7371464,-1534.7764039160684,-1084.763591997791,413.43098050169647,261.13477450609207,left_blink
1761185183.7371464,-1579.2699936889112,-1128.0716334846802,372.93908368144184,221.48435517586768,left_blink
1761185183.737774,-1527.135788306594,-1088.3763353549875,384.1363441487774,270.9781911894679,left_blink
1761185183.737774,-1512.3557036817074,-1080.6123030469753,438.3274945067242,268.2443243218586,left_blink
1761185183.751412,-1557.4514173474163,-1131.8302329401486,385.0638393377885,235.04897231515497,left_blink
1761185183.751412,-1531.69472635258,-1111.0476088863797,373.6234853733331,256.47859906125814,left_blink
1761185183.7672777,-1519.439074197784,-1089.165454245638,407.3835622733459,268.32660212088376,left_blink
1761185183.7672777,-1543.1649995166808,-1123.3967585400678,402.1177831357345,238.10447057895362,left_blink
1761185183.7677948,-1567.803460424766,-1145.8698173738085,373.6197454733774,241.42176183965057,left_blink
1761185183.7677948,-1505.0217598685995,-1075.4998598075472,406.5308650834486,291.4279641471803,left_blink
1761185183.781413,-1550.09877403453,-1117.1660852138884,426.2027388503775,235.59125780873,left_blink
1761185183.781413,-1601.1035296302289,-1153.244900086429,372.48655578680336,207.95713703613728,left_blink
1761185183.7970603,-1529.2712711812928,-1072.2124877464958,380.49368159193546,300.115751744248,left_blink
1761185183.7970603,-1517.5018060207367,-1092.9614527006634,409.2385526513681,271.5765751823783,left_blink
1761185183.79778,-1582.8827370461076,-1151.2216142104007,373.49258887488395,214.5505806580186,left_blink
1761185183.79778,-1555.1102399751544,-1118.7256234954111,379.68212330155075,263.96587877254933,left_blink
1761185183.8113985,-1518.7322331061587,-1074.5910641183145,429.4975907113403,283.8771061366424,left_blink
1761185183.8113985,-1590.7701860526577,-1152.1752886991017,399.6681486647576,215.19758335035294,left_blink
1761185183.8270211,-1585.3174119172618,-1133.681483418215,348.66713296901435,229.45782188139856,left_blink
1761185183.8270211,-1531.9565193494782,-1076.0758044007234,395.707594611682,307.3674177583307,left_blink
1761185183.8278143,-1561.8719790950418,-1115.9580975282006,401.43338144384325,238.31390497647226,left_blink
1761185183.8278143,-1589.981067162007,-1157.1343960403465,374.00869506876916,216.70102313254029,left_blink
1761185183.8412993,-1522.7301861587912,-1100.8115027076565,406.6281024822965,293.2941742250696,left_blink
1761185183.8412993,-1536.70993219316,-1098.1075550396927,435.1298800446093,278.9815770946443,left_blink
1761185183.8570952,-1595.287985199131,-1147.1713025583886,378.2871406180784,217.247048526071,left_blink
1761185183.8570952,-1580.1750494781882,-1122.514142150525,355.70188478566706,259.0142512312159,left_blink
1761185183.8577583,-1525.7744647227228,-1069.6431764769368,417.03624405898154,292.6658710325137,left_blink
1761185183.8577583,-1586.2112480066717,-1137.5036611729302,406.3513498855755,226.74639441352338,left_blink
1761185183.871374,-1580.8145723706111,-1132.5146346320398,375.5083949510008,254.37303538620472,left_blink
1761185183.871374,-1516.533171932213,-1081.689394234214,439.41954529378563,304.2894800947979,left_blink
1761185183.8871045,-1547.1143338698894,-1107.173072532285,418.81643643788993,262.18194649368525,left_blink
1761185183.8871045,-1600.198473840952,-1125.9585900097154,369.7751283189282,244.2678257059306,left_blink
1761185183.8878565,-1546.2204977804795,-1063.8425916456617,386.90761001594365,308.32109224703163,left_blink
1761185183.8878565,-1531.825622851029,-1066.8158121104352,419.575636128895,306.1893492722884,left_blink
1761185183.901394,-1588.342990981415,-1133.5805061194114,389.8808304807171,238.93472836911678,left_blink
1761185183.901394,-1557.9076851420105,-1106.3802137416787,390.0678254785016,279.9950899826363,left_blink
1761185183.917037,-1527.1320484066382,-1057.9746886151843,444.53198853321373,312.20684830099344,left_blink
1761185183.917037,-1570.9000975880772,-1139.773780446034,406.815097480081,225.1120581328869,left_blink
1761185183.9177556,-1563.5960729746148,-1114.5967739443295,371.30474740080535,260.76452441047877,left_blink
1761185183.9177556,-1534.0433835247532,-1065.4021299271844,393.1532429419458,304.34183869417757,left_blink
1761185183.9314582,-1562.2085700910538,-1093.26812449703,417.95251954812557,277.1752054160461,left_blink
1761185183.9314582,-1581.6710094604641,-1129.664830865804,383.1751898601651,263.0944820828736,left_blink
1761185183.9471364,-1543.5090703126043,-1070.338797868695,389.57041878439486,294.08329311572015,left_blink
1761185183.9471364,-1537.9478390784934,-1069.3327647806145,432.3885333770886,303.50410110410303,left_blink
1761185183.947848,-1575.6834296314046,-1140.7349347346462,388.8224387932569,236.95258139260113,left_blink
1761185183.947848,-1578.0021676039323,-1116.833234117832,363.81372778955847,255.7193993702531,left_blink
1761185183.961393,-1518.571417408064,-1046.1640845551156,445.8820924172178,336.32920301519334,left_blink
1761185183.961393,-1597.2589124757797,-1152.5978973940946,396.90436259750277,227.93942249938846,left_blink
1761185183.977135,-1581.7906862590462,-1130.7456619529985,369.5095954220742,244.13318930752575,left_blink
1761185183.977135,-1523.2537721525878,-1052.0020683859475,412.1855938164517,300.90113073494285,left_blink
1761185183.9778357,-1568.3008671188727,-1098.8181360312738,415.7833775738254,254.94150017946959,left_blink
1761185183.9778357,-1599.1924407528713,-1142.1112179183401,368.8326735300943,237.13209659047425,left_blink
1761185183.991475,-1556.9278313536197,-1091.9628994124942,375.5944126499817,283.6564520392567,left_blink
1761185183.991475,-1539.7392511572689,-1086.0014988831244,421.7111190035939,280.89266597200185,left_blink
1761185184.0071287,-1596.4323945855722,-1155.488840059843,384.0241471501067,217.97258911747485,left_blink
1761185184.0071287,-1568.5925793154165,-1117.6560121080838,367.78176164254546,268.06480912398547,left_blink
1761185184.007837,-1533.804029927589,-1057.2491480237804,427.7996761314571,286.67455130349845,left_blink
1761185184.007837,-1591.1666154479608,-1130.8877781513147,408.6102494588122,218.18950331490487,left_blink
1761185184.0213096,-1601.1334488298744,-1139.7027223468758,371.37580549996346,235.64735630806535,left_blink
1761185184.0213096,-1537.0390433892608,-1056.314173034858,400.1244164593518,294.15061131492257,left_blink
1761185184.037056,-1564.258035266772,-1123.7857081354596,418.6444010399282,227.0343667101115,left_blink
1761185184.037056,-1587.1798820951954,-1155.5374587592669,371.7273560957983,229.76449367776513,left_blink
1761185184.0377903,-1554.8708863779902,-1097.0117643526755,391.87419715709984,278.73848359752446,left_blink
1761185184.0377903,-1533.9536259258166,-1074.3255312214606,433.1365133682266,292.5013154344633,left_blink
1761185184.052123,-1602.502252213657,-1149.2058081342839,375.67669044900686,210.34693310782313,left_blink
1761185184.052123,-1592.550378431566,-1104.86929415958,362.9049321003258,260.37183491513133,left_blink
1761185184.0527797,-1538.6827294197865,-1081.3696327880025,428.162446427159,288.95402032649145,left_blink
1761185184.0664184,-1594.9906631526537,-1127.3404830433428,404.9301879024133,223.50203120196238,left_blink
1761185184.0664184,-1595.4768501468934,-1131.7236457914114,365.3209074717015,241.6106267874129,left_blink
1761185184.0822735,-1539.449408910703,-1072.9436381878331,409.275951650925,280.2961519290693,left_blink
1761185184.0822735,-1551.0356189734302,-1095.6373511189595,431.3862401889637,265.7292416016571,left_blink
1761185184.0827827,-1608.5104014924727,-1146.4438920170069,372.63241188507527,215.4575063972734,left_blink
1761185184.0827827,-1541.5661922856234,-1075.0641614627093,411.10476272925735,310.2078717746772,left_blink
1761185184.096367,-1535.0325870630331,-1070.2995289191604,431.7527503846213,275.53899918543175,left_blink
1761185184.096367,-1588.3037220318802,-1145.6622529262677,378.42551691643894,204.73895312426612,left_blink
1761185184.1120558,-1567.7118328758515,-1103.3153657279909,389.4881409853697,266.98584798676893,left_blink
1761185184.1120558,-1530.8700784123503,-1085.102052943781,422.3581216959283,290.91372790327296,left_blink
1761185184.1128001,-1598.147138715256,-1132.3369893841445,402.61144992988557,218.6738203591667,left_blink
1761185184.1128001,-1586.5609286525287,-1136.0058312406763,369.9209844172001,238.4242320251651,left_blink
1761185184.126365,-1539.4344493108802,-1080.4795365985483,404.58237720653415,285.0420849728398,left_blink
1761185184.126365,-1563.5231449254788,-1104.665469611995,418.5322040412575,242.71389727434143,left_blink
1761185184.142109,-1598.049901316408,-1156.1003137025982,372.34069968853146,201.28328556520864,left_blink
1761185184.142109,-1549.8762499871664,-1089.5375742912292,390.7858862699941,287.4468406443484,left_blink
1761185184.1429172,-1545.960574733559,-1106.4942806903273,416.0152513710782,256.79088070755824,left_blink
1761185184.1429172,-1600.1292856917717,-1154.473457221873,378.2983603179455,218.01933786692098,left_blink
1761185184.1564243,-1575.8274157796986,-1115.6308562820777,392.06119215488434,266.0059941983782,left_blink
1761185184.1564243,-1526.483175764326,-1074.899605864659,434.7259708493948,289.5000457200222,left_blink
1761185184.1721332,-1593.2216904736124,-1149.2450770838186,400.2964518573135,216.28028438752517,left_blink
1761185184.1721332,-1579.9936643303372,-1132.3108100844547,378.1375446198508,254.2103497381322,left_blink
1761185184.1727583,-1535.9488625521772,-1085.524661638774,398.1946280822158,283.3105112933554,left_blink
1761185184.1727583,-1569.5892626536079,-1120.76573892124,409.8257169444114,241.71908388612792,left_blink
1761185184.186352,-1601.5504476749338,-1156.4481243984774,378.42177701648325,223.7526044989936,left_blink
1761185184.186352,-1549.505999891553,-1100.660036759451,399.9336815616116,283.1085566957481,left_blink
1761185184.202066,-1538.5181738217361,-1097.3128262991086,428.88798701856285,265.9947744985111,left_blink
1761185184.202066,-1590.5775812049396,-1174.1640304885805,388.01088050287217,212.83957642829046,left_blink
1761185184.202839,-1570.7748109395616,-1125.3545961668715,369.52081512194127,254.68905693246052,left_blink
1761185184.202839,-1543.2192280660383,-1060.5982284341007,410.6784141343087,289.09987642476335,left_blink
1761185184.2163725,-1592.3502937839366,-1137.7074857205153,403.03031872492284,221.51614432549104,left_blink
1761185184.2163725,-1577.3046762621962,-1135.0297173522413,363.1031467979774,245.70207733893767,left_blink
1761185184.2320728,-1524.1270387922414,-1074.6303330678493,422.9452859889716,282.9664404974319,left_blink
1761185184.2320728,-1555.284145323094,-1109.6956350523978,420.1291413223371,239.5761212115176,left_blink
1761185184.2328498,-1592.1745184860192,-1156.429424898699,368.0323349395767,225.96662527276203,left_blink
1761185184.2328498,-1538.0880853268318,-1103.614557724446,393.343977839686,285.23281987058,left_blink
1761185184.2463453,-1535.432756358292,-1090.034980985336,428.43919902388006,277.6595224603079,left_blink
1761185184.2463453,-1579.0848686411045,-1137.879521118477,381.3575984816998,232.24965719832107,left_blink
1761185184.2621214,-1580.3975735255517,-1136.806169831194,358.0206227581948,234.81148866796866,left_blink
1761185184.2621214,-1509.64614616381,-1068.6913719382137,447.5500877974555,316.7152976975776,left_blink
1761185184.262824,-1581.9159729075618,-1146.4027531174943,393.8974830331281,212.31225053453818,left_blink
1761185184.262824,-1597.062567728106,-1161.867239434272,358.58908755145967,214.7132663060911,left_blink
1761185184.2765489,-1501.7736567570828,-1064.5438228873536,431.214204791002,329.48331614630297,left_blink
1761185184.2765489,-1560.1385354655795,-1124.3560428787023,425.22288506198674,238.55512852361426,left_blink
1761185184.2921095,-1591.1984045975842,-1160.3525799522176,382.52818716783077,212.4917657324113,left_blink
1761185184.2921095,-1546.0054535330273,-1104.53083321359,385.7856400292367,276.7806459707208,left_blink
1761185184.2928517,-1535.2233219607733,-1092.0694865612313,422.25714439712465,278.0821311553009,left_blink
1761185184.2928517,-1603.3119405540638,-1165.846492987126,381.46231568045914,216.6767137828283,left_blink
1761185184.3065445,-1581.2353111156262,-1129.3936881190166,368.944870528765,249.78230819059536,left_blink
1761185184.3065445,-1514.6613520043902,-1082.4055850757286,443.5857938444242,302.1970060695894,left_blink
1761185184.3220713,-1583.4530717893504,-1146.0549424216151,415.68988007493317,225.67117317626253,left_blink
1761185184.3220713,-1585.397819766309,-1137.5952887218446,351.00457044132054,226.8342820624821,left_blink
1761185184.3229077,-1542.994834068697,-1091.0036150738597,401.231426846236,288.28831813437864,left_blink
1761185184.3229077,-1556.3986355098896,-1122.9685399951413,417.88520134892315,241.1693185926415,left_blink
1761185184.3364506,-1576.8259690678678,-1146.9076396115124,399.0061863726005,243.07666757004336,left_blink
1761185184.3364506,-1539.666323108133,-1090.5024684797972,413.8535891966894,296.40764093818143,left_blink
1761185184.3520975,-1560.6434219595976,-1112.8969894144684,429.1385603155941,247.08958022249863,left_blink
1761185184.3520975,-1608.966669287067,-1165.6407984895632,371.7647550953552,204.38740252843127,left_blink
1761185184.3528235,-1561.2455458524637,-1108.341791268438,377.6625773254782,267.5094339805655,left_blink
1761185184.3528235,-1524.4748494881205,-1086.489555827342,433.1664325678721,293.06791027775034,left_blink
1761185184.366412,-1589.825861313846,-1146.829101712443,405.0498647009954,207.51021899143234,left_blink
1761185184.366412,-1581.6205208110623,-1142.6291940622032,367.7368828430772,234.29164257412776,left_blink
1761185184.38218,-1517.1035066754557,-1084.9748963452876,401.3361440449953,298.47580561367795,left_blink
1761185184.38218,-1568.489732066635,-1117.725200257264,414.91198088414967,250.23483608523384,left_blink
1761185184.3828812,-1579.9039067314006,-1135.9310332415625,384.75716754142195,246.132165833842,left_blink
1761185184.3828812,-1571.747184928041,-1117.3848693612963,386.60467811953276,268.8819772643037,left_blink
1761185184.3963673,-1526.2513019670732,-1081.7810217831284,441.82804086524993,288.80816422821954,left_blink
1761185184.3963673,-1603.5774734509178,-1171.2207292234525,373.90397787000984,200.21367417788133,left_blink
1761185184.4120607,-1559.0165654788725,-1118.1777281519026,388.4895876972005,262.6700034379028,left_blink
1761185184.4120607,-1507.6041607880034,-1062.4494789121673,447.66976459603757,327.7629621666856,left_blink
1761185184.4128368,-1587.185491945129,-1158.4714102745056,393.98350073210895,196.03246602742,left_blink
1761185184.4128368,-1595.9817366409115,-1142.0457696691155,367.16093824990094,224.15651369420812,left_blink
1761185184.4263823,-1521.9167579184286,-1062.4382592123002,428.8692875187844,309.40379328420386,left_blink
1761185184.4263823,-1561.133348853793,-1126.3082706555724,409.7434391453862,234.95734476624057,left_blink
1761185184.442067,-1593.8088547666557,-1161.6802444364876,373.8478793706745,205.632789213676,left_blink
1761185184.442067,-1524.347692889627,-1075.7934419540688,401.1154899476096,294.567610159982,left_blink
1761185184.4428148,-1526.31488026632,-1074.2376435725018,434.11262725666165,275.23980718897656,left_blink
1761185184.4428148,-1601.8197204717435,-1161.167878142558,383.7286950536072,203.79649833543226,left_blink
1761185184.4563887,-1552.6288163545541,-1117.1567354639992,389.966848179698,269.16620966093615,left_blink
1761185184.4563887,-1515.5551880938,-1084.2643153537065,444.5544279329479,302.24936466896906,left_blink
1761185184.472034,-1580.1021214290522,-1141.1070547802374,413.47959920112044,222.3464021156542,left_blink
1761185184.472034,-1591.4377581947483,-1141.353888177313,376.15913754329085,227.3877872559242,left_blink
1761185184.4728134,-1536.5846455446444,-1091.325246470049,405.6781678935513,286.2313731587492,left_blink
1761185184.4728134,-1536.8277390417643,-1112.1564892232418,427.7323579322547,249.64393189223483,left_blink
1761185184.4864683,-1598.038681616541,-1158.46767037455,374.68561696074903,219.6087953480892,left_blink
1761185184.4864683,-1527.485468952451,-1074.114226873964,413.33374310284853,283.06741779623553,left_blink
1761185184.5020149,-1537.2204285371117,-1096.8415989046916,422.89292738959193,261.2638010545634,left_blink
1761185184.5020149,-1586.56840845244,-1168.2923875581473,374.6594376610592,198.66161569627002,left_blink
1761185184.5027583,-1534.7745339660905,-1095.970202215016,398.0749512836337,285.5694108665921,left_blink
1761185184.5027583,-1510.9812904479913,-1074.5667547686026,426.6178677454591,290.3078641104512,left_blink
1761185184.5163903,-1584.7657766737975,-1145.8716873237863,403.8269174154848,213.8979681157507,left_blink
1761185184.5163903,-1582.3797205020674,-1134.730525355786,374.78659425955266,228.62195424130186,left_blink
1761185184.5320203,-1526.5579737634398,-1071.9151657000184,411.25435872748494,287.3383835456334,left_blink
1761185184.5320203,-1534.262167672161,-1104.6355504123494,428.2783833257854,249.63271219236776,left_blink
1761185184.532792,-1579.260643939022,-1155.9806369040161,376.4321502400562,223.33747560391203,left_blink
1761185184.532792,-1539.1726563139819,-1107.2497404813766,397.31949149258435,271.46998803364113,left_blink
1761185184.5463605,-1533.6787432790734,-1100.080352266319,414.84092278499156,256.30843361327425,left_blink
1761185184.5463605,-1571.3582353326492,-1144.0466161454096,390.43433567415923,216.81509008118883,left_blink
1761185184.5620337,-1540.1038914029486,-1108.5549655659124,387.9996608030051,275.8830699813552,left_blink
1761185184.5620337,-1511.8564270376228,-1087.9518567100167,428.8057092195377,289.0811769249849,left_blink
1761185184.5627992,-1573.5236374069937,-1160.0384283559397,395.39344301540405,211.88216203963384,left_blink
1761185184.5627992,-1573.4264000081457,-1137.8645615186542,363.74266969040036,239.1684721163474,left_blink
1761185184.5763776,-1521.9466771180741,-1076.2796289483085,409.36196934990585,301.164793681819,left_blink
1761185184.5763776,-1531.6105786035769,-1116.7827454684302,415.1887334808707,247.62812581611797,left_blink
1761185184.592012,-1579.9861845304258,-1149.5816680798307,371.5777600975707,210.79759105248377,left_blink
1761185184.592012,-1525.1368117802776,-1102.7319413349032,404.28318521007895,288.1910807355307,left_blink
1761185184.5928347,-1533.128977985587,-1100.914349956438,436.8016153248027,269.6299572554417,left_blink
1761185184.5928347,-1600.3200205895118,-1167.0208215732127,380.8826311873272,209.61952256644145,left_blink
1761185184.606475,-1551.907015663106,-1119.3819759376347,384.9553822390735,270.93892223993316,left_blink
1761185184.606475,-1526.0680468692444,-1103.4986208258197,417.36909515503794,268.070418973919,left_blink
1761185184.622018,-1571.4517328315414,-1140.8751809829846,398.8902494739741,225.57767567737028,left_blink
1761185184.622018,-1579.9300860310905,-1129.244092120789,363.0208689989522,237.6500727343373,left_blink
1761185184.6228652,-1536.9174966407008,-1091.9460698626935,402.83584392722696,273.3661173111759,left_blink
1761185184.6228652,-1554.7755189291202,-1143.6127877505496,414.54173078853637,245.0999534460716,left_blink
1761185184.6364014,-1596.3407670366578,-1174.5604598838836,369.0346281277016,201.0813309676014,left_blink
1761185184.6364014,-1526.6140722627752,-1096.306793211028,389.42456268612295,283.8976755863987,left_blink
1761185184.652078,-1532.0631064982153,-1098.0009678909555,424.51230407040566,265.56842590356246,left_blink
1761185184.652078,-1600.1105861919932,-1175.5627530720085,386.8814307162538,213.59129631938413,left_blink
1761185184.652948,-1546.7272542244755,-1114.4041690966114,380.74799478892237,264.61475141486153,left_blink
1761185184.652948,-1540.4704015986063,-1091.276627770625,426.3074560491368,277.1172369667329,left_blink
1761185184.6664257,-1559.1250225775875,-1133.743191767484,407.46957997232676,237.13770644040778,left_blink
1761185184.6664257,-1567.3415827802382,-1138.8518951069564,367.71070354338735,241.89111928408965,left_blink
1761185184.6820946,-1525.8137336722575,-1098.3001598874107,406.2765518864617,284.69427427696064,left_blink
1761185184.6820946,-1532.912063788157,-1110.428655443713,425.5632159579545,268.9979141629301,left_blink
1761185184.6828544,-1584.8106554732658,-1170.2520951349288,371.5852398974821,225.77589037502185,left_blink
1761185184.6828544,-1538.9744416163303,-1117.0295788655058,383.1901494599879,266.68665599031374,left_blink
1761185184.6963832,-1523.9026447949,-1073.6616989793256,431.41615938860923,292.3797686859034,left_blink
1761185184.6963832,-1572.9701322135516,-1155.741283306852,385.4864480327815,225.96662527276203,left_blink
1761185184.7121737,-1546.540259226691,-1116.7790055684745,388.5456861965358,271.98235432757065,left_blink
1761185184.7121737,-1548.7692396002822,-1118.895788943395,418.1694337455556,264.7643474130891,left_blink
1761185184.7128067,-1556.4210749096237,-1130.280044408515,409.84815634414554,245.6197995399125,left_blink
1761185184.7128067,-1543.9298090576194,-1124.3448231788352,383.09291206113994,262.2885336424224,left_blink
1761185184.7263975,-1508.4718175777234,-1075.127739761956,421.62884120456874,295.28941085143015,left_blink
1761185184.7263975,-1538.3461384237744,-1132.1088554868475,420.5293106175959,237.86324703181162,left_blink
1761185184.7421076,-1592.997296476271,-1185.2565737571567,373.0737200798467,194.46918784594163,left_blink
1761185184.7421076,-1536.3864308469929,-1105.3461314039305,404.8965288028121,277.4874870623462,left_blink
1761185184.7430024,-1512.6455459282734,-1082.678597772494,438.7201840020716,290.69307380588725,left_blink
1761185184.7430024,-1599.220490002539,-1181.767247098498,373.79178087133914,188.6648631147109,left_blink
1761185184.7564113,-1562.1281622420065,-1120.6311025228351,380.82653268799186,256.8133201072924,left_blink
1761185184.7564113,-1523.7193896970712,-1101.6473703477532,426.67022634483874,277.31171176442876,left_blink
1761185184.7721632,-1574.4025138965808,-1159.7280166596174,406.28777158632874,209.02487847348675,left_blink
1761185184.7721632,-1589.837081013713,-1140.785423384048,380.3216461939737,228.52471684245393,left_blink
1761185184.772827,-1522.7283162088133,-1106.703715087846,428.8356284191832,284.80273137567565,left_blink
1761185184.772827,-1551.630263066385,-1135.5084245465696,416.92778696026653,258.5112346871756,left_blink
1761185184.78632,-1591.4938566940837,-1177.2644075518474,375.48595555126667,214.9713194030337,left_blink
1761185184.78632,-1533.8619983769022,-1097.2679474996403,405.3490566974506,285.8536432632245,left_blink
1761185184.803621,-1530.6120253154077,-1113.6337497057393,446.3682794114575,273.05196571489796,left_blink
1761185184.803621,-1585.5623753643595,-1166.5458542788401,397.46908749081194,220.62978803599253,left_blink
1761185184.8039927,-1540.1450303024612,-1135.0409370521083,382.50200786814094,269.4878410571255,left_blink
1761185184.8039927,-1517.7093704682775,-1106.4755811905488,431.00103049352765,277.7044012597762,left_blink
1761185184.816274,-1563.642821724061,-1177.4102636501193,417.9300801483914,198.76259299507365,left_blink
1761185184.816274,-1573.8265693034045,-1157.0240689916536,382.19907597173005,222.4997380138375,left_blink
1761185184.8320649,-1497.9626987022348,-1124.3149039791897,431.6031543863937,269.41678295796737,left_blink
1761185184.8320649,-1518.0945801637135,-1207.879228589125,443.30156144779176,245.23458984447643,left_blink
1761185184.8327465,-1568.007284972351,-1207.31076379586,397.0801378954202,213.05649062572047,left_blink
1761185184.8327465,-1466.0538722802885,-1178.0610062424093,422.7919500907883,249.27368179662153,left_blink
1761185184.846279,-1504.159712928813,-1203.5783436400816,471.9940739078447,263.8144128243439,left_blink
1761185184.846279,-1550.6504092779942,-1175.7460081698373,438.49205010477453,212.86949562793598,left_blink
1761185184.8620493,-1545.9680545334704,-1090.8128801761195,400.65922215301543,214.20837981207296,left_blink
1761185184.8620493,-1423.594788083341,-1159.9449308570474,475.8237314624712,252.62837205687538,left_blink
1761185184.8628187,-1526.5355343637057,-1139.3493018010631,448.7767749829218,199.58163108536974,left_blink
1761185184.8628187,-1430.6332797999494,-1316.220390405506,443.12204624991864,183.63095777435228,left_blink
1761185184.87651,-1417.480051655788,-1090.2930340822786,490.0802300935611,238.03902232972905,left_blink
1761185184.87651,-1468.9485548459925,-1149.4133725818247,462.08333902526647,165.615859687794,left_blink
1761185184.892125,-1500.7302246694453,-1171.9126107152551,418.0834160465747,173.24151569744572,left_blink
1761185184.892125,-1415.86441487493,-1113.214880910702,445.3547665234655,251.22216967353597,left_blink
1761185184.892761,-1404.7232529069297,-1161.9420374333858,465.1837160885334,183.7319350731559,left_blink
1761185184.892761,-1452.2536414437927,-1192.8223913675174,452.8009073352441,166.30774117959663,left_blink
1761185184.9064956,-1404.2520255125128,-1161.627885837108,426.9394991416484,175.5789531697519,left_blink
1761185184.9064956,-1344.6866389182396,-1108.9850540608168,510.6833389494568,227.14843365876004,left_blink
1761185184.9220643,-1420.0680624251254,-1192.3137649735436,457.8572520753369,133.03385127382353,left_blink
1761185184.9220643,-1454.553679916542,-1150.266069771722,403.28463192190975,135.40868774568662,left_blink
1761185184.922784,-1348.4788974733092,-1088.9765892978758,483.2698722742498,226.77070376323536,left_blink
1761185184.922784,-1388.7950189956464,-1163.9391440097243,451.439583751373,134.55599055578932,left_blink
1761185184.9364529,-1408.5267311618663,-1203.5185052407905,428.4354591239244,140.0087646911852,left_blink
1761185184.9364529,-1381.4685549824499,-1082.0727339796722,455.6320116017014,212.20005353586748,left_blink
1761185184.9521143,-1379.3143726079725,-1134.0498635638505,475.83495116233826,148.25524409348145,left_blink
1761185184.9521143,-1433.9842301602475,-1171.0112948259339,438.56310820393264,124.7050940725021,left_blink
1761185184.952789,-1393.9336415347643,-1155.8160813059658,425.907286753878,162.14523252891377,left_blink
1761185184.952789,-1365.7534953686409,-1131.910640789196,463.2127888118848,184.05730636930093,left_blink
1761185184.9664388,-1418.03355684923,-1178.6855695350096,445.41086502280086,116.89244306506589,left_blink
1761185184.9664388,-1442.578520258423,-1195.2047076392919,406.84127677977085,120.66226222040132,left_blink
1761185184.9820733,-1305.1558963865973,-1147.5546423038468,501.07927586324513,241.33013429073617,left_blink
1761185184.9820733,-1409.6300016487949,-1191.0272393887863,467.54359296057373,140.39397438662127,left_blink
1761185184.9827633,-1451.3037068550475,-1168.3522259574383,424.66190006863326,137.31603672308847,left_blink
1761185184.9827633,-1398.724453378003,-1144.7983360365033,435.6609458383173,182.68102318560705,left_blink
1761185184.9963956,-1383.1402902626432,-1162.3534264285117,459.2559746587649,172.31028060847893,left_blink
1761185184.9963956,-1423.015103590209,-1239.6496787127107,428.25968382600695,128.53475162712857,left_blink
1761185185.0121143,-1411.3241763287224,-1173.3936110977083,429.3891336126253,174.48316248273477,left_blink
1761185185.0121143,-1366.6099324584939,-1121.1696481164545,498.379068095237,194.633743443992,left_blink
1761185185.012792,-1450.537027364131,-1213.0028915284202,433.9069327590987,125.10900326771662,left_blink
1761185185.012792,-1400.6018831557594,-1183.5436995774508,419.5644164290279,172.41125790728256,left_blink
1761185185.0263944,-1387.8263849071227,-1151.0963275618851,453.2571751298383,202.9662405452691,left_blink
1761185185.0263944,-1409.3308096523397,-1166.4560966799036,455.1346049075946,162.6912579224445,left_blink
1761185185.0421402,-1417.8877007509582,-1217.2214986784384,427.0816153399646,150.07283547194675,left_blink
1761185185.0421402,-1396.4057154054753,-1149.8621605765074,458.1527041718364,208.77804507641122,left_blink
1761185185.0428464,-1395.347323718015,-1149.90329947602,481.1456090994179,190.85644448874518,left_blink
1761185185.0428464,-1468.0360192568041,-1219.6187745500356,418.3040701439604,119.3719967356883,left_blink
1761185185.0570636,-1396.929301399272,-1152.2594364481047,438.7987219011411,204.667895025108,left_blink
1761185185.0570636,-1373.300613479223,-1163.69979041256,463.5194606082514,204.35000352887437,left_blink
1761185185.05794,-1451.5337107023224,-1216.5071777869016,438.594897353556,146.21325871767476,left_blink
1761185185.0714204,-1458.8564348155633,-1165.1022528959438,425.1536969128065,178.67933023301885,left_blink
1761185185.0714204,-1404.0706403646618,-1132.4379666829482,442.95936060184613,212.70120012992993,left_blink
1761185185.087109,-1410.7538415854797,-1171.8378127161413,453.5694567761384,190.72554799029604,left_blink
1761185185.087109,-1459.2416445109993,-1218.4631454637274,414.4351436397992,141.4897650736384,left_blink
1761185185.0877953,-1410.9146572835743,-1144.6375203384086,441.13802932342514,230.26003042189404,left_blink
1761185185.0877953,-1415.2641609320417,-1155.318674611859,459.66549370391294,202.43517475156114,left_blink
1761185185.101378,-1479.5642608702183,-1222.0197903215885,413.2196761542,145.21096552954987,left_blink
1761185185.101378,-1446.462406362407,-1158.7406830713153,420.2207688712515,215.65946099488065,left_blink
1761185185.1170444,-1409.3700786018744,-1145.501437228173,458.120915022213,230.69011891679838,left_blink
1761185185.1170444,-1471.1569657698274,-1189.4078627079725,429.16286966530606,156.67749879369512,left_blink
1761185185.1177628,-1475.3306941203773,-1189.1872086105868,387.8631544546224,170.4739897302352,left_blink
1761185185.1177628,-1425.668562608771,-1142.0345499692485,448.40091503737494,233.75309698050842,left_blink
1761185185.1314712,-1469.7432835865766,-1168.3260466577485,423.7437546295114,177.59475924586877,left_blink
1761185185.1314712,-1504.3710172763094,-1197.2803521146998,376.84914908511564,161.62538643507287,left_blink
1761185185.147045,-1447.7003132477403,-1144.3757273415104,426.8142124931328,232.22347789863124,left_blink
1761185185.147045,-1449.091556031257,-1153.4337650341913,450.13248871685937,209.47366646816954,left_blink
1761185185.1477852,-1497.9047302529216,-1203.585823439993,400.04400861030445,162.03677543019876,left_blink
1761185185.1477852,-1476.0038761124015,-1166.7141497768462,399.2810690193437,211.1940204477869,left_blink
1761185185.1613567,-1430.6837684493512,-1140.4450924880803,441.05949142435566,239.4639242128469,left_blink
1761185185.1613567,-1497.2913866601884,-1176.6622836589813,410.650364884641,173.15923789842054,left_blink
1761185185.1770875,-1512.624976478517,-1184.6694094641134,370.72693285765126,190.2991993953474,left_blink
1761185185.1770875,-1451.9750188970938,-1114.131156399846,428.87115746876225,254.70775643223897,left_blink
1761185185.1778238,-1474.6724717281759,-1172.0435072137043,428.72904127044603,195.31814513588324,left_blink
1761185185.1778238,-1507.4601746397093,-1193.9406214542687,395.5299493637867,177.22450915025547,left_blink
1761185185.1915116,-1445.145961578004,-1115.1783283874393,430.0417461548932,260.41484376462176,left_blink
1761185185.1915116,-1462.9703247668222,-1161.1603983426467,432.5474791252054,231.12020741170272,left_blink
1761185185.2070744,-1520.4376274859533,-1202.0113255586475,391.6928120092489,174.89829137781635,left_blink
1761185185.2070744,-1492.9231835119426,-1144.6300405384973,389.47879123548046,227.4251862554811,left_blink
1761185185.2078652,-1449.065376731567,-1113.4392749080434,433.0486257192679,249.9506036886014,left_blink
1761185185.2078652,-1503.507100386545,-1203.1183359455317,402.96861037565395,172.33272000821307,left_blink
1761185185.2214205,-1501.8353651063517,-1178.2180820405483,380.7872637384571,217.85478226887062,left_blink
1761185185.2214205,-1463.5051304604858,-1116.8986823670566,439.9973598369397,262.5428468394093,left_blink
1761185185.2370932,-1496.9510557642207,-1161.1977973422036,431.24225404066965,200.68116167234257,left_blink
1761185185.2370932,-1516.895942227915,-1178.5210139369592,398.3573137302883,207.0464713969268,left_blink
1761185185.237782,-1482.3018676377833,-1127.4638997418806,418.6200916902162,252.75552865536883,left_blink
1761185185.237782,-1474.8295475263149,-1133.7095326678827,423.893350627739,245.20093074487522,left_blink
1761185185.2513912,-1529.8172965748236,-1158.3666930757463,396.1283333566971,209.91497466294095,left_blink
1761185185.2513912,-1487.1375582804903,-1127.7930109379813,410.01084199221805,254.49084223480895,left_blink
1761185185.2670624,-1476.721936903894,-1121.0761506175622,438.20594775816426,261.94446284649894,left_blink
1761185185.2670624,-1544.8292549969628,-1177.8665314447135,397.2727427431382,188.98275461094454,left_blink
1761185185.2678115,-1521.7877313699573,-1139.506377599202,390.0547358286567,239.68083841027692,left_blink
1761185185.2678115,-1469.4179122904316,-1091.1158120725304,428.04837947851047,289.3504497217946,left_blink
1761185185.2813828,-1506.4803208513185,-1160.588193649426,434.8849165975116,227.197052358184,left_blink
1761185185.2813828,-1532.9887317372486,-1178.7491478342563,378.2254322688095,203.12331634340808,left_blink
1761185185.2971172,-1480.3122408613563,-1115.6121567822993,416.24151531839743,285.7040472649969,left_blink
1761185185.2971172,-1498.491894545965,-1094.7696943292394,419.5438469792716,254.65165793290362,left_blink
1761185185.2977774,-1550.689678227529,-1163.3893787162378,389.0898416400887,216.94224667968228,left_blink
1761185185.2977774,-1532.670840241015,-1129.5171048175544,391.15426641562954,257.8380526951514,left_blink
1761185185.3114295,-1500.7246148195118,-1091.16817067191,432.3642240273766,285.2963981698267,left_blink
1761185185.3114295,-1533.2206055345014,-1159.888832357712,402.0897338860668,233.70447828108445,left_blink
1761185185.3271115,-1517.6588818188757,-1156.48926329799,385.7949897791259,227.36160795623437,left_blink
1761185185.3271115,-1494.594918792136,-1075.2287170607597,439.1521424469538,304.51200414216146,left_blink
1761185185.327845,-1536.5715558947995,-1145.3256619302556,422.80129984067753,224.54546328959987,left_blink
1761185185.327845,-1544.309408903122,-1160.4273779513314,382.02891052374616,221.20573262916878,left_blink
1761185185.3413413,-1498.35725814756,-1100.6263776598498,404.1092798621394,285.6404689657502,left_blink
1761185185.3413413,-1513.4851534683257,-1114.6360428938642,428.5083871730603,253.8774986420758,left_blink
1761185185.3571053,-1561.9505169941112,-1191.8537572789937,396.0535353575833,213.3818619218655,left_blink
1761185185.3571053,-1531.4441530555487,-1130.474519206211,379.92334684869274,255.34353942470625,left_blink
1761185185.3578098,-1489.4263770533726,-1070.8530341126025,439.79914513928816,301.55000337725505,left_blink
1761185185.3578098,-1559.3288471251726,-1168.7149962531403,404.3897723588161,215.61458219541237,left_blink
1761185185.371406,-1552.7204439034685,-1137.2175588263199,375.240992104169,252.89764485368505,left_blink
1761185185.371406,-1495.1110249860212,-1088.6512180017307,415.49727522721514,288.84556322777644,left_blink
1761185185.3871636,-1527.8538490980864,-1125.5079320650548,419.1399377840571,252.03746786387637,left_blink
1761185185.3871636,-1556.707177256234,-1152.461391045712,365.6369290179573,223.8610615977086,left_blink
1761185185.3878002,-1511.5665847910568,-1100.974188355729,408.3540663118474,292.8921349798329,left_blink
1761185185.3878002,-1515.45982064493,-1103.7043153233826,431.57136523677036,282.3418772048317,left_blink
1761185185.4013543,-1578.2452611010522,-1174.3323259865865,374.3808151143603,192.4795610695146,left_blink
1761185185.4013543,-1545.816588585265,-1124.4981590770185,381.7184988274239,260.93842975841835,left_blink
1761185185.417045,-1507.4938337393105,-1086.1492249313742,421.0659862612374,280.9207152216695,left_blink
1761185185.417045,-1581.9103630576283,-1149.6938650785014,385.1554668867029,223.34121550386772,left_blink
1761185185.4178123,-1547.3686470668763,-1126.8842152487487,374.03300441848114,257.12373180361465,left_blink
1761185185.4178123,-1505.6612827610224,-1090.2705946825445,425.98769460292533,278.6019772491418,left_blink
1761185185.431428,-1539.5148571599275,-1119.2062006397173,421.3763979575597,245.1710115452297,left_blink
1761185185.431428,-1575.2645608363673,-1161.5269085383043,359.1182833951898,225.36450137989596,left_blink
1761185185.4470694,-1529.521844478324,-1086.3399598291144,396.9473714469932,293.99914536671713,left_blink
1761185185.4470694,-1532.584822542034,-1096.415250309743,417.41958380443975,262.1501573440619,left_blink
1761185185.4478424,-1582.1609363546595,-1174.0667930897325,373.3411229266785,191.87743717664853,left_blink
1761185185.4478424,-1541.545622835867,-1112.141529623419,380.8284026379697,261.83600574778393,left_blink
1761185185.461386,-1518.0852304138243,-1083.9763430571184,431.3394914395176,267.45333548123017,left_blink
1761185185.461386,-1558.5060691349208,-1151.0215295627713,416.0769597203471,225.1625467822887,left_blink
1761185185.477096,-1560.854726307094,-1138.5115642109886,382.3916808194481,232.45535169588402,left_blink
1761185185.477096,-1524.7871311344206,-1093.195196447894,410.9196376814507,286.4969060556032,left_blink
1761185185.4777868,-1564.474949464202,-1148.0520489979535,400.63117290334776,217.02826437866315,left_blink
1761185185.4777868,-1573.6863230550662,-1148.0520489979535,376.62475508777425,234.4300188724883,left_blink
1761185185.4913816,-1531.8667617505416,-1088.8830917989835,401.1435391972773,283.2731122937985,left_blink
1761185185.4913816,-1540.9995974423364,-1109.9162891497836,423.0705726374872,253.41375104757026,left_blink
1761185185.507246,-1597.2364730760455,-1167.3499327693135,373.39722142601386,183.64965727413073,left_blink
1761185185.507246,-1557.7842684434727,-1119.0827839411795,371.7890644450672,243.26366256782785,left_blink
1761185185.5078602,-1514.9437144510448,-1093.7038228418678,427.6594298831187,278.16814885428175,left_blink
1761185185.5078602,-1580.3022060766816,-1154.5744345206767,389.6807458330877,208.4900727798231,left_blink
1761185185.5213835,-1602.1581814177334,-1136.3910409361124,363.9352745381184,233.02381648914889,left_blink
1761185185.5213835,-1542.1440068287775,-1084.7916412474588,409.60319289704785,285.823724063579,left_blink
1761185185.537053,-1575.5600129328668,-1135.3139497488737,408.93749070493504,240.03612890606746,left_blink
1761185185.537053,-1575.002767839469,-1143.837181747891,387.85567465471104,257.7744743959047,left_blink
1761185185.5378125,-1518.8219907050952,-1071.788009101525,417.5168212032877,307.18977251043543,left_blink
1761185185.5378125,-1553.5694011934102,-1106.400783191435,416.9520963099785,245.48142324155197,left_blink
1761185185.5514104,-1576.1172580262646,-1142.932125958614,378.96219256008044,235.47345096012577,left_blink
1761185185.5514104,-1544.922752495855,-1098.356258386746,386.92817946569994,294.1562211648561,left_blink
1761185185.567092,-1524.8245301339775,-1090.928817074746,416.34249261720106,303.61816805275157,left_blink
1761185185.567092,-1582.385330352001,-1127.736912438646,399.62887971522287,234.85262756748125,left_blink
1761185185.5678544,-1581.6523099606857,-1123.925954383798,371.62076894706115,252.61341245705262,left_blink
1761185185.5678544,-1530.7709710635245,-1076.8555735414848,414.20326984254643,304.73639813950285,left_blink
1761185185.5813928,-1555.297234972939,-1114.2134341988713,408.74675580719486,260.4784220638685,left_blink
1761185185.5813928,-1604.839689685963,-1140.5535495867953,355.0679717431776,223.35991500364617,left_blink
1761185185.5972617,-1532.8353958390653,-1076.9528109403327,397.59063423937187,302.4214000669308,left_blink
1761185185.5972617,-1550.712117627263,-1105.050679307431,428.8973367684521,265.48988800449297,left_blink
1761185185.5978065,-1597.5132256727666,-1145.7856696248055,378.7602379624732,214.25325861154124,left_blink
1761185185.5978065,-1563.3081006780267,-1105.447108702734,364.88520912686363,280.17273523053154,left_blink
1761185185.611391,-1528.882321585901,-1082.2036304781213,423.0817923373543,308.33418189687654,left_blink
1761185185.611391,-1603.8710555974394,-1156.0816142028198,383.18453961005434,215.38644829811528,left_blink
1761185185.6271095,-1574.6138182440773,-1120.9676935188472,371.7853245451115,266.0396532979794,left_blink
1761185185.6271095,-1548.0754881585017,-1076.8667932413518,399.7373368139379,280.299891829025,left_blink
1761185185.628019,-1582.673302648589,-1120.511425724253,389.2394376383163,247.44487071828917,left_blink
1761185185.628019,-1597.3711094744503,-1150.000536874868,361.7511729639955,230.74995731608942,left_blink
1761185185.6413882,-1538.108654776588,-1086.4558967277408,395.0886411690153,290.28542471071705,left_blink
1761185185.6413882,-1560.290001413785,-1114.0974973002449,406.78330833045766,268.8221388650127,left_blink
1761185185.65704,-1623.812202161178,-1154.365000123158,354.64910294814035,214.31683691078797,left_blink
1761185185.65704,-1578.5107939979061,-1103.8539113216102,375.9029543963261,267.09056518552825,left_blink
1761185185.6580176,-1541.7662769332528,-1084.3989517521113,391.5693953107111,276.5300726736896,left_blink
1761185185.6580176,-1602.0759036187083,-1138.915473406203,374.40325451409444,228.89870683802292,left_blink
1761185185.6714444,-1595.4749801969156,-1133.9189670654014,358.57973780157045,253.66432434460148,left_blink
1761185185.6714444,-1555.5440683700144,-1072.704284590669,397.2054245439358,313.9926505298354,left_blink
1761185185.687179,-1588.3467308813706,-1125.0628839703277,400.19734450848773,247.23543632077053,left_blink
1761185185.687179,-1619.096188317053,-1144.910533035174,357.5886643133126,237.93804503092542,left_blink
1761185185.6883233,-1562.9602899821475,-1070.9577513113618,390.62694052187726,284.9785066735931,left_blink
1761185185.6883233,-1570.0735796978697,-1095.4166970215738,407.3517731237225,283.4451476917602,left_blink
1761185185.7014697,-1621.7402975857258,-1152.9513179399073,353.7403072589077,244.12757945759222,left_blink
1761185185.7014697,-1586.2598667060956,-1106.1614295942709,355.3372445399873,290.25550551107153,left_blink
1761185185.732762,-1556.0152957644314,-1089.8031071880832,404.15041876165196,299.0405305069871,left_blink
1761185185.732762,-1606.6311017647386,-1118.196427651681,384.3887873957865,259.2255555787124,left_blink
1761185185.733508,-1611.7659844039008,-1124.165307980962,351.02139999112114,272.3787837228738,left_blink
1761185185.733508,-1574.9840683396906,-1077.9887632280588,400.73963000206277,299.69501299923286,left_blink
1761185185.734254,-1615.8910940550268,-1116.5059928717092,376.69955308688805,256.1027391157113,left_blink
1761185185.734254,-1631.493956670165,-1125.492972465232,343.65005717845634,253.92611734149978,left_blink
1761185185.7470837,-1555.8283007666469,-1060.654326933436,388.11746765160933,338.7320887367241,left_blink
1761185185.7470837,-1565.451063352637,-1101.624930948019,414.19952994259074,270.1124043497257,left_blink
1761185185.7477655,-1626.8228216255084,-1155.8946192050353,362.58517065411434,218.1203151657246,left_blink
1761185185.7477655,-1588.7618597764522,-1098.128124489449,355.13528994238004,276.3019387763925,left_blink
1761185185.761356,-1558.9585970295593,-1079.8661930058151,393.92179238284007,299.1190684060566,left_blink
1761185185.761356,-1618.998950918205,-1135.5907023455948,368.3707958855666,242.48576337704435,left_blink
1761185185.7770605,-1617.6825061338022,-1127.3704022429883,338.3244396415539,249.60279299272224,left_blink
1761185185.7770605,-1558.0610210401937,-1071.5598752042279,394.8305880720727,310.11063437582925,left_blink
1761185185.777771,-1594.5362653080374,-1130.6465546041727,385.8249089787714,254.27392803737894,left_blink
1761185185.777771,-1614.5596896708012,-1143.983037846163,350.46415489772335,235.81378185609356,left_blink
1761185185.791338,-1578.0358267035335,-1090.4912487799302,363.88291593873873,286.7474793526344,left_blink
1761185185.791338,-1561.8532795952633,-1087.877058710903,396.19191165594384,288.36685603344813,left_blink
1761185185.8070097,-1637.668531497009,-1139.1847462030128,342.53930689161643,227.13721395889297,left_blink
1761185185.8070097,-1602.5546108130366,-1105.1628763061017,358.2655862052925,277.91757555725053,left_blink
1761185185.8077788,-1557.7356497440487,-1065.9911641702056,413.93025714578107,302.4887182661332,left_blink
1761185185.8077788,-1618.4192664250731,-1135.8487554425374,361.94938766164705,224.0181373958476,left_blink
1761185185.821452,-1586.787192599848,-1111.502006730996,373.18404712853953,281.5639780140482,left_blink
1761185185.821452,-1528.871101886034,-1059.1321876514703,399.1987912203185,328.64183865627274,left_blink
1761185185.8370256,-1604.4208208909258,-1129.906054412946,373.9320271196775,231.19126551086083,left_blink
1761185185.8370256,-1622.8809670722112,-1124.5841767759994,356.7845858228393,258.7393685844727,left_blink
1761185185.837993,-1568.177450420335,-1080.4533572988585,379.6166750523262,288.32571713393554,left_blink
1761185185.837993,-1576.135957526043,-1085.573280338198,400.29084200738,276.971380868461,left_blink
1761185185.8515203,-1624.848154448904,-1137.4643922233954,370.6371752587147,232.69470529304817,left_blink
1761185185.8515203,-1592.9692472266033,-1113.7197674047202,353.1419232659973,265.02240051003173,left_blink
1761185185.8670716,-1545.9774042833596,-1064.5064238877967,415.2242625304498,306.8756209141575,left_blink
1761185185.8670716,-1621.471024788916,-1159.2941882647574,354.80617874627933,209.58960336679593,left_blink
1761185185.8678036,-1605.8008439745754,-1118.1178897526115,350.142523501534,241.2777756913565,left_blink
1761185185.8678036,-1536.444399296306,-1053.0660699233413,409.96970309270546,316.831234596204,left_blink
1761185185.8813593,-1611.848262202926,-1128.6270086281002,380.5666096410714,236.07183495303616,left_blink
1761185185.8813593,-1627.9522714121267,-1133.8703483659774,340.6319579142146,240.29418200301006,left_blink
1761185185.89702,-1563.4539567762986,-1079.2341499133036,389.51993013499305,289.58232351904735,left_blink
1761185185.89702,-1567.7810210250318,-1096.9163969038054,401.8391605890356,255.00694842869416,left_blink
1761185185.8978133,-1619.6422137105837,-1154.0358889270574,360.7152206762694,228.9435856374912,left_blink
1761185185.8978133,-1573.7910402538255,-1086.3736189287156,362.8955823504366,290.5958364070393,left_blink
1761185185.9114263,-1546.3813134785742,-1071.918905599974,419.876698075328,290.8501496040262,left_blink
1761185185.9114263,-1608.7329255398363,-1141.8512948714197,375.8169366973452,226.56500926567242,left_blink
1761185185.9271321,-1600.497665837407,-1114.4004291966558,364.2756054340862,261.4395763524808,left_blink
1761185185.9271321,-1548.217604356818,-1067.9733111467212,415.8039470235817,299.1190684060566,left_blink
1761185185.9278584,-1577.0372734153643,-1120.8966354196891,405.19011094933376,244.83068064926192,left_blink
1761185185.9278584,-1609.3051302330568,-1131.6899866918102,360.8835161742754,234.44497847231105,left_blink
1761185185.9414053,-1549.8295012377203,-1071.945084899664,394.5463556754403,313.8355747316964,left_blink
1761185185.9414053,-1557.9226447418332,-1089.6572510898113,411.08793317945674,267.01202728645876,left_blink
1761185185.9570844,-1620.820282196626,-1154.8511871173978,365.98099981388077,233.36414738511667,left_blink
1761185185.9570844,-1585.3809902165085,-1087.0954196201637,367.4919193959795,273.7438472067006,left_blink
1761185185.9578784,-1550.1735720336437,-1065.5311564756557,425.8081794050522,286.35852975724265,left_blink
1761185185.9578784,-1606.4366269670427,-1133.9638458648697,381.2323118331842,225.78337017493322,left_blink
1761185185.9714203,-1590.3139182580635,-1118.5965969469398,361.9680871614255,258.6533508854918,left_blink
1761185185.9714203,-1537.9927178779617,-1068.37348044198,405.81841414188966,301.755697874818,left_blink
1761185185.9871047,-1576.8465385176241,-1120.1710948282853,409.34887970006093,248.48456290597096,left_blink
1761185185.9871047,-1602.524691613391,-1127.3404830433428,366.9683334021829,217.46209277352318,left_blink
1761185185.987877,-1541.799936032854,-1076.0402753511444,389.6470867334865,283.35912999277934,left_blink
1761185185.987877,-1561.363352701068,-1096.318012910895,405.2798685482703,263.7433547251858,left_blink
1761185186.0013688,-1616.3398820497096,-1142.0682090688497,351.27197328815237,214.18220051238313,left_blink
1761185186.0013688,-1570.866438488476,-1092.0956658609211,369.343169874046,276.1934816776775,left_blink
1761185186.017099,-1557.1634450508282,-1077.3791595352814,409.8051474946551,266.623077691067,left_blink
1761185186.017099,-1615.9509324543178,-1168.7224760530517,378.0122579713352,199.61155028501526,left_blink
1761185186.0178492,-1573.5853457562625,-1120.7956581208855,372.4884257367812,256.64502460928634,left_blink
1761185186.0178492,-1553.427284995094,-1085.69295713678,398.9182987236418,279.46963403886184,left_blink
1761185186.0313728,-1572.0781660741195,-1119.3034380385652,406.6935507315211,246.88014582498,left_blink
1761185186.0313728,-1606.1224753707647,-1151.2982821594924,345.1048782612197,220.59612893639132,left_blink
1761185186.0470629,-1553.535742093809,-1084.5373280504718,405.45190394623205,305.6414539287798,left_blink
1761185186.0470629,-1566.9619829347357,-1103.8651310214773,417.9169904985465,261.68640974955633,left_blink
1761185186.0478523,-1617.6899859337136,-1155.4832302099094,366.1567751117982,213.31080382270738,left_blink
1761185186.0478523,-1553.8386739902198,-1085.7565354360268,381.090195634868,279.90720233367756,left_blink
1761185186.0621524,-1538.8491549678147,-1086.3848386285827,409.01228870404884,267.3411384825595,left_blink
1761185186.0621524,-1598.6277158595622,-1130.5380975054577,384.77025719126686,231.9093263023533,left_blink
1761185186.062883,-1581.0034373183735,-1117.7925184564665,359.3277177927084,252.22820276161656,left_blink
1761185186.0764651,-1532.22392219631,-1065.9911641702056,420.7406149650924,310.6529198694043,left_blink
1761185186.0764651,-1586.9236989482306,-1139.4278397001326,392.463231400121,240.97858369490132,left_blink
1761185186.092102,-1594.7475696555339,-1147.9809908987954,369.72837956948206,235.98955715401098,left_blink
1761185186.092102,-1552.714834053535,-1067.5694019515067,415.1382448314689,308.5660556941293,left_blink
1761185186.0928168,-1558.1339490893297,-1097.8925107922405,400.36937990644947,261.27876065438613,left_blink
1761185186.0928168,-1605.5558805274777,-1153.3140882356092,356.5489721256308,203.10087694367394,left_blink
1761185186.1064396,-1559.9702399675734,-1104.4784746142104,382.51509751798585,274.35345089947805,left_blink
1761185186.1064396,-1545.8670772346668,-1086.7102099247277,435.35988389188424,284.2716655819677,left_blink
1761185186.1220603,-1591.9202052890323,-1125.9716796595603,408.0548743153922,236.8759134435095,left_blink
1761185186.1220603,-1607.5679467036389,-1131.3085168963298,356.1039240309037,230.60410121781752,left_blink
1761185186.1227927,-1522.3318868135102,-1055.8148963907734,413.5076484507881,311.73375095659867,left_blink
1761185186.1227927,-1579.7094319337048,-1136.7014526324347,386.879560766276,216.18678688863292,left_blink
1761185186.1364472,-1587.1331333457492,-1137.9019605182111,367.1628081998788,241.18801809241995,left_blink
1761185186.1364472,-1550.7513865767978,-1090.7193826772273,407.4751898222603,274.2562135006301,left_blink
1761185186.1521351,-1532.5231141927652,-1074.2152041727677,447.2976445504464,293.16888757655397,left_blink
1761185186.1521351,-1620.8969501457177,-1165.89511168655,357.0351591198705,202.6333894492127,left_blink
1761185186.1528463,-1539.0081007159315,-1074.1778051732108,383.0499032116495,304.28761014482006,left_blink
1761185186.1528463,-1535.8965039527975,-1083.49763586279,416.1442779195495,288.4117348329164,left_blink
1761185186.1664593,-1584.0925946817733,-1136.6079551335424,391.3225619136356,242.41096537793055,left_blink
1761185186.1664593,-1583.6363268871792,-1126.2933110557497,366.7065404052846,248.061954210978,left_blink
1761185186.1820583,-1505.6220138114877,-1044.7073935223743,441.8897492145188,332.8380064065568,left_blink
1761185186.1820583,-1597.6684315209277,-1129.9172741128132,408.67569770803675,223.91342019708827,left_blink
1761185186.1827824,-1590.8244146020152,-1121.042491517961,365.0834238245152,260.96834895806387,left_blink
1761185186.1827824,-1541.2071618898772,-1083.5163353625685,398.4283718294464,278.478560550604,left_blink
1761185186.196468,-1549.820151487831,-1080.4122183993459,425.340691910591,275.68111538374797,left_blink
1761185186.196468,-1603.8205669480376,-1150.1314333733171,373.9769059191458,218.62146175978705,left_blink
1761185186.2121525,-1546.6898552249186,-1071.0250695105642,401.59606709191576,302.4139202670194,left_blink
1761185186.2121525,-1525.3200668781064,-1082.944130669348,433.39643641514704,293.50547857256606,left_blink
1761185186.2127624,-1563.9868925199844,-1126.8954349486157,387.14135376317427,249.6140126925893,left_blink
1761185186.2127624,-1572.7681776159443,-1140.3665545890108,360.35619028052315,255.40711772395298,left_blink
1761185186.2264311,-1514.085407411214,-1052.609802128747,431.83689813362435,332.8080872069113,left_blink
1761185186.2264311,-1568.7964038630016,-1131.2150193974376,396.27044955501333,223.47585190227255,left_blink
1761185186.2421346,-1567.5435373778455,-1119.1912410398945,388.32690204912797,263.04773333342746,left_blink
1761185186.2421346,-1542.474987974856,-1096.6546039069071,391.015890117269,284.09215038409457,left_blink
1761185186.242769,-1542.9237759695388,-1089.2309024948627,432.637236724142,281.32088451692834,left_blink
1761185186.242769,-1594.807408054825,-1164.4028916042298,367.4881794960238,207.36062299320474,left_blink
1761185186.2564037,-1540.1412904025055,-1097.742914794013,391.3263018135913,309.3925735843368,left_blink
1761185186.2564037,-1533.4319098819979,-1086.4334573280066,426.8815306923352,280.6028237254359,left_blink
1761185186.2721376,-1600.114326091949,-1141.9111332707107,382.5637162174098,233.03503618901595,left_blink
1761185186.2721376,-1563.1491549299099,-1105.8323183981702,382.9003072134219,278.05595185561106,left_blink
1761185186.2728214,-1538.7650072188117,-1096.8116797050461,419.7645010766573,277.7156209596433,left_blink
1761185186.2728214,-1564.8283700100146,-1117.3661698615178,415.34019942907616,252.38153865979984,left_blink
1761185186.286396,-1586.8189817494713,-1150.5129031687975,354.4022695510648,215.96239289129153,left_blink
1761185186.286396,-1534.1686701732688,-1080.629132596776,405.2088104491122,290.5285182078369,left_blink
1761185186.3020844,-1543.1294704671018,-1105.6004446009174,417.38966460479423,255.30988032510504,left_blink
1761185186.3020844,-1599.8899320946075,-1172.6194518068805,351.2607535882853,199.83968418231234,left_blink
1761185186.3028252,-1564.364622415509,-1116.8425838677213,387.5677023581229,262.57650593901053,left_blink
1761185186.3028252,-1529.1385047328658,-1092.8548655519262,433.75920671084896,288.50523233180866,left_blink
1761185186.316366,-1588.4159190305509,-1157.394319087267,379.58301595272496,217.9370600678958,left_blink
1761185186.316366,-1566.4440067908727,-1121.9026685077697,370.50253886030987,266.0695724976249,left_blink
1761185186.3321269,-1516.763175779488,-1067.977051046677,409.6966903959401,295.25575175182894,left_blink
1761185186.3321269,-1568.8674619621597,-1133.212125973776,394.96896437043324,224.52302388986573,left_blink
1761185186.3328598,-1582.1889856043272,-1148.5270162923262,368.4568135845475,240.97858369490132,left_blink
1761185186.3328598,-1530.7952804132365,-1081.1489786906168,421.35021865786985,294.33199646277353,left_blink
1761185186.3463757,-1558.2536258879118,-1117.556904759258,415.3962979284115,236.1728122518398,left_blink
1761185186.3463757,-1587.533302641008,-1147.2666700072587,367.9743664902635,218.43446676200256,left_blink
1761185186.3621213,-1546.600097625982,-1106.2586669931188,383.3790144077502,275.20614808937535,left_blink
1761185186.3621213,-1518.0384816643782,-1086.6989902248606,425.6286642071791,286.1640549595468,left_blink
1761185186.3627946,-1593.8238143664785,-1164.664684601128,386.0119039765559,198.40356259932742,left_blink
1761185186.3627946,-1569.2040529581718,-1123.3200905909762,381.4866250301711,258.7244089846499,left_blink
1761185186.3764403,-1505.4761577132158,-1079.0508948154747,405.9193914406933,287.6263558422215,left_blink
1761185186.3764403,-1564.1626678179018,-1148.3624606942758,387.6051013576798,224.25749099301174,left_blink
1761185186.3920095,-1575.135534287896,-1147.8687939001247,365.79774471605197,238.6897649220191,left_blink
1761185186.3920095,-1523.9550033942796,-1100.3122260635719,402.44876428181306,289.44020732073113,left_blink
1761185186.3927789,-1531.2216290081851,-1116.304038274102,424.5964518194087,266.31266599474475,left_blink
1761185186.3927789,-1588.666492327582,-1167.233995870687,384.9385526892729,216.10824898956344,left_blink
1761185186.4064295,-1539.2250149133615,-1090.9662160743028,396.25922985514626,283.5910037900321,left_blink
1761185186.4064295,-1519.2277698502876,-1109.224407657981,432.83171152183786,283.303031493444,left_blink
1761185186.4220383,-1585.0238297707401,-1161.156658442691,381.25475123291835,212.20379343582317,left_blink
1761185186.4220383,-1565.7596050989814,-1126.2072933567688,384.25041109742597,257.75951479608193,left_blink
1761185186.4228592,-1505.9997437070124,-1068.193965244107,432.7718731225468,296.95740623166785,left_blink
1761185186.4228592,-1551.0692780730315,-1141.9335726704448,421.93738295091316,233.15845288755372,left_blink
1761185186.436366,-1581.4933642125688,-1156.7884552944452,375.21107290452346,227.47006505494937,left_blink
1761185186.436366,-1508.8645070730709,-1080.5094557981938,419.4129504808225,300.10640199435875,left_blink
1761185186.452217,-1522.4777429117821,-1151.4927569571882,421.60453185485676,245.3542666430585,left_blink
1761185186.452217,-1561.7541722464375,-1193.0019065653905,381.52028412977234,204.21910703042522,left_blink
1761185186.452782,-1501.373487461824,-1130.1715873098,418.1002455963753,290.1208691126667,left_blink
1761185186.452782,-1522.1074928161688,-1091.097112572752,433.5161132137291,267.7712269774638,left_blink
1761185186.4664075,-1550.048285385128,-1181.5353733012453,411.67509747250006,220.51011123741046,left_blink
1761185186.4664075,-1540.8331718943082,-1171.347885821946,405.86329294135794,229.88604042632505,left_blink
1761185186.4820871,-1479.4801131212153,-1122.6207292992622,449.3845087257214,264.0687260213308,left_blink
1761185186.4820871,-1527.8968579475768,-1201.8018911611289,416.8361594113521,222.03973031928763,left_blink
1761185186.4827836,-1518.221736762207,-1212.1053155390546,402.93121137609705,210.53953795554116,left_blink
1761185186.4827836,-1462.0334798279218,-1153.9760505277663,439.02498584846035,279.0021465444006,left_blink
1761185186.496411,-1457.8859307770617,-1223.7364044012502,452.81399698508903,216.21670608827844,left_blink
1761185186.496411,-1514.4294782071374,-1252.0063081663102,428.27277347585186,191.52588658081368,left_blink
1761185186.512086,-1509.3880930668674,-1001.7471627313644,421.2268019593321,236.19899155152962,left_blink
1761185186.512086,-1343.6282472307794,-1203.1295556453988,497.24400845868513,244.37441285466775,left_blink
1761185186.5127704,-1446.1538646160625,-1416.599305216223,453.91726747201756,173.89973808964714,left_blink
1761185186.5127704,-1535.3392588593997,-1040.8702561678365,404.23643646063283,195.4789608339779,left_blink
1761185186.5263674,-1439.4631835953332,-1062.6963123092428,460.92957988893613,245.51508234115317,left_blink
1761185186.5263674,-1422.4578584968112,-1129.0832764226943,442.8509035031311,145.52137722587213,left_blink
1761185186.542118,-1500.8947802674957,-1112.2911256216466,417.2999070058577,164.19469770463184,left_blink
1761185186.542118,-1370.817319908645,-1116.9248616667464,477.93490498745814,226.7931431629695,left_blink
1761185186.5429618,-1346.6500863949768,-1112.9418682139367,478.08076108573005,159.2468100632541,left_blink
1761185186.5429618,-1392.5124795516022,-1165.5772201903164,426.05501280212775,127.34920334117487,left_blink
1761185186.5564399,-1355.5884472890757,-1140.6919258851558,442.3871559086256,183.85909167164937,left_blink
1761185186.5564399,-1409.0877161552198,-1051.9777590362355,465.66429323283955,190.25058069592342,left_blink
1761185186.5720952,-1395.6726950141601,-1119.4492941368371,423.24634793540463,115.7031548791565,left_blink
1761185186.5720952,-1351.725130634848,-1142.2065853672102,418.8183063878678,174.29242758499458,left_blink
1761185186.5728257,-1342.379120645579,-1052.0413373354822,453.6853936747648,195.63977653207257,left_blink
1761185186.5728257,-1401.39100204641,-1129.9733726121485,443.4979061954655,134.6756673543714,left_blink
1761185186.5864823,-1394.2178739313968,-1126.5476242527366,400.3581602065824,131.20504019549116,left_blink
1761185186.5864823,-1325.6729875435121,-1102.0251002432778,448.50937213608995,192.06443217443302,left_blink
1761185186.6021037,-1379.2620140085928,-1094.556520031765,458.99605161184445,163.7646092097275,left_blink
1761185186.6021037,-1402.1913406369276,-1140.3328954894096,405.90069194091484,138.36320871068165,left_blink
1761185186.6027484,-1361.3104942212813,-1073.3176281834021,418.9978215857409,192.39354337053373,left_blink
1761185186.6027484,-1357.1143264709972,-1093.195196447894,441.7401532162912,164.59112709993497,left_blink
1761185186.61637,-1420.0082240258344,-1148.1605060966685,412.0752667677589,118.64271624432877,left_blink
1761185186.61637,-1352.039282231126,-1152.9251386402175,442.91074190242216,185.31017285445705,left_blink
1761185186.6320772,-1364.3809520849027,-1075.864500053227,453.1244086814113,208.74438597681,left_blink
1761185186.6320772,-1432.9931566719897,-1124.539297976531,446.0522578652017,138.32580971112475,left_blink
1761185186.6328373,-1408.8446226581,-1160.7303098477423,423.19772923598066,151.2060251585208,left_blink
1761185186.6328373,-1364.6689243814908,-1084.3353734528646,435.6254167887382,201.7395533598028,left_blink
1761185186.6465144,-1404.0164118153043,-1108.0089401723817,426.9675483913161,174.64771808078513,left_blink
1761185186.6465144,-1433.774795762729,-1145.9053464233875,400.2160440082662,137.50303172087297,left_blink
1761185186.6778035,-1366.8418062557466,-1117.5269855596125,430.8533044452779,205.18026131903753,left_blink
1761185186.6778035,-1376.0419601467438,-1124.7412525741383,463.319375960622,188.01038062246516,left_blink
1761185186.6785197,-1459.2023755614646,-1155.112980114296,431.67982233548537,143.74492474691942,left_blink
1761185186.6785197,-1455.2829604079016,-1137.142760827206,403.82878736546263,190.72180809034035,left_blink
1761185186.6792705,-1378.9478624123149,-1103.2218682290986,441.27640562178567,206.9342743982561,left_blink
1761185186.6792705,-1421.12271421263,-1157.6149731846526,436.83340447442606,180.4782221117057,left_blink
1761185186.6921008,-1433.3708865675144,-1241.8076009871438,398.00576313445345,153.651919729542,left_blink
1761185186.6921008,-1414.1178815956227,-1093.026900949888,432.94764842046425,227.2045321580954,left_blink
1761185186.692824,-1446.075326716993,-1124.359782778658,442.84342370321974,193.6239704559557,left_blink
1761185186.692824,-1474.6855613780208,-1174.2238688878715,404.9170982525684,160.60439374716952,left_blink
1761185186.7065372,-1449.8339261724614,-1156.9978896919638,412.64747146097943,184.07600586907938,left_blink
1761185186.7065372,-1425.404899661895,-1139.1660467032343,450.62615551101044,209.17821437167004,left_blink
1761185186.7221413,-1462.4336491231807,-1179.2390747284517,419.86921827541664,178.918683830183,left_blink
1761185186.7221413,-1468.9822139455937,-1195.0812909407541,373.6403149231337,176.96271615335718,left_blink
1761185186.7228177,-1415.1538338833489,-1127.3442229432985,442.61154990596697,230.23385112220421,left_blink
1761185186.7228177,-1470.0106864334084,-1130.0369509113953,445.09858337650076,208.97625977406278,left_blink
1761185186.7365675,-1500.5806286712177,-1186.0569123476744,390.6568597215228,167.3212540675886,left_blink
1761185186.7365675,-1443.9435837422498,-1122.9348808955401,433.17578231776133,223.28511700453237,left_blink
1761185186.752124,-1443.6668311455287,-1163.1126261195168,440.042238636408,208.81170417601243,left_blink
1761185186.752124,-1484.981505956035,-1188.364430620335,391.41231951257214,163.71225061034784,left_blink
1761185186.7527936,-1448.7680546850897,-1142.9957042578608,397.9945434345864,240.67565179849043,left_blink
1761185186.7527936,-1459.1948957615532,-1155.59542720858,425.1162979132496,214.6347284070216,left_blink
1761185186.7664056,-1482.6478083836846,-1153.1383129376918,413.5113883507438,193.39209665870294,left_blink
1761185186.7664056,-1500.034603277687,-1176.303253263235,375.8730351966806,185.35505165392533,left_blink
1761185186.782065,-1443.5321947471239,-1088.1313719078898,447.2752051507123,261.52559405146167,left_blink
1761185186.782065,-1504.6234605233185,-1156.8333340939134,418.79212708817795,190.6283105914481,left_blink
1761185186.782828,-1531.3300861069001,-1193.75736635644,356.4031160273589,166.70417057489976,left_blink
1761185186.782828,-1432.3124948800541,-1115.3428839854896,441.3437238209881,288.39677523309365,left_blink
1761185186.796461,-1479.83166371705,-1147.393826605752,427.8165056812577,224.72497848747298,left_blink
1761185186.796461,-1557.8235373930074,-1165.3565660929307,375.0539971063845,174.57292008167133,left_blink
1761185186.8120527,-1511.261782944668,-1129.3749886192381,378.9322733604349,232.3880334966816,left_blink
1761185186.8120527,-1468.8139184475876,-1119.258559239097,425.4753283089958,248.170411309693,left_blink
1761185186.8127728,-1517.1820445745252,-1160.4348577512428,404.3598531591706,207.83559028757736,left_blink
1761185186.8127728,-1516.026415488217,-1157.1063467906788,376.54995708866045,214.1223621130921,left_blink
1761185186.8263464,-1470.8072851239704,-1113.0989440120757,424.61141141923144,246.4276179303415,left_blink
1761185186.8263464,-1525.0657536811195,-1152.4576511457562,411.9256707695313,194.72350104292855,left_blink
1761185186.8421252,-1551.3198513700627,-1158.0862005790696,377.44005327811465,200.7447399715893,left_blink
1761185186.8421252,-1486.9262539329939,-1102.2494942406192,409.2142433016561,270.808025741484,left_blink
1761185186.8429961,-1506.197958404664,-1192.4259619722143,422.16177694825456,196.5934510207735,left_blink
1761185186.8429961,-1567.7941106748767,-1149.529309480451,384.044716599863,188.28713321918622,left_blink
1761185186.8565147,-1521.116419327911,-1106.1015911949798,380.40953384293243,238.97773721860722,left_blink
1761185186.8565147,-1492.6445609652437,-1109.344084456563,433.79660571040586,254.15051133884117,left_blink
1761185186.8722284,-1569.4995050546713,-1192.538158970885,368.7560055810027,159.43754496099427,left_blink
1761185186.8722284,-1526.7748879608698,-1126.2110332567245,382.488918218296,243.53293536463752,left_blink
1761185186.872961,-1461.139643738512,-1076.0851541506127,432.80179232219234,302.2830237685703,left_blink
1761185186.872961,-1533.7273619784974,-1161.265115541406,409.6892105960287,204.40236212825403,left_blink
1761185186.8863673,-1553.4553342447616,-1151.073888162151,373.6777139226906,212.64510163059458,left_blink
1761185186.8863673,-1517.268062273506,-1101.9577820440754,412.5053552626632,265.2654940071516,left_blink
1761185186.9021032,-1527.7323023495264,-1115.5934572825208,415.31402012938634,219.61627514800057,left_blink
1761185186.9021032,-1536.0274004512466,-1149.2488169837743,392.73624409688637,221.721838823054,left_blink
1761185186.9029648,-1506.0969811058603,-1133.7020528679714,397.11566694499925,241.93599808355793,left_blink
1761185186.9029648,-1488.433433615137,-1076.5451618451625,446.4449473605491,280.91697532171384,left_blink
1761185186.9165113,-1585.771809761878,-1162.7498558238149,396.1021540570073,191.74654067819938,left_blink
1761185186.9165113,-1548.492487003561,-1127.205846644938,378.2329120687209,242.26510927965865,left_blink
1761185186.93215,-1476.069324361626,-1044.348363126628,458.29295042017475,316.2777294027619,left_blink
1761185186.93215,-1552.5278390557505,-1173.7975202929229,398.92951842350885,185.3662713537924,left_blink
1761185186.932928,-1544.4608748513274,-1158.3928723754361,372.5669636358507,216.3476025867276,left_blink
1761185186.932928,-1504.3728872262873,-1076.1861314494163,423.6652167304419,293.76727156946436,left_blink
1761185186.9464948,-1538.327438923996,-1110.2416604459286,441.76633251598105,249.2512423968874,left_blink
1761185186.9464948,-1565.0340645075776,-1153.1420528376475,377.4624926778488,214.35797581030056,left_blink
1761185186.9620461,-1525.23030927917,-1111.1018374357373,387.18997246259823,263.83685222407803,left_blink
1761185186.9620461,-1480.6806210069917,-1067.5918413512409,452.3876483901404,307.2421311098151,left_blink
1761185186.9627805,-1581.321328814607,-1188.0016603246331,389.26561693800613,181.83580579562113,left_blink
1761185186.9627805,-1547.419135716278,-1112.0966508239508,399.04171542217955,251.6185990688391,left_blink
1761185186.9765136,-1489.360928804148,-1051.6037690406665,457.25325823249295,315.23055741516873,left_blink
1761185186.9765136,-1556.888562404085,-1130.1828070096672,413.5188681506552,215.8950746920891,left_blink
1761185186.9920547,-1556.1966809122823,-1156.0105561036617,388.26332374988124,232.81064219167456,left_blink
1761185186.9920547,-1513.1878314218484,-1097.2193288002163,406.86558612948284,275.4006228870712,left_blink
1761185186.9928005,-1510.9700707481243,-1094.3059467347339,447.14430865226313,269.8842704524286,left_blink
1761185186.9928005,-1583.819581985008,-1162.3721259282902,373.5206381245516,224.78481688676402,left_blink
1761185187.006362,-1521.1912173270248,-1084.4326108517125,400.18612480862066,299.22378560481593,left_blink
1761185187.006362,-1525.1031526806764,-1106.6289170887321,424.12896432494745,256.1363982153125,left_blink
1761185187.0220037,-1582.8247685967945,-1180.3236457156017,387.14883356308565,202.8166445470415,left_blink
1761185187.0220037,-1538.4022369231097,-1094.66497713048,412.11640566727147,305.5778756295331,left_blink
1761185187.0228207,-1520.6077929339372,-1086.2090633306652,433.46001471439376,279.3761365399696,left_blink
1761185187.0228207,-1557.6290625953116,-1136.2900636373088,422.3599916459061,251.7345359674655,left_blink
1761185187.0364213,-1592.877619677689,-1175.061606477946,362.80208485154435,208.8191839759238,left_blink
1761185187.0364213,-1520.151525139343,-1083.654711660929,415.67305052513257,281.8482104106806,left_blink
1761185187.0521033,-1555.0747109255753,-1111.6628224290907,421.64941065432504,247.30275451997295,left_blink
1761185187.0521033,-1591.9089855891652,-1171.082352925092,376.1610074932687,212.46184653276578,left_blink
1761185187.0527875,-1538.1516636260785,-1103.0423530312255,394.29204247845337,297.9036009204574,left_blink
1761185187.0527875,-1541.1024446911179,-1115.4775203838944,408.9075715052895,248.38732550712302,left_blink
1761185187.0670736,-1584.4329255777411,-1134.539790458046,401.9588373876177,243.42073836596683,left_blink
1761185187.0670736,-1569.2040529581718,-1133.7095326678827,373.03445113031194,258.4289568881504,left_blink
1761185187.06776,-1520.4563269857317,-1065.5479860254563,428.65424327133223,296.8639087327756,left_blink
1761185187.0814135,-1585.4782276153564,-1130.9588362504728,409.1057862029411,226.41541326744482,left_blink
1761185187.0814135,-1600.7370194345713,-1132.4622760326602,366.930934402626,228.9772447370924,left_blink
1761185187.0971768,-1516.3386971345171,-1063.079652054701,418.1900031953119,297.6418079235591,left_blink
1761185187.0971768,-1539.3428217619658,-1125.8052541115321,425.400530309882,256.6936433087103,left_blink
1761185187.0978825,-1609.2976504331455,-1165.571610340383,375.3045704034157,215.34904929855838,left_blink
1761185187.0978825,-1561.554087598808,-1088.0472241588868,405.8071944420226,276.9190222690813,left_blink
1761185187.1113365,-1540.5283700479195,-1095.3961275718175,412.6586911608465,257.0564136044122,left_blink
1761185187.1113365,-1596.2827985873446,-1144.5159735898487,379.8298493498005,197.9697342044674,left_blink
1761185187.1271508,-1557.5823138458654,-1125.4312641159631,377.8252629735507,237.23120393930003,left_blink
1761185187.1271508,-1524.45801993832,-1083.473326513078,429.34986466309056,274.8134585940279,left_blink
1761185187.1277797,-1590.0521252611652,-1142.6647231117822,399.04545532213524,206.06661760853603,left_blink
1761185187.1277797,-1601.488739325665,-1134.0031148144044,368.39323528530076,228.30032284511253,left_blink
1761185187.1413805,-1547.8361345613375,-1072.2611064459197,404.52440875722095,306.0229237242602,left_blink
1761185187.1413805,-1563.6110325744376,-1114.5593749447726,398.2899955310859,243.47683686530218,left_blink
1761185187.157054,-1589.0348724732175,-1158.2825453267433,372.937213731464,218.57284306036308,left_blink
1761185187.157054,-1545.079828293994,-1094.7790440791287,393.0653552929871,275.87185028148815,left_blink
1761185187.157836,-1541.8784739319235,-1115.1502791377716,422.98081503855065,263.7059557256289,left_blink
1761185187.157836,-1614.0622829766944,-1154.5052463714965,379.5643164529465,189.78309320146218,left_blink
1761185187.1713946,-1586.25612680614,-1118.0935804028995,357.91029570950195,244.58758715214208,left_blink
1761185187.1713946,-1516.581790631637,-1063.2741268523969,429.8846703567542,320.2345435558818,left_blink
1761185187.187113,-1568.671117214486,-1120.6254926729016,393.8656938835047,224.62774108862504,left_blink
1761185187.187113,-1561.5391279989854,-1123.0227685444988,370.6035161591135,250.60134628089145,left_blink
1761185187.1878293,-1532.4352265438065,-1074.3629302210175,420.80045336438343,299.5977756003849,left_blink
1761185187.1878293,-1544.1560730049387,-1107.015996734146,419.05765998503193,253.8064405429177,left_blink
1761185187.2013853,-1592.0866308370605,-1137.3465853747912,361.54921836638823,231.46801810758188,left_blink
1761185187.2013853,-1557.5935335457325,-1093.159667398315,377.10720218205824,275.2323273890652,left_blink
1761185187.232886,-1541.3249687384814,-1089.9620529362,422.2552744471468,266.9297494874336,left_blink
1761185187.232886,-1602.7565654106438,-1157.4261082368903,375.3905881023966,204.4472409277223,left_blink
1761185187.233686,-1564.2655150666833,-1105.134827056434,387.18623256264254,258.5411538868211,left_blink
1761185187.233686,-1529.0842761835083,-1089.5992826404981,415.2467019301839,275.7446936829947,left_blink
1761185187.2342215,-1576.8577582174912,-1117.1511256140657,397.55697513977066,224.81473608640954,left_blink
1761185187.2342215,-1584.4684546273202,-1145.731441075448,366.47840650798753,216.88240828039125,left_blink
1761185187.247034,-1513.7319868654013,-1065.828478522133,424.86198471626267,299.3771215029992,left_blink
1761185187.247034,-1564.7965808603913,-1102.7936496841721,414.26684814179316,244.11635975772515,left_blink
1761185187.2478087,-1610.0194511245936,-1159.7149270097725,371.25799865135923,199.1552824904211,left_blink
1761185187.2478087,-1535.3747879089788,-1091.458012918476,400.67231180286035,278.1494493545033,left_blink
1761185187.261438,-1527.6743339002132,-1086.0052387830801,424.061646125745,276.34681757586077,left_blink
1761185187.261438,-1583.1819290425628,-1135.5738727957942,381.21361233340576,211.2351593472995,left_blink
1761185187.2770717,-1570.6083853915334,-1134.0629532136954,385.81742917886004,241.06834129383788,left_blink
1761185187.2770717,-1526.8590357098728,-1069.7291941759177,438.1984679582529,295.10615575360134,left_blink
1761185187.2778232,-1572.422236870043,-1137.5485399723984,405.1714114495553,214.7918042051606,left_blink
1761185187.2778232,-1589.004953273572,-1125.8987516104244,365.88002251507714,219.21610585274175,left_blink
1761185187.291433,-1548.7748494502157,-1075.6270164060406,404.4346511582844,274.76109999464825,left_blink
1761185187.291433,-1559.4223446240649,-1119.7353964834474,406.9441240285523,232.65356639353558,left_blink
1761185187.3070552,-1578.7950263945386,-1156.562191347126,369.9452937669121,224.96807198459283,left_blink
1761185187.3070552,-1554.983083376661,-1110.3033687951975,396.7902956488542,266.4435624931939,left_blink
1761185187.3078885,-1538.9089933671057,-1097.0678628520109,435.2589065930806,262.38951094122604,left_blink
1761185187.3078885,-1607.1359882587567,-1159.587770411279,382.66095361625776,190.3702574945055,left_blink
1761185187.3214574,-1564.7891010604799,-1108.5194365163334,379.7101725512184,251.48022277047858,left_blink
1761185187.3214574,-1533.9985047252849,-1087.0748501704074,418.9978215857409,282.01650590868667,left_blink
1761185187.3369985,-1562.5414211871102,-1128.9692094740458,403.8774060648866,227.54112315410748,left_blink
1761185187.3369985,-1574.5726793445647,-1131.5908793429844,385.84360847854987,235.7614232567139,left_blink
1761185187.3379505,-1520.8116174815223,-1092.0189979118295,402.6881178789772,280.86835662228987,left_blink
1761185187.3379505,-1554.4594973828644,-1123.250902441796,420.38906436925754,259.651904173661,left_blink
1761185187.3514404,-1581.6822291603312,-1139.5606061485596,375.99645189521834,217.73136557033285,left_blink
1761185187.3514404,-1542.933125719428,-1085.6761275869794,393.1214537923224,285.47217346774414,left_blink
1761185187.367167,-1539.7205516574904,-1101.1032149042003,423.30992623465136,257.8118733954616,left_blink
1761185187.367167,-1593.6386893186718,-1153.0728646884672,391.26646341430023,216.72907238220796,left_blink
1761185187.3677733,-1557.6271926453337,-1121.1939574661665,386.3559747724794,255.3211000249721,left_blink
1761185187.3677733,-1515.5046994443983,-1078.5628378712572,424.30847952282056,292.7500187815167,left_blink
1761185187.3815644,-1579.1503168903291,-1147.3208985566162,401.07248109811917,213.17616742430255,left_blink
1761185187.3815644,-1580.6200975729153,-1156.270479150582,371.7142664459534,231.39696000842378,left_blink
1761185187.397256,-1504.5280930744484,-1062.5934650604613,422.86487813992426,318.15141928056255,left_blink
1761185187.397256,-1565.5370810516179,-1116.3657466233708,399.6438393150456,242.05193498218432,left_blink
1761185187.3978016,-1587.5015134913847,-1153.039205588866,380.3010767442174,223.59178880089894,left_blink
1761185187.3978016,-1538.2245916752145,-1088.937320348341,402.60210017999634,286.7923581521027,left_blink
1761185187.4115074,-1529.0618367837742,-1094.7566046793945,440.28907203348354,256.1812770147808,left_blink
1761185187.4115074,-1596.5445915842429,-1144.706708487589,385.00213098851964,203.7815387356095,left_blink
1761185187.4270935,-1578.3350186999887,-1111.1224068854935,378.7976369620301,246.21818353282288,left_blink
1761185187.4270935,-1523.5978429485112,-1079.2248001634143,421.12956456048414,284.3315039812587,left_blink
1761185187.427768,-1572.9196435641497,-1158.2114872275852,390.89247341873124,202.86900314642116,left_blink
1761185187.427768,-1580.3283853763714,-1151.0682783122174,364.90764852659777,207.85054988740012,left_blink
1761185187.4414048,-1527.7940106987953,-1079.4267547610216,414.7418154361658,282.3007383053191,left_blink
1761185187.4414048,-1563.6559113739058,-1124.9488170216791,404.23643646063283,222.69795271148905,left_blink
1761185187.457091,-1621.5607823878527,-1167.8679089131765,360.382369580213,184.37145796557888,left_blink
1761185187.457091,-1541.0856151413172,-1087.33290326735,381.8306958260946,260.2241088668816,left_blink
1761185187.4577892,-1541.957011830993,-1100.8077628077008,418.68366998946294,249.31482069613412,left_blink
1761185187.4577892,-1595.2505861995742,-1189.0619219620712,374.96049960749224,194.05779885081574,left_blink
1761185187.4713707,-1579.513087186031,-1131.1794903478585,365.7416462167166,233.41650598449633,left_blink
1761185187.4713707,-1528.7177659878507,-1083.5892634117045,418.3994375928305,270.53875294467434,left_blink
1761185187.487082,-1571.7789740776643,-1130.9102175510488,391.124347215984,210.79385115252808,left_blink
1761185187.487082,-1585.8260383112356,-1143.607177900616,361.25376626988873,213.79325091699138,left_blink
1761185187.487844,-1541.7101784339175,-1084.2624454037286,404.9956361516379,273.328718311619,left_blink
1761185187.487844,-1555.8918790658936,-1115.2849155361764,419.2109958832152,236.03069605352357,left_blink
1761185187.5014272,-1597.0906169777736,-1167.2994441199116,368.4493337846361,197.7416003071703,left_blink
1761185187.5014272,-1541.2651303391904,-1093.4700790946372,390.7578370203264,272.71911461884156,left_blink
1761185187.5171084,-1551.3852996192873,-1102.9245461826213,409.27408170094714,259.9847552697174,left_blink
1761185187.5171084,-1590.8562037516385,-1147.0254464601167,381.89053422538564,203.36640984052792,left_blink
1761185187.5178232,-1578.4210363989696,-1109.4357120054774,368.8233237802051,255.05930702807382,left_blink
1761185187.5178232,-1535.4495859080926,-1058.9620222034864,432.9700878201984,269.9328891518526,left_blink
1761185187.5313673,-1585.3361114170402,-1120.3599597760476,389.70318523282185,219.4891185495071,left_blink
1761185187.5313673,-1589.4612210681662,-1127.9818758857436,358.62087670108303,223.5282105016522,left_blink
1761185187.5471072,-1535.9432527022436,-1062.9487555562519,405.5528812450357,290.84266980411485,left_blink
1761185187.5471072,-1566.3860383415595,-1101.5183437992819,405.283608448226,238.5027699242346,left_blink
1761185187.547796,-1593.27591902297,-1140.8845307328738,353.9273022566922,204.38366262847558,left_blink
1761185187.547796,-1543.4903708128259,-1064.7364277350716,388.08006865205243,263.0626929332502,left_blink
1761185187.5613768,-1526.978712508455,-1074.9874935136177,427.1769827888347,255.3659788244404,left_blink
1761185187.5613768,-1589.644476165995,-1142.6273241122253,362.5141125549562,196.5971909207292,left_blink
1761185187.5770562,-1573.7760806540027,-1092.000298412051,364.24568623444065,245.94143093610182,left_blink
1761185187.5770562,-1532.4801053432748,-1067.5862315013073,411.75737527152523,274.2150746011175,left_blink
1761185187.5777893,-1586.1663692072034,-1129.1337650720961,395.67580546205863,223.6852862997912,left_blink
1761185187.5777893,-1586.8208516994491,-1116.8893326171674,370.33050346234813,236.34110774984583,left_blink
1761185187.5913565,-1524.3794820392504,-1068.988693984691,412.0939662675373,273.05196571489796,left_blink
1761185187.5913565,-1555.3982122717425,-1108.8709871121682,414.42392393993214,235.0209230654873,left_blink
1761185187.6072557,-1594.7868386050686,-1137.784153669607,354.9295954448171,205.86466301092878,left_blink
1761185187.6072557,-1560.349839813076,-1095.919713565614,371.10466275317594,266.09201189735904,left_blink
1761185187.6079428,-1541.9532719310373,-1072.5677782422863,423.7774137291126,264.2220619195141,left_blink
1761185187.6079428,-1585.4931872151792,-1144.1943421936594,377.0211844830774,198.6316964966245,left_blink
1761185187.6213992,-1562.5713403867558,-1098.9041537302546,366.10441651241854,242.6877179746516,left_blink
1761185187.6213992,-1532.9214135380462,-1079.3070779624395,412.01168846851215,259.4723889757879,left_blink
1761185187.6371593,-1566.9507632348686,-1127.1553579955362,410.0744202914648,219.1188684538938,left_blink
1761185187.6371593,-1580.1787893781438,-1147.227401057724,370.4202610612847,222.61567491246387,left_blink
1761185187.6378143,-1527.5097783021629,-1064.0669856430031,406.11386623838916,267.0269868862815,left_blink
1761185187.6378143,-1547.00961667113,-1100.1233611158095,414.49872193904594,245.432804542128,left_blink
1761185187.651375,-1574.4941414454952,-1133.0868393252604,363.5238855429925,215.83897619275376,left_blink
1761185187.651375,-1512.5464385794476,-1075.8775897030719,399.5503418161534,284.13702918356284,left_blink
1761185187.6671207,-1531.0514635602012,-1095.1904330742545,430.02678655507043,263.87425122363493,left_blink
1761185187.6671207,-1566.6066924389452,-1146.6925953640603,402.5497415806167,218.14649446541443,left_blink
1761185187.6678452,-1546.8338413732126,-1095.063276475761,390.51848342316225,265.16825660830364,left_blink
1761185187.6678452,-1513.5150726679713,-1076.7265469930135,417.9543894981034,282.53635200252756,left_blink
1761185187.6814055,-1551.568554717116,-1113.7253772546537,399.1352129210718,236.96941094240174,left_blink
1761185187.6814055,-1583.8738105343655,-1161.7494325856678,365.8164442158304,211.35109624592587,left_blink
1761185187.6971848,-1513.3430372700095,-1075.4475012081675,428.60562457190827,296.10844894172624,left_blink
1761185187.6971848,-1544.8255150970072,-1113.6393595556729,420.39280426921323,241.34509389055893,left_blink
1761185187.6979074,-1592.5578582314774,-1174.9475395292975,360.1504957829602,202.94006124557927,left_blink
1761185187.6979074,-1515.7477929415181,-1081.0311718420126,405.392065546941,292.6340818828903,left_blink
1761185187.7114031,-1518.3881623102352,-1069.8900098740123,432.6035776245408,286.13413575990126,left_blink
1761185187.7114031,-1591.5106862438843,-1155.4252617605962,389.71066503273323,204.12934943148866,left_blink
1761185187.7270937,-1545.1134873935953,-1108.8111487128772,398.52934912825003,268.8034393652342,left_blink
1761185187.7270937,-1492.859605212696,-1054.8369125523604,433.9387219087221,315.40259281313047,left_blink
1761185187.7278476,-1564.7255227612332,-1158.237666527275,387.55274275830016,212.3421697341837,left_blink
1761185187.7278476,-1571.1132718855515,-1143.498720801901,370.51001866022125,231.50541710713878,left_blink
1761185187.7414136,-1508.6382431257516,-1079.7409063572995,430.20256185298786,292.1890337881632,left_blink
1761185187.7414136,-1552.619466604665,-1135.7608677935787,416.82867961144075,226.0115040722303,left_blink
1761185187.7571476,-1582.7032218482345,-1145.2190747815184,380.1215615463443,217.76502466993406,left_blink
1761185187.7571476,-1528.0932026952505,-1103.3658543773927,378.14315446978435,263.9266098230146,left_blink
1761185187.757857,-1525.8118637222797,-1085.0927031938918,416.8398993113078,270.35175794688985,left_blink
1761185187.757857,-1585.470747815445,-1148.383030144032,397.62803323892877,220.6784067354165,left_blink
1761185187.787792,-1534.3986740205437,-1109.5404292042367,402.1420924854465,274.8059787941165,left_blink
1761185187.787792,-1509.0832912204787,-1067.301999104675,423.86343142809346,285.8873023628257,left_blink
1761185187.7884612,-1552.0846609110013,-1145.20037528174,400.5114961047657,214.7132663060911,left_blink
1761185187.7884612,-1567.380851729773,-1123.5126954386942,373.51315832464024,252.07860676338896,left_blink
1761185187.7892444,-1520.1010364899412,-1057.6418375191279,424.43189622135833,312.10400105221197,left_blink
1761185187.7892444,-1551.437658218667,-1121.6614449606277,419.97393547417596,233.15845288755372,left_blink
1761185187.8014,-1568.8917713118717,-1140.7947731339373,381.5389836295508,224.66514008818194,left_blink
1761185187.8014,-1527.27790450491,-1104.9029532591812,388.4690182474442,270.8603843408637,left_blink
1761185187.817006,-1509.1917483191937,-1079.3033380624838,450.8542894083075,278.1569291544147,left_blink
1761185187.817006,-1559.5457613226026,-1126.037127908785,391.7264711088501,238.1661789282225,left_blink
1761185187.8177323,-1565.1630910560489,-1124.0849001319148,357.0762980193831,248.2489492087625,left_blink
1761185187.8177323,-1505.6126640615985,-1063.442422350403,433.69188851164654,285.184201171156,left_blink
1761185187.8315852,-1556.7109171561897,-1131.1233918485232,405.78849494224414,221.99111161986366,left_blink
1761185187.8315852,-1555.2747955732048,-1116.410625422839,374.02552461856976,255.68761022062972,left_blink
1761185187.8471415,-1513.758166165091,-1071.5916643538512,422.0009612501599,297.2752977279015,left_blink
1761185187.8471415,-1570.503668192774,-1126.1231456077658,411.78729447117075,224.80351638654247,left_blink
1761185187.8479729,-1567.5566270276904,-1132.4660159326158,374.32097671506926,233.6820388813503,left_blink
1761185187.8479729,-1525.217219629325,-1085.6910871868022,399.84953381260857,282.79814499942586,left_blink
1761185187.86155,-1534.3911942206323,-1100.8638613070361,430.6775291473605,259.9847552697174,left_blink
1761185187.86155,-1571.468562381342,-1139.9757350436412,396.9810305465944,234.81896846788004,left_blink
1761185187.877243,-1565.776434648782,-1125.5920798140578,372.99331223079935,238.36813352582976,left_blink
1761185187.877243,-1507.1909018428996,-1053.4494096687995,439.7804456395097,303.10954165877774,left_blink
1761185187.877926,-1570.5485469922423,-1142.631064012181,368.1838008877821,204.7875718236901,left_blink
1761185187.877926,-1571.711655878462,-1128.943030174356,378.25161156849936,232.58998809428886,left_blink
1761185187.8913612,-1507.3255382413045,-1063.1694096536376,434.2341740052216,313.15491293976083,left_blink
1761185187.8913612,-1555.3159344727173,-1127.3161736936308,419.41669038077816,230.08425512397662,left_blink
1761185187.9070315,-1578.6716096960008,-1142.956435308326,373.88340842025355,221.70687922323123,left_blink
1761185187.9070315,-1528.4671926908195,-1069.314065280836,407.5013691219501,290.9399072029628,left_blink
1761185187.907812,-1519.270778699778,-1097.5877089458518,416.2639547181316,269.49158095708117,left_blink
1761185187.907812,-1576.0013211276382,-1146.5242998660542,384.28781009698287,221.26557102845982,left_blink
1761185187.9213989,-1552.533448905684,-1100.7067855088972,384.0559362997301,263.34692532988265,left_blink
1761185187.9213989,-1509.33386451751,-1053.9692557626404,432.7045549233444,295.62974174739793,left_blink
1761185187.937044,-1558.1844377387315,-1139.9570355438627,391.44597861217335,212.6338819307275,left_blink
1761185187.937044,-1573.1552572613582,-1140.304846239742,368.6288489825092,236.7263174452819,left_blink
1761185187.9378264,-1526.8852150095627,-1081.7567124334164,423.50440103234723,285.17672137124464,left_blink
1761185187.9378264,-1555.0840606754646,-1119.9074318814091,410.4072713875212,235.08076146477833,left_blink
1761185187.9514403,-1593.9827601145953,-1159.094103617128,356.257259929087,200.6736818724312,left_blink
1761185187.9514403,-1538.194672475569,-1085.4180744900368,397.8038085368462,291.69536699401215,left_blink
1761185187.9670413,-1527.700513199903,-1088.6643076515757,432.0313729313202,277.16211576620117,left_blink
1761185187.9670413,-1596.5819905837998,-1175.5309639223851,386.44199247146025,200.8531970703043,left_blink
1761185187.9677792,-1558.3078544372693,-1112.962437663693,388.51763694686815,272.9173293164931,left_blink
1761185187.9677792,-1536.9567655902356,-1091.0690633230843,419.24091508286074,281.10023041954264,left_blink
1761185187.9814436,-1566.7562884371728,-1134.852072104346,397.9534045350738,226.4228930673562,left_blink
1761185187.9814436,-1565.510901751928,-1123.1910640425049,367.83973009185866,262.90561713511124,left_blink
1761185187.997236,-1531.9527794495225,-1097.8158428431489,408.1334122144617,271.1109576378949,left_blink
1761185187.997236,-1532.622221541591,-1105.9875242463313,428.02594007877633,251.3605459718965,left_blink
1761185187.997776,-1585.2276543183252,-1161.397881989833,370.94758695503697,209.2343128710054,left_blink
1761185187.997776,-1532.8054766394198,-1078.746092969086,410.12677889084443,300.80576328607276,left_blink
1761185188.0114503,-1527.906207697466,-1089.2552118445747,426.93762919167057,279.49581333855167,left_blink
1761185188.0114503,-1591.2040144475177,-1167.8604291132651,384.00357770035043,193.08916476229206,left_blink
1761185188.0271325,-1556.2396897617728,-1116.2086708252318,384.0821155994199,264.476375116501,left_blink
1761185188.0271325,-1527.7192126996815,-1079.8942422554828,422.16551684821025,281.7098341123201,left_blink
1761185188.0279217,-1556.22473016195,-1118.5685476972722,424.8208458167501,247.42617121851072,left_blink
1761185188.0279217,-1576.0611595269293,-1151.494626907166,358.24688670551404,224.66140018822625,left_blink
1761185188.041356,-1520.923814480193,-1076.610610094387,416.85859881108627,290.73421270539984,left_blink
1761185188.041356,-1542.3871003258973,-1124.9936958211474,413.67220404883847,239.3966060136445,left_blink
1761185188.0570588,-1577.897450405173,-1161.0687707937323,380.92937993677333,218.21007276466116,left_blink
1761185188.0570588,-1513.1261230725795,-1070.9409217615612,417.4869020036422,306.5016309185885,left_blink
1761185188.0577717,-1545.588454687968,-1118.9051386932842,421.1146049606614,245.324347443413,left_blink
1761185188.0577717,-1592.5466385316104,-1165.837143237237,374.7996839093976,214.84416280454025,left_blink
1761185188.0720665,-1573.1440375614911,-1129.593772766646,372.4884257367812,249.6888106917031,left_blink
1761185188.0720665,-1511.0953573966399,-1069.639436576981,429.3648242629133,289.32053052214906,left_blink
1761185188.0728092,-1567.9979352224618,-1149.6190670793876,404.02513211313635,216.58695618389174,left_blink
1761185188.0863616,-1578.331278800033,-1149.90329947602,372.5127350864932,226.98761796066537,left_blink
1761185188.0863616,-1519.8916020924225,-1080.049448103644,413.9470866955817,299.4481796021573,left_blink
1761185188.1020856,-1557.4738567471504,-1137.8496019188315,407.13298897631466,234.48611737182364,left_blink
1761185188.1020856,-1584.326338429004,-1150.542822368443,380.34034569375217,217.34989577485248,left_blink
1761185188.1028724,-1530.4082007678226,-1100.8021529577672,400.1505957590416,268.8109191651456,left_blink
1761185188.1028724,-1542.5254766242579,-1108.5923645654693,428.4915576232597,258.56733318651095,left_blink
1761185188.1163318,-1591.7051610415801,-1174.941929679364,365.8033545659855,194.64122324390337,left_blink
1761185188.1163318,-1545.1359267933294,-1123.7165199862793,383.31730605848134,263.2646475308575,left_blink
1761185188.1320856,-1525.856742521748,-1099.695142570883,424.3440085723996,277.3678102637641,left_blink
1761185188.1320856,-1567.2686547311023,-1146.032503021881,395.7861325107515,215.233112399932,left_blink
1761185188.1328592,-1580.6574965724722,-1158.3479935759678,371.00555540435016,227.50372415455058,left_blink
1761185188.1328592,-1511.046738697216,-1087.9294173102826,424.88629406597465,279.1442627427168,left_blink
1761185188.1463897,-1537.1138413883746,-1123.9222144838423,407.0095722777769,231.51663680700585,left_blink
1761185188.1463897,-1577.1644300138578,-1158.576127473265,371.7348358957097,212.28981113480404,left_blink
1761185188.16215,-1548.1166270580143,-1107.0664853835478,398.27690588124096,261.45453595230356,left_blink
1761185188.16215,-1529.787377375178,-1095.4690556209534,434.868087047711,268.31725237099454,left_blink
1761185188.1628587,-1583.8887701341882,-1170.9925953261554,383.0742125613615,201.50393966259435,left_blink
1761185188.1628587,-1558.6444454332814,-1140.1571201914921,375.3550590528175,266.5445397919975,left_blink
1761185188.1763268,-1509.898589410819,-1091.0634534731507,435.73948373738676,276.69088837178424,left_blink
1761185188.1763268,-1573.0580198625103,-1168.1465314598754,403.87927601486444,199.65268918452784,left_blink
1761185188.1920753,-1577.7665539067239,-1158.3928723754361,366.34564005956054,217.03574417857453,left_blink
1761185188.1920753,-1516.7276467299089,-1093.8870779396966,409.6088027469814,284.9298879741691,left_blink
1761185188.1928513,-1548.2026447569951,-1148.0857080975547,410.6784141343087,235.11816046433523,left_blink
1761185188.1928513,-1583.8177120350301,-1175.0653463779017,368.71299673151225,203.94609433365986,left_blink
1761185188.2064512,-1526.3354497160763,-1096.3329725107178,412.65682121086866,278.7029545479454,left_blink
1761185188.2064512,-1529.6826601764187,-1117.3960890611634,437.26162301935256,257.56503999838606,left_blink
1761185188.2378304,-1569.961382699199,-1178.2928800396621,386.01377392653376,184.71926866145805,left_blink
1761185188.2378304,-1546.527169576846,-1133.1186284748837,392.13225025404245,236.7562366449274,left_blink
1761185188.2385118,-1508.7616598242894,-1085.8238536352292,437.0933275213465,282.68220810079947,left_blink
1761185188.2385118,-1559.2129102265462,-1164.230856206268,398.42650187946856,196.42889542272314,left_blink
1761185188.2392397,-1559.6542184213176,-1182.3992901910096,381.4436161806807,225.09522858308628,left_blink
1761185188.2392397,-1505.5303862625733,-1107.0590055836365,426.81608244311064,307.230911409948,left_blink
1761185188.2521007,-1525.8417829219252,-1156.294788500294,435.66842563822865,225.9367060731165,left_blink
1761185188.2521007,-1572.0295473746955,-1198.940867695026,380.01871429756284,194.633743443992,left_blink
1761185188.2528048,-1514.4014289574698,-1132.1462544864044,410.4876792365685,254.6179988333024,left_blink
1761185188.2528048,-1516.9894397268072,-1113.6150502059609,436.82031482458115,259.64442437374964,left_blink
1761185188.2664404,-1558.7042838325724,-1185.047139359638,410.62231563497335,191.11823748564348,left_blink
1761185188.2664404,-1502.1532566025853,-1207.348162795417,421.7148589035496,242.67649827478454,left_blink
1761185188.282054,-1466.0856614299119,-1139.7569508962333,466.5487795723602,248.09187341062352,left_blink
1761185188.282054,-1511.7760191885754,-1184.590871565044,441.12493967358023,198.56811819737777,left_blink
1761185188.2827563,-1482.8778122309595,-1242.5630607781932,437.37755991797894,199.01316629210487,left_blink
1761185188.2827563,-1459.3949804091826,-1161.975696532987,472.64855640009046,245.42158484226093,left_blink
1761185188.296446,-1490.1593974446878,-1171.5872394191101,477.514166242443,175.2872409732081,left_blink
1761185188.296446,-1507.523752938956,-1242.1853308826685,446.41689811088145,171.34912631986663,left_blink
1761185188.3122597,-1407.42159072496,-1117.0594980651513,462.53960681986064,262.05665984516963,left_blink
1761185188.3122597,-1399.7173968162388,-1165.5510408906266,479.24573992192745,193.15648296149448,left_blink
1761185188.3128672,-1460.6179276946932,-1289.6521411202848,463.994427902624,161.95823753112927,left_blink
1761185188.3128672,-1442.7150266068056,-1168.7561351526529,458.83336596377194,216.42614048579708,left_blink
1761185188.32645,-1404.0182817652822,-1098.259020987898,496.6474944157526,217.09932247782126,left_blink
1761185188.32645,-1416.4085703184828,-1211.8884013416246,463.8822309039533,136.85228912858292,left_blink
1761185188.3421144,-1423.8098323307931,-1155.112980114296,435.7357438374311,145.61487472476438,left_blink
1761185188.3421144,-1353.3800363652408,-1110.9298020377755,478.76703272759914,202.20704085426405,left_blink
1761185188.3427355,-1369.0240378798917,-1192.0519719766453,474.5297260778025,133.28816447081044,left_blink
1761185188.3427355,-1390.1731721293181,-1185.4136495552957,464.9518422912806,135.47226604493335,left_blink
1761185188.3563874,-1338.7158886389807,-1152.136019749567,471.4031697148457,183.00265458179638,left_blink
1761185188.3563874,-1351.2931721899658,-1120.7246000217274,478.1873482344672,154.2054249229841,left_blink
1761185188.3720343,-1415.0883856341243,-1206.6338419038802,431.81258878391236,117.35245075961575,left_blink
1761185188.3720343,-1389.3803133387119,-1121.3828224139288,429.2470174143091,165.81407438544556,left_blink
1761185188.3730211,-1341.9883011002094,-1163.1051463196054,468.7889796458185,171.56978041725233,left_blink
1761185188.3730211,-1374.8882010104135,-1190.88512319047,458.67629016563296,133.06751037342474,left_blink
1761185188.3864095,-1407.8778585195541,-1154.4584976220503,419.7252321271226,164.16103860503063,left_blink
1761185188.3864095,-1342.6764426920563,-1134.1620605625212,449.04604777973145,203.0410385443829,left_blink
1761185188.402197,-1405.5292013473809,-1196.1995210275054,448.85905278194696,145.22218522941694,left_blink
1761185188.402197,-1436.065484485589,-1195.6946345334873,402.1215230356902,133.65093476651236,left_blink
1761185188.4029229,-1385.2963425870985,-1126.0277781588957,415.39816787838936,221.38898772699758,left_blink
1761185188.4029229,-1381.1600132361054,-1154.4248385224491,448.75807548314333,188.31705241883174,left_blink
1761185188.4163632,-1436.7798053771257,-1205.4221143182367,417.76926445029676,141.66928027151152,left_blink
1761185188.4163632,-1398.9020986258984,-1172.275381010957,413.58805629983544,194.47292774589732,left_blink
1761185188.432165,-1389.8216215334833,-1152.3417142471299,452.9131043339148,209.79155796440318,left_blink
1761185188.432165,-1448.3996745394543,-1164.0102021088824,418.7865172382444,166.10952648194507,left_blink
1761185188.4329262,-1446.316550264135,-1163.5427146144211,412.4099878137931,200.23237367765978,left_blink
1761185188.4329262,-1400.5738339060917,-1131.5852694930509,424.96857186499983,227.35786805627868,left_blink
1761185188.4463823,-1429.1765887672082,-1178.969801931642,426.8422617428005,166.77896857401356,left_blink
1761185188.4463823,-1453.22788538225,-1161.4034918397665,383.695035954006,186.6677565383725,left_blink
1761185188.4621007,-1410.6229450870305,-1161.8261005347595,434.3445010539144,238.19235822791234,left_blink
1761185188.4621007,-1418.2598207965493,-1138.7060390086845,431.92852568253875,212.3085106345825,left_blink
1761185188.4627552,-1458.8152959160507,-1193.4806137597188,408.25495896302164,164.07876080600545,left_blink
1761185188.4627552,-1438.3580431584269,-1160.7602290473878,397.24469349347055,239.40034591360018,left_blink
1761185188.4765253,-1428.9185356702656,-1104.1493634181097,445.7960747182369,245.45150404190645,left_blink
1761185188.4765253,-1468.6063540000468,-1169.6686707418412,428.40927982423455,174.27372808521613,left_blink
1761185188.4921403,-1454.2675775699317,-1195.6160966344178,403.10137682408094,198.35120399994776,left_blink
1761185188.4921403,-1401.041321400553,-1117.3437304617837,431.71161148510873,269.3756440584548,left_blink
1761185188.4927607,-1436.4319946812466,-1144.622560738586,441.26705587189645,228.3115425449796,left_blink
1761185188.4927607,-1483.5135952234268,-1196.2257003271952,393.02608634345233,189.67837600270286,left_blink
1761185188.50649,-1430.6538492497057,-1151.3207215592265,422.3543817959726,247.9160981127061,left_blink
1761185188.50649,-1447.6217753486708,-1098.1954426886514,451.37600545212626,235.43231206061319,left_blink
1761185188.5221076,-1489.6096321512014,-1215.5310638984665,399.7915653632954,186.9931278345175,left_blink
1761185188.5221076,-1466.5007903249934,-1130.571756605059,400.06457806006074,226.0937818712555,left_blink
1761185188.5228229,-1444.397981586866,-1115.930048278533,448.4439238868654,252.8415463543497,left_blink
1761185188.5228229,-1485.693956897594,-1186.2925260448828,420.0169443236664,182.3668715893291,left_blink
1761185188.536436,-1484.4560500122607,-1157.4017988871783,398.2918654810637,227.59722165344283,left_blink
1761185188.536436,-1418.2785202963278,-1132.7708177790046,434.82320824824274,251.764455167111,left_blink
1761185188.552143,-1471.8338876618072,-1167.8660389631987,432.58674807474017,227.01005736039951,left_blink
1761185188.552143,-1523.9045147448778,-1173.7788207931444,375.15310445521027,187.92810282343999,left_blink
1761185188.5528376,-1457.9364194264635,-1100.1738497652113,412.8176369089633,263.75457442505285,left_blink
1761185188.5528376,-1456.5900554424152,-1127.1497481456026,430.5821616984904,241.07582109374925,left_blink
1761185188.5664113,-1529.6041222773492,-1197.9385745069012,395.69263501185924,182.6286645862274,left_blink
1761185188.5664113,-1462.1924255760387,-1143.186439155601,413.68903359863907,261.4021773529239,left_blink
1761185188.5820696,-1442.4831528095528,-1114.131156399846,446.663731507957,275.2547667887993,left_blink
1761185188.5820696,-1512.1238298844546,-1156.4967430979013,405.3864556970075,196.75800661882386,left_blink
1761185188.5828414,-1511.420728692785,-1165.4089246923104,363.14428569749,216.47475918522105,left_blink
1761185188.5828414,-1442.614049308002,-1095.8206062167883,439.19141139648855,293.35962247429416,left_blink
1761185188.596448,-1490.5109480405226,-1160.4722567507997,432.19405857939273,219.69481304707006,left_blink
1761185188.596448,-1535.0793358124793,-1189.4938804069534,381.0434468854219,208.83788347570226,left_blink
1761185188.6121051,-1475.0240223240107,-1094.967909026891,424.2093721739948,272.4461019220762,left_blink
1761185188.6121051,-1466.5494090244174,-1120.4665469247848,433.6937584616244,262.46430894033983,left_blink
1761185188.6128492,-1541.268870239146,-1177.3205060511827,377.9879486216232,201.30572496494278,left_blink
1761185188.6128492,-1497.5905786566436,-1130.0369509113953,382.0756592731923,261.8397456477396,left_blink
1761185188.6264057,-1456.0926487483084,-1112.0143730249256,448.4813228864223,292.13667518878356,left_blink
1761185188.6264057,-1532.6072619417682,-1156.2162506012246,379.9513960983604,192.2626468720846,left_blink
1761185188.6421816,-1521.1108094779775,-1148.504576892592,378.3955977167934,242.08933398174122,left_blink
1761185188.6421816,-1471.0447687711567,-1097.6381975952536,426.96567844133824,292.77245818125084,left_blink
1761185188.6430097,-1515.5832373434678,-1164.3505330048501,435.51882964000106,236.85721394373104,left_blink
1761185188.6430097,-1544.9526716955006,-1168.3372663576156,377.254928230308,222.51469761366025,left_blink
1761185188.656459,-1483.4200977245346,-1083.4078782638535,406.65428178198636,320.70951085025445,left_blink
1761185188.656459,-1499.999074228108,-1119.8532033320516,427.2723502377048,266.7689337893389,left_blink
1761185188.672151,-1539.918766355142,-1185.929755749181,381.68296977784485,216.0110115907155,left_blink
1761185188.672151,-1466.5606287242845,-1123.8735957844183,418.81643643788993,296.1869868407957,left_blink
1761185188.6728802,-1514.4500476568937,-1121.7568124094978,416.06387007050216,242.912111971993,left_blink
1761185188.6728802,-1535.7038991050795,-1163.6511717131361,417.5261709531769,227.40648675570264,left_blink
1761185188.6863513,-1548.3933796547353,-1179.2502944283187,385.1012383373454,248.64537860406563,left_blink
1761185188.6863513,-1500.4366425229236,-1119.8569432320073,401.58297744207084,267.9582219752483,left_blink
1761185188.702129,-1501.711948407814,-1123.7389593860134,437.22048411983997,269.1512500611134,left_blink
1761185188.702129,-1549.8145416378975,-1168.0455541610718,390.19872197695076,227.80291615100577,left_blink
1761185188.702857,-1499.4044301351532,-1132.3145499844104,413.44220020156354,275.3370445878245,left_blink
1761185188.702857,-1498.9893012400717,-1154.6454926198348,442.8415537532419,266.45478219306096,left_blink
1761185188.7163894,-1566.139204944484,-1166.8787053748965,378.46291591599584,222.27908391645178,left_blink
1761185188.7163894,-1541.594241535291,-1137.3746346244588,382.9694953626022,262.24365484295413,left_blink
1761185188.7321548,-1509.573218114674,-1138.687339508906,416.6884333631024,243.14024586929008,left_blink
1761185188.7321548,-1533.2093858346343,-1160.8125876467675,416.4864787654951,238.40927242534235,left_blink
1761185188.7328336,-1537.9029602790251,-1164.1523183071986,375.9123041462153,248.53692150535062,left_blink
1761185188.7328336,-1492.4631758173928,-1117.4035688610747,423.1360208867118,280.87209652224556,left_blink
1761185188.7463727,-1528.7925639869645,-1187.8146653268486,402.43193473201245,211.16784114809707,left_blink
1761185188.7463727,-1568.71973591391,-1181.5914718005806,359.7933353371918,230.0954748238437,left_blink
1761185188.7621677,-1524.1476082419977,-1115.0586515888572,397.0876176953316,278.3289645523764,left_blink
1761185188.7621677,-1525.228439329192,-1133.3879012716934,411.95745991915464,260.30638666590676,left_blink
1761185188.762876,-1579.2026754897088,-1192.1903482750058,369.2515423251316,194.87309704115614,left_blink
1761185188.762876,-1539.9337259549648,-1167.0470008729026,375.4784757513553,248.90717160096392,left_blink
1761185188.7763991,-1504.2625601775944,-1123.0283783944324,417.81040334980935,272.42366252234206,left_blink
1761185188.7763991,-1547.1517328694463,-1180.0506330188364,394.79131912253797,228.24422434577718,left_blink
1761185188.7921183,-1572.2015827726573,-1177.4888015491888,358.6863249503076,231.43061910802498,left_blink
1761185188.7921183,-1537.024083789438,-1110.428655443713,404.933927802369,262.2511346428655,left_blink
1761185188.792817,-1532.2257921462879,-1144.1700328439474,421.2436315091327,256.9928353051655,left_blink
1761185188.792817,-1566.5057151401415,-1204.7825914258137,364.4682102818042,216.57573648402467,left_blink
1761185188.8063133,-1519.7195666944608,-1111.8984361262992,400.8649166505784,291.32511689839885,left_blink
1761185188.8063133,-1523.178974153474,-1121.7231533098966,432.5493490751833,249.9506036886014,left_blink
1761185188.8220618,-1602.8051841100678,-1207.09384959843,366.2783218603581,186.45832214085385,left_blink
1761185188.8220618,-1532.453926043585,-1117.280152162537,386.2232083240524,270.591111544054,left_blink
1761185188.8229256,-1510.9794204980135,-1115.6009370824322,416.3742817668244,269.300846059341,left_blink
1761185188.8229256,-1566.8797051357105,-1178.3751578386873,383.50430105626583,218.81593655748293,left_blink
1761185188.8365142,-1565.5670002512634,-1145.2807831307873,369.8424465181306,254.49084223480895,left_blink
1761185188.8365142,-1504.715088072233,-1105.4396289028227,421.7111190035939,296.40390103822574,left_blink
1761185188.8521068,-1542.3235220266506,-1148.710271390155,409.98653264250606,233.85781417926773,left_blink
1761185188.8521068,-1577.93484940473,-1171.6096788188443,383.2200686596334,217.05818357830867,left_blink
1761185188.8528876,-1533.2804439337924,-1132.621221780777,413.9096876960248,289.73565941723064,left_blink
1761185188.8528876,-1540.3451149500906,-1130.9494865005836,399.54473196621984,255.34727932466194,left_blink
1761185188.86647,-1581.611171061173,-1166.5645537786186,362.7179371025413,215.35652909846976,left_blink
1761185188.86647,-1549.3881930429488,-1131.8395826900378,361.4688105173409,262.49422813998535,left_blink
1761185188.8820791,-1507.1123639438301,-1099.4483091738075,425.36874116025865,287.61887604231015,left_blink
1761185188.8820791,-1551.9462846126407,-1183.057512583211,398.39658267982304,204.76513242395595,left_blink
1761185188.882804,-1562.8480929834768,-1139.495157899335,380.2842471944168,257.00779490498826,left_blink
1761185188.882804,-1520.5947032840922,-1084.2007370544598,423.67082658037543,304.3100495445542,left_blink
1761185188.8965433,-1568.7459152135998,-1152.6745653431863,397.8168981866911,219.03285075491294,left_blink
1761185188.8965433,-1576.0312403272837,-1154.413618822582,370.97563620470464,233.62220048205927,left_blink
1761185188.9122517,-1521.129508977756,-1110.357597344555,404.8179909037426,287.86196953943,left_blink
1761185188.9122517,-1527.9623061968014,-1128.1670009335503,427.51544373482466,282.91782179800794,left_blink
1761185188.9128153,-1584.2851995294914,-1160.1655849544331,387.4050167100504,228.29284304520115,left_blink
1761185188.9128153,-1557.9450841415673,-1121.4351810133085,399.0884641716257,267.04942628601566,left_blink
1761185188.9264364,-1511.0542184971273,-1077.6185131324455,424.3440085723996,296.7816309337504,left_blink
1761185188.9264364,-1577.8787509053946,-1167.9296172624454,380.61335839051753,205.5654710144736,left_blink
1761185188.9421413,-1566.8535258360207,-1133.922706965357,370.71010330785066,253.14447825076059,left_blink
1761185188.9421413,-1510.8597436994314,-1073.463484281674,429.06750221643597,312.7136047449894,left_blink
1761185188.9428,-1562.3843453889713,-1145.6547731263563,402.5628312304616,229.03708313638344,left_blink
1761185188.9428,-1583.7242145361379,-1146.7393441135064,375.8449859470129,244.67360485112295,left_blink
1761185188.956364,-1551.8490472137928,-1112.8221914153546,396.08906440716237,278.09709075512365,left_blink
1761185188.956364,-1544.1710326047614,-1101.336958651431,412.5670636119321,274.9256555926986,left_blink
1761185188.9721367,-1583.350224540569,-1143.5192902516574,379.2856939062476,240.4662174009718,left_blink
1761185188.9721367,-1545.1957651926205,-1112.01063312497,379.08747920859605,267.4458556813188,left_blink
1761185188.9729953,-1490.4735490409657,-1094.9005908276886,444.4310112344101,334.8912114822306,left_blink
1761185188.9729953,-1596.5819905837998,-1149.566708480008,388.9271559920162,216.68793348269537,left_blink
1761185188.9863925,-1589.1470694718882,-1123.2677319915965,376.27881434187293,244.19863755675033,left_blink
1761185188.9863925,-1527.1208287067711,-1065.3815604774281,395.973127508536,298.81613650964573,left_blink
1761185189.0021443,-1561.5615673987195,-1113.6337497057393,404.87034950312227,240.38393960194662,left_blink
1761185189.0021443,-1577.1793896136805,-1136.8884476302192,369.0196685278788,246.3191608316265,left_blink
1761185189.003175,-1537.2559575866908,-1094.8781514279544,391.8592375572771,281.6425159131177,left_blink
1761185189.003175,-1527.4761192025617,-1096.6620837068185,439.5691412920132,288.1125428364612,left_blink
1761185189.0164495,-1614.2941567739472,-1170.1099789366126,365.9155515646562,204.0096726329066,left_blink
1761185189.0164495,-1543.0004439186305,-1097.959828991443,382.9657554626465,290.42754090903327,left_blink
1761185189.032132,-1533.4150803321972,-1083.6472318610176,426.55054954625666,281.9342281096615,left_blink
1761185189.032132,-1590.6953880535439,-1139.7270316965878,383.3285257583484,216.83752948092297,left_blink
1761185189.0328174,-1577.0260537154973,-1108.3941498678178,376.50694823917,249.66637129196897,left_blink
1761185189.0328174,-1529.316149980761,-1083.2882014652714,415.0765364822,271.0810384382494,left_blink
1761185189.0463893,-1553.0084162000567,-1124.4495403775945,417.2045395569876,253.3987914477475,left_blink
1761185189.0463893,-1603.54942420125,-1157.4466776866466,354.9052860951051,220.5325506371446,left_blink
1761185189.062157,-1550.1660922337323,-1082.098913279362,396.57899130135775,295.92145394394174,left_blink
1761185189.062157,-1546.5832680761814,-1090.0649001849815,431.3638007892296,271.8103189296089,left_blink
1761185189.0628655,-1581.9477620571852,-1164.7694017998874,380.3927042931318,218.00063836714253,left_blink
1761185189.0628655,-1565.7539952490479,-1105.6191441006958,373.6160055734217,263.23098843125626,left_blink
1761185189.0770493,-1543.8232219088823,-1092.4696558564901,416.0152513710782,257.5837394981645,left_blink
1761185189.0770493,-1592.6214365307242,-1119.2473395392299,388.53072659671307,235.00222356570885,left_blink
1761185189.0778453,-1596.0191356404684,-1122.7983745471574,355.3129351902753,245.09808349609375,left_blink
1761185189.0914512,-1536.9474158403464,-1081.001252642367,423.17715978622437,295.6951899966225,left_blink
1761185189.0914512,-1561.410101450514,-1134.9867085027508,401.98314673732966,238.2989453766495,left_blink
1761185189.1070535,-1600.076927092392,-1160.010379106272,362.2167905084789,228.56772569194436,left_blink
1761185189.1070535,-1538.0544262272306,-1074.7855389160104,404.3018847098574,302.98425501026213,left_blink
1761185189.107851,-1553.7021676418371,-1096.8472087546252,413.62545529939234,249.70190034154803,left_blink
1761185189.107851,-1593.7602360672317,-1169.8911947892047,366.6971906553954,213.4398303711787,left_blink
1761185189.121383,-1562.4460537382402,-1103.1751194796525,375.01472815684974,263.1206613825634,left_blink
1761185189.121383,-1529.9164039236493,-1077.4782668841071,414.5267711887136,287.6656247917563,left_blink
1761185189.137036,-1581.044576217886,-1142.8217989099212,380.4076638929546,230.49003426916897,left_blink
1761185189.137036,-1582.3984200018458,-1120.6367123727687,367.437690846622,253.77839129325002,left_blink
1761185189.1378553,-1527.1526178563945,-1071.34109105682,406.28403168637305,290.8781988536939,left_blink
1761185189.1378553,-1558.8258305811323,-1121.4931494626217,394.5557054253295,247.98528626188636,left_blink
1761185189.1513987,-1588.8347878255881,-1131.2767277467065,351.6478332336992,226.97452831082046,left_blink
1761185189.1513987,-1546.3308248291723,-1078.2599059748463,389.9930274793878,298.97134235780686,left_blink
1761185189.1670496,-1555.5683777197264,-1088.1930802571587,423.8989604776725,279.56500148773193,left_blink
1761185189.1670496,-1608.820813188795,-1165.0929031460546,366.8056477541104,214.1017926633358,left_blink
1761185189.1677847,-1566.2420521932654,-1092.6024223049171,370.0556208156049,275.74282373301685,left_blink
1761185189.1677847,-1526.4083777652122,-1080.3168509504758,404.7955515040085,284.52784872893244,left_blink
1761185189.1814387,-1580.0235835299827,-1126.8374664993025,378.08144612051547,232.49836054537445,left_blink
1761185189.1814387,-1576.1453072759323,-1089.1018759463914,358.4357516532764,269.25783720985055,left_blink
1761185189.1971107,-1525.0059152818285,-1033.5942808040418,426.22143835015595,312.3788836989552,left_blink
1761185189.1971107,-1583.1052610934712,-1098.6274011335336,394.09195783082396,229.6971754785627,left_blink
1761185189.1977997,-1601.0717404806055,-1119.5633610854857,342.58979554101825,228.24983419571072,left_blink
1761185189.1977997,-1531.8162731011398,-1062.8926570569165,393.5908112367615,286.2781219081953,left_blink
1761185189.211419,-1545.7025216366164,-1073.016566236969,425.050849664025,285.1636317213997,left_blink
1761185189.211419,-1597.8367270189337,-1139.904676944483,370.1004996150732,215.9941820409149,left_blink
1761185189.2270558,-1559.757065670099,-1077.8971356791444,394.87733682151884,276.2065713275224,left_blink
1761185189.2270558,-1546.1961884307675,-1061.3518182751723,419.0969289345667,293.3951515238732,left_blink
1761185189.2277784,-1599.9048916944303,-1123.3257004409097,353.07647501677275,222.41933016479015,left_blink
1761185189.2277784,-1572.6672003171407,-1112.6632456672378,352.63142692204565,253.90554789174348,left_blink
1761185189.241393,-1523.2593820025213,-1065.806039122399,412.36510901432484,296.0953592918813,left_blink
1761185189.241393,-1567.3228832804598,-1117.158605413977,412.2716115154326,242.9252016218379,left_blink
1761185189.2572308,-1596.228570037987,-1131.691856641788,365.33586707152426,237.76787958294153,left_blink
1761185189.2572308,-1539.0679391152225,-1067.047685907688,406.77395858056843,303.67987640202045,left_blink
1761185189.25778,-1552.2174273594283,-1085.8481629849412,410.8953283317387,264.1192146707326,left_blink
1761185189.25778,-1597.6572118210606,-1135.7870470932685,351.5356362350285,211.81297389045358,left_blink
1761185189.2714267,-1550.8000052762218,-1084.1165893054567,373.85535917058587,279.22093069180846,left_blink
1761185189.2714267,-1528.7645147372968,-1073.5513719306327,410.8541894322261,283.78734853770584,left_blink
1761185189.2870424,-1576.6501937699504,-1129.8892248631455,396.1489028064534,245.20654059480876,left_blink
1761185189.2870424,-1596.6137797334231,-1130.2632148587145,372.49029568675905,233.4034163346514,left_blink
1761185189.2880805,-1544.6478698491119,-1075.9187286025845,409.46668654866517,281.07218116987497,left_blink
1761185189.2880805,-1576.003191077616,-1099.0948886279948,394.58188472501934,258.6851400351152,left_blink
1761185189.301409,-1600.1405053916387,-1146.74495396344,334.8669021325186,208.22640983294696,left_blink
1761185189.301409,-1537.471001834143,-1070.6379898651503,404.54123830702156,298.185963367112,left_blink
1761185189.3170412,-1550.074464684818,-1096.353541960474,422.1262478986755,267.8217156268656,left_blink
1761185189.3170412,-1595.637665844988,-1170.1155887865461,369.3973984234035,202.14533250499517,left_blink
1761185189.3178842,-1569.4621060551144,-1108.1678859204985,384.45423564501107,270.1180141996592,left_blink
1761185189.3178842,-1531.2852073074318,-1084.9618066954426,412.21925291605294,289.0306882755831,left_blink
1761185189.331442,-1579.2681237389334,-1124.9114180221222,375.68417024891824,234.6637626197189,left_blink
1761185189.331442,-1597.1785046267323,-1125.6706177131273,352.96427801810205,246.88201577495784,left_blink
1761185189.3470757,-1531.0346340104006,-1074.0599983246066,406.7926580803469,287.7329429909587,left_blink
1761185189.3470757,-1562.726546234917,-1094.9884784766473,413.62171539943665,263.6891261758283,left_blink
1761185189.3478923,-1604.3254534420557,-1144.5159735898487,347.51898368261755,214.44960335921496,left_blink
1761185189.3478923,-1541.1697628903203,-1079.6174896587618,395.31490511633456,284.8046013256535,left_blink
1761185189.3613956,-1554.9849533266388,-1109.7199444021098,401.2688258457929,239.72010735981166,right_blink
1761185189.3613956,-1607.2874542069621,-1159.7485861093737,356.5695415753871,219.53212739899755,right_blink
1761185189.3771496,-1547.5014135153033,-1092.5762430052273,374.8838316584006,275.4286721367389,right_blink
1761185189.3771496,-1526.3672388656996,-1097.8532418427058,420.06556302309036,278.41311230137944,right_blink
1761185189.3779852,-1591.5237758937292,-1146.3859235676937,382.28135377075523,203.89560568425804,right_blink
1761185189.3779852,-1583.830801684875,-1127.8248000876047,353.6785989096388,237.55096538551152,right_blink
1761185189.3914523,-1520.8434066311456,-1082.6580283227377,412.9073945078999,285.48526311758906,right_blink
1761185189.3914523,-1574.3426754972897,-1122.5440613501705,417.3765749549493,237.65942248422652,right_blink
1761185189.407174,-1589.7735027144663,-1150.2006215224974,343.2367982333526,214.29252756107599,right_blink
1761185189.407174,-1545.4444685396738,-1089.6441614399664,383.803493052721,274.6956517454237,right_blink
1761185189.407889,-1533.7049225787632,-1104.1923722676001,419.8972675250843,265.25988415721804,right_blink
1761185189.407889,-1583.1650994927622,-1158.9295480190776,377.82339302357286,226.02459372207522,right_blink
1761185189.4214196,-1546.719774424564,-1096.596635457594,389.9930274793878,278.44303150102496,right_blink
1761185189.4214196,-1520.5928333341144,-1081.7155735339038,411.4488335251808,276.1317733284086,right_blink
1761185189.4370778,-1573.8190895034932,-1142.2645538165234,390.8906034687534,215.63141174521297,right_blink
1761185189.4370778,-1571.5153111307882,-1116.9678705162369,370.56050730962306,248.90156175103039,right_blink
1761185189.437883,-1488.0482239197008,-1052.996881774161,446.723569907248,342.8029698384926,right_blink
1761185189.437883,-1551.0056997737847,-1125.8463930110447,409.14131525252014,229.31570568308234,right_blink
1761185189.4515908,-1584.1898320806213,-1154.329471073579,373.63844497315586,214.93205045349896,right_blink
1761185189.4515908,-1519.3698860486038,-1067.784446198959,418.5359439412132,300.57575943879783,right_blink
1761185189.467127,-1520.9369041300379,-1098.3656081366353,416.47525906562805,278.78336239699274,right_blink
1761185189.467127,-1580.8725408199243,-1152.2089477987029,378.967802410014,215.1040858514607,right_blink
1761185189.4678714,-1543.5221599624492,-1105.7706100489013,382.3299724701792,251.680307418108,right_blink
1761185189.4678714,-1512.5071696299128,-1066.8382515101694,442.8826926527545,289.56923386920244,right_blink
1761185189.4814122,-1564.981705908198,-1142.5188670135103,403.4566673198715,214.35236596036702,right_blink
1761185189.4814122,-1590.0652149110101,-1133.1242383248173,375.23538225423545,234.5927045205608,right_blink
1761185189.4971874,-1516.7818752792664,-1067.9228224973194,414.9792990833521,300.75901453662664,right_blink
1761185189.4971874,-1553.0028063501231,-1108.2015450200997,412.5371444122866,245.65906848944724,right_blink
1761185189.497883,-1585.7157112625428,-1146.8234918625094,364.2886950839311,217.49014202319086,right_blink
1761185189.497883,-1523.599712898489,-1096.0954888635315,400.3338508568704,274.92378564272076,right_blink
1761185189.5114093,-1530.9747956111096,-1087.7106331628747,427.66129983309656,262.88504768535495,right_blink
1761185189.5114093,-1585.6109940637834,-1140.5479397368617,388.97577469144017,216.4691493352875,right_blink
1761185189.5271506,-1529.5910326275043,-1078.491779772099,388.76260039396584,276.3599072257057,right_blink
1761185189.5271506,-1527.3583123539574,-1077.8260775799863,423.6558669805527,274.3927198490128,right_blink
1761185189.5278199,-1592.3540336838923,-1147.6537496526726,391.94151535630226,201.42353181354702,right_blink
1761185189.5278199,-1559.9926793673076,-1102.2438843906857,366.6186527563259,253.718552893959,right_blink
1761185189.5413733,-1514.8520869021304,-1055.6073319432326,414.9007611842826,295.773727895692,right_blink
1761185189.5413733,-1561.784091446083,-1116.4143653227948,414.1266018934548,225.64686382655054,right_blink
1761185189.5571969,-1582.1029679053463,-1139.2688939520158,369.00096902810037,222.5838857628405,right_blink
1761185189.5571969,-1544.0382661563344,-1084.860829396639,399.36147686839104,287.5870868926868,right_blink
1761185189.5578394,-1534.4716020696796,-1089.154234545771,433.07293506897986,262.9860249841586,right_blink
1761185189.5578394,-1580.2180583276786,-1140.5853387364186,387.554612708278,218.6644706092775,right_blink
1761185189.5714364,-1522.6759576094337,-1078.9555273666047,400.0720578599721,285.3581065190956,right_blink
1761185189.5714364,-1536.9474158403464,-1082.8300637206994,422.3805610956624,252.18145401217043,right_blink
1761185189.5871165,-1576.3136027739383,-1139.29133335175,387.56583240814507,225.3663713298738,right_blink
1761185189.5871165,-1546.5327794267796,-1116.773395718541,380.6582371899858,253.24358559958637,right_blink
1761185189.5878007,-1523.756788696628,-1068.6595827885903,434.37816015351564,293.38393182400614,right_blink
1761185189.5878007,-1557.068077601958,-1122.8095942470245,405.68938759341836,224.46879534050822,right_blink
1761185189.6014493,-1581.1567732165568,-1148.2708331453614,368.3165673362091,219.83879919536412,right_blink
1761185189.6014493,-1521.6063462221064,-1076.2104407991283,407.80991086829454,299.93997644633055,right_blink
1761185189.6171856,-1523.6146724983118,-1084.7299328981899,432.0893413806334,284.7372831264511,right_blink
1761185189.6171856,-1601.0941798803397,-1154.8418373675086,368.727956331335,197.89680615533143,right_blink
1761185189.6178987,-1543.2416674657725,-1093.2120259976946,404.20838721096516,292.22456283774227,right_blink
1761185189.6178987,-1514.47061710665,-1070.5145731666125,441.4989296691492,286.3865790069103,right_blink
1761185189.631451,-1590.0652149110101,-1156.3228377499618,374.4425234636292,182.88110783323646,right_blink
1761185189.631451,-1546.3757036286406,-1093.5186977940612,388.2203149003908,264.02571717184037,right_blink
1761185189.647124,-1514.350940308068,-1077.1154965884052,428.36814092472196,289.2102034734562,right_blink
1761185189.647124,-1558.8931487803347,-1135.7608677935787,394.151796230115,211.60353949293494,right_blink
1761185189.6477687,-1569.3499090564437,-1127.0768200964667,380.366524993442,241.6012770375237,right_blink
1761185189.6477687,-1528.5139414402656,-1070.5669317659922,415.83947607316077,281.1993377683684,right_blink
1761185189.6613455,-1530.9635759112425,-1098.5675627342425,428.5700955223292,255.43516697362065,right_blink
1761185189.6613455,-1594.4109786595218,-1171.0991824748926,373.23827567789704,190.43944564368576,right_blink
1761185189.6771371,-1517.0548879760318,-1068.6184438890778,405.83898359164596,303.9491491988301,right_blink
1761185189.6771371,-1502.3458614503033,-1072.4555812436156,442.6844779551029,287.9797763880342,right_blink
1761185189.6778333,-1572.3306093211286,-1142.9302560086362,392.58103824872524,205.44392426591367,right_blink
1761185189.6778333,-1550.0408055852167,-1107.427385729272,375.83376624714583,260.11004191823304,right_blink
1761185189.6914244,-1514.5005363062955,-1060.9965277793817,430.0249166050926,292.9837625287473,right_blink
1761185189.6914244,-1559.6897474708967,-1130.8915180512704,413.9470866955817,223.71333554945886,right_blink
1761185189.707204,-1567.9624061728828,-1134.7997135049663,367.5124888457358,231.2230546604842,right_blink
1761185189.707204,-1529.232002231758,-1085.4180744900368,400.8162979511544,259.0479103308171,right_blink
1761185189.7078793,-1543.439882163424,-1116.507862821687,420.757444514893,230.86028436478227,right_blink
1761185189.7078793,-1563.5493242251687,-1139.26515405206,391.8554976573214,238.95716776885092,right_blink
1761185189.7216415,-1537.8487317296676,-1119.5259620859288,386.75053421780467,265.4954978544265,right_blink
1761185189.7216415,-1539.2960730125196,-1104.955311858561,425.2303648618981,240.75231974758208,right_blink
1761185189.7370749,-1574.798943291884,-1142.6123645124026,390.8532044691965,220.5493801869452,right_blink
1761185189.7370749,-1575.6703399815597,-1130.9887554501183,361.2182372203097,225.38881072960794,right_blink
1761185189.7379296,-1513.5618214174174,-1090.0069317356683,413.3374830028042,258.4121273383498,right_blink
1761185189.7379296,-1567.9773657727055,-1131.789094040636,394.57440492510796,213.48096927069128,right_blink
1761185189.7513783,-1579.4476389368065,-1160.7508792974986,362.6169598037377,213.8437395663932,right_blink
1761185189.7513783,-1516.4527640831657,-1083.2377128158696,424.29538987297565,293.0996994273737,right_blink
1761185189.7670648,-1531.969608999323,-1118.8939189934172,415.8544356729835,246.54168487899005,right_blink
1761185189.7670648,-1587.9409517361782,-1171.2300789733417,360.8779063243419,192.5038704192266,right_blink
1761185189.767841,-1547.3293781173415,-1109.645146402996,383.2986065587029,276.48706382419914,right_blink
1761185189.767841,-1516.183491286356,-1094.8426223783754,422.59747529309243,265.88818734977394,right_blink
1761185189.7814188,-1564.0317713194527,-1152.3697634967975,387.7004688065499,208.3909654309973,right_blink
1761185189.7814188,-1563.9046147209592,-1141.3707177271135,376.48824873939157,246.39582878071815,right_blink
1761185189.7970562,-1519.1080930517055,-1091.3832149193622,429.59482811018825,261.2993301041424,right_blink
1761185189.7970562,-1543.499720562715,-1134.1826300122775,411.96119981911033,240.23247365374118,right_blink
1761185189.7978892,-1579.2793434388004,-1170.7663313788362,354.4677178002894,194.39999969676137,right_blink
1761185189.7978892,-1521.6736644213088,-1107.0720952334814,405.6669481936842,269.74028430413455,right_blink
1761185189.8114405,-1531.0944724096917,-1131.4300636448897,423.2482178853825,248.87538245134056,right_blink
1761185189.8114405,-1588.860967125278,-1185.5987746031024,356.74905677326024,182.62679463624954,right_blink
1761185189.8272736,-1531.367485106457,-1106.3727339417674,398.38910287991166,285.26086912024766,right_blink
1761185189.8272736,-1523.4164578006603,-1107.5732418275438,440.41809858195484,264.10425507090986,right_blink
1761185189.8278394,-1581.901013307739,-1164.449640353676,387.75282740592957,203.42063838988543,right_blink
1761185189.8278394,-1548.6944416011684,-1137.7542344699614,374.2181294662878,247.2634855704382,right_blink
1761185189.8413906,-1513.4309249189682,-1118.0861006029882,415.0802763821557,265.1963058579713,right_blink
1761185189.8413906,-1548.9861537977122,-1144.392556891311,406.80013788025826,208.64153872802854,right_blink
1761185189.8571432,-1580.6668463223614,-1172.4305868591182,371.01677510421723,206.8052478497848,right_blink
1761185189.8571432,-1518.4835297591053,-1096.9033072539605,414.61652878765017,268.8277487149462,right_blink
1761185189.857872,-1528.364345442038,-1118.4787900983356,429.0151436170563,249.91881453897804,right_blink
1761185189.857872,-1604.1272387444042,-1189.46209125733,375.59815254993737,196.89451296720654,right_blink
1761185189.8714216,-1525.0171349816956,-1105.834188348148,395.1802687179297,279.19101149216294,right_blink
1761185189.8714216,-1521.4642300237902,-1111.7095711785369,419.1679870337248,254.63108848314732,right_blink
1761185189.8870575,-1582.252563903574,-1175.8600751184858,385.94271582737565,187.54102317802608,right_blink
1761185189.8870575,-1566.0700167953037,-1129.848085963633,370.5418078098446,248.07504386082292,right_blink
1761185189.8880243,-1520.5629141344689,-1101.80631609587,404.6010767063126,266.96153863705695,right_blink
1761185189.8880243,-1560.5686239604838,-1140.6563968355767,407.4172213729471,215.31352024897933,right_blink
1761185189.9015174,-1604.6096858386882,-1167.5799366165884,373.3280332768336,204.0227622827515,right_blink
1761185189.9015174,-1514.7885086028837,-1074.7219606167637,405.7193067930639,292.13106533885,right_blink
1761185189.917134,-1537.7215751311742,-1131.560960143339,413.80123059730977,237.15827589016408,right_blink
1761185189.917134,-1566.8666154858656,-1164.1018296577968,369.01592862792313,214.0606537638232,right_blink
1761185189.9178247,-1547.1498629194684,-1117.9701637043618,373.89275817014277,257.9745590435341,right_blink
1761185189.9178247,-1519.6241992455907,-1095.0071779764257,428.3232621252537,267.00267753656954,right_blink
1761185189.9313776,-1579.0624292413704,-1179.6149346739985,389.13285048957914,187.54102317802608,right_blink
1761185189.9313776,-1565.2846378046088,-1134.8782514040358,371.85825259424746,232.31884534750134,right_blink
1761185189.9485044,-1507.6303400876932,-1097.681206444744,414.6352282874286,262.62699458841234,right_blink
1761185189.9485044,-1578.1648532520048,-1168.3466161075048,392.5249397493899,186.50881079025567,right_blink
1761185189.948638,-1571.975318825338,-1154.4528877721168,371.12523220293224,250.19930703565478,right_blink
1761185189.948638,-1510.8466540495865,-1086.2894711797126,415.0204379828647,296.2150360904634,right_blink
1761185189.9614975,-1542.3029525768943,-1129.0215680734254,411.3403764264658,213.01348177623004,right_blink
1761185189.9614975,-1573.688193005044,-1159.4119951133616,382.5094876680523,206.55467455275357,right_blink
1761185189.9772277,-1543.17434926657,-1126.4597366037779,392.5660786489025,254.66100768279284,right_blink
1761185189.9772277,-1522.5824601105414,-1088.9709794479422,435.4253321411088,281.0946205696091,right_blink
1761185189.9779463,-1585.6558728632517,-1171.7274856674485,380.4675022922456,181.98353184387088,right_blink
1761185189.9779463,-1556.406115309801,-1145.6566430763341,373.96755616925657,222.04908006917685,right_blink
1761185189.991438,-1494.7688241400756,-1071.6253234534524,441.55502816848457,334.343316138722,right_blink
1761185189.991438,-1560.325530463364,-1164.5543575524352,410.0463710417971,189.26511705759913,right_blink
1761185190.007086,-1572.8504554149695,-1155.2307869629003,394.69034182373434,226.3686645179987,right_blink
1761185190.007086,-1514.2125640097074,-1089.6666008397005,420.14784082211554,274.8302881438285,right_blink
1761185190.0077896,-1529.1871234322898,-1118.112279902678,435.93395853508264,199.27308933902532,right_blink
1761185190.0077896,-1562.700366935227,-1149.0188131364994,408.2250397633761,258.81603653356433,right_blink
1761185190.0213764,-1538.1628833259456,-1125.0123953209259,388.72520139440894,254.8667021803558,right_blink
1761185190.0213764,-1484.753372058738,-1095.4447462712415,466.82553216908127,294.1730507146567,right_blink
1761185190.0527835,-1573.8751880028285,-1203.6737110889517,401.4595607435331,126.52081550098956,right_blink
1761185190.0527835,-1505.726731010247,-1116.8781129173003,437.74407011363655,274.7218310451135,right_blink
1761185190.053477,-1506.3961731023155,-1120.546954773832,462.5134275201708,308.0405997503549,right_blink
1761185190.053477,-1547.7407671124674,-1200.233003129717,396.91184239741415,184.94927250873297,right_blink
1761185190.054324,-1556.3126178109087,-1181.0884552565403,461.6607303302735,175.40504782181233,right_blink
1761185190.054324,-1477.8382970406674,-1118.5049693980254,431.78266958426684,347.66109988093376,right_blink
1761185190.0671325,-1488.022044620011,-1155.6945345574059,468.79645944572985,293.6195455212146,right_blink
1761185190.0671325,-1557.116696301382,-1214.1117718652822,434.18742525577545,253.9392069913447,right_blink
1761185190.0678155,-1473.4551342925988,-1136.250794687774,504.2469711257145,255.13597497716546,right_blink
1761185190.0678155,-1483.668801071588,-1169.393788095098,454.3230466172099,384.4056169455871,right_blink
1761185190.0821562,-1551.4769271682017,-1228.2710330975242,516.1099337851629,187.26427058130503,right_blink
1761185190.0821562,-1504.3429680266418,-1218.1882628169842,597.0189294265583,185.3494418039918,right_blink
1761185190.082791,-1498.1216444503516,-1181.2661005044356,675.6652855947614,402.4917731313035,right_blink
1761185190.096474,-1527.412540903315,-1237.4132185392082,663.8696411345154,359.71479743812233,right_blink
1761185190.096474,-1579.7748801829293,-1294.2746574655175,726.7523189894855,258.55050363671035,right_blink
1761185190.1122513,-1539.6681930581108,-1247.690463617444,820.4704719791189,290.9081180533394,right_blink
1761185190.1122513,-1512.39684258122,-1259.6693631755188,950.3684171400964,282.8074947493151,right_blink
1761185190.112886,-1578.7950263945386,-1336.5093476651236,908.2795830387622,217.53876072261482,right_blink
1761185190.112886,-1566.1055458448827,-1291.783884095028,976.8730881260708,361.5062095168978,right_blink
1761185190.1264188,-1555.1700783744454,-1293.8782280702144,1082.8394134705886,266.00038434844464,right_blink
1761185190.1264188,-1640.1443452676758,-1380.5728489430621,1052.261991432868,211.988749188371,right_blink
1761185190.142106,-1605.1276619825512,-1335.7015292746946,1105.267593504861,310.1125043258071,right_blink
1761185190.142106,-1594.4390279091895,-1333.0948190055788,1165.6033994900063,278.719784097746,right_blink
1761185190.1428075,-1650.2944337474182,-1377.3116561817005,1171.4301636209711,238.58317777328193,right_blink
1761185190.1428075,-1672.4795202845708,-1397.2116638459265,1211.1927799498662,278.52156940009445,right_blink
1761185190.1564293,-1644.1310786204413,-1351.8242379836738,1320.3342803567648,296.05422039236873,right_blink
1761185190.1564293,-1667.3932563448325,-1396.6805980522186,1249.2687013987452,242.05380493216217,right_blink
1761185190.1721518,-1700.1846991563216,-1421.9885010523722,1330.8620987320319,198.33811435010284,right_blink
1761185190.1721518,-1682.7380658630282,-1376.08870889619,1308.897666292265,264.9793916605413,right_blink
1761185190.1729784,-1684.6117557408288,-1352.5422987751663,1347.5906712338328,330.43886058498174,right_blink
1761185190.1729784,-1740.2876463811845,-1428.5931643741205,1305.7524104295298,204.9465175718069,right_blink
1761185190.1863668,-1712.2421366134658,-1416.1355576217175,1307.1174739133567,207.30639444384724,right_blink
1761185190.1863668,-1666.4246222563088,-1343.2561271851882,1339.9463157244027,297.920430470258,right_blink
1761185190.2020895,-1717.8258072473109,-1387.6562194591388,1345.6646227566525,160.75211979541928,right_blink
1761185190.2020895,-1732.4675155738369,-1411.5354806762189,1286.043137663044,267.6870792284608,right_blink
1761185190.2029564,-1709.7588430428877,-1348.8734569186345,1302.8240687642246,284.5502881286666,right_blink
1761185190.2029564,-1711.2323636254296,-1363.653541543521,1327.4513099724427,233.3323582354933,right_blink
1761185190.2164521,-1739.9173962855712,-1403.6068927701563,1258.1023450940847,160.05649840366095,right_blink
1761185190.2164521,-1717.3358803531155,-1361.9107481641695,1256.8980973083526,242.06502463202924,right_blink
1761185190.2321026,-1685.7038065278903,-1323.3486397210509,1307.4578048093244,208.37226593121886,right_blink
1761185190.2321026,-1784.1005743620917,-1395.7194437636063,1217.3860542764887,248.72578645311296,right_blink
1761185190.232849,-1739.5060072904453,-1335.637950975448,1197.2242536153644,242.83918392285705,right_blink
1761185190.232849,-1687.7719712033868,-1303.5496093556285,1277.3254308663309,285.1785913212225,right_blink
1761185190.2463894,-1762.5587506173179,-1366.245292212814,1197.7814987087622,270.8622542908415,right_blink
1761185190.2463894,-1767.3271230608225,-1356.5439917277545,1137.2250386262313,236.01760640367866,right_blink
1761185190.2620564,-1662.045199408196,-1248.932110402733,1297.2029991308227,277.33228121418506,right_blink
1761185190.2620564,-1778.8834139239043,-1339.4339494304731,1147.420005905442,368.97104982845485,right_blink
1761185190.2629068,-1787.5450222212821,-1357.7295400137082,1151.0589285623282,311.6645628074184,right_blink
1761185190.2629068,-1740.2913862811401,-1301.3430683817714,1182.552626089193,326.3698494331911,right_blink
1761185190.2764013,-1751.8551569441333,-1315.629486212507,1192.852310567163,300.16437044367194,right_blink
1761185190.2764013,-1784.7026982549578,-1334.9236300839111,1174.313626486808,265.7460711514577,right_blink
1761185190.292065,-1782.9599048756063,-1303.6954654539004,1100.6899559590966,294.27028811350465,right_blink
1761185190.292065,-1745.1682158233598,-1262.657543240115,1153.2280705366284,350.59692134615034,right_blink
1761185190.292837,-1802.9646297385916,-1317.3124411925673,1127.0749501464888,257.4883720492944,right_blink
1761185190.292837,-1814.9510090965778,-1331.8569121202454,1068.1116874450818,276.3898264253512,right_blink
1761185190.3064623,-1740.8561111744493,-1228.575834943913,1082.5140421744436,369.3338201241568,right_blink
1761185190.3064623,-1762.809323914349,-1255.0543266301975,1101.9428224442527,304.1473638964817,right_blink
1761185190.3221133,-1794.4301780397072,-1292.5842226855457,1090.4538497803733,264.29872986860573,right_blink
1761185190.3221133,-1768.9988583410159,-1238.0153424320742,1072.7790825897828,336.70319301076233,right_blink
1761185190.3228054,-1761.616295828484,-1233.8154347818345,1068.8035689368844,335.4952053250745,right_blink
1761185190.3228054,-1825.5760648706928,-1298.7400980126113,976.2260854337364,264.4857248663902,right_blink
1761185190.3365042,-1789.2092777015641,-1255.3273393269628,1008.8118337476626,262.6157748885453,right_blink
1761185190.3365042,-1730.5639064963907,-1192.9158888664097,1063.4742115000263,407.79869116842747,right_blink
1761185190.35211,-1807.362752086483,-1273.5930107105523,1029.564538601786,269.601908005774,right_blink
1761185190.35211,-1800.294341170229,-1272.6655155215412,963.4281477853656,296.0280410926789,right_blink
1761185190.3527787,-1753.6951877223328,-1237.3085013404489,978.8327957028523,338.13557469379157,right_blink
1761185190.3527787,-1743.1337102474645,-1249.3659387975931,1045.1075628176332,273.9476717542857,right_blink
1761185190.3666356,-1796.5394816147164,-1280.9007752239704,963.4057083856314,286.9513039002195,right_blink
1761185190.3666356,-1755.5090392008424,-1223.5269700037315,946.6135575845838,337.4661326017231,right_blink
1761185190.3821,-1748.8033985802904,-1219.4504790520296,986.9221993070096,302.153997220099,right_blink
1761185190.3821,-1804.8308398164809,-1286.7387590548024,915.591087452136,281.60324696358293,right_blink
1761185190.382835,-1756.1747413929552,-1237.7909484347329,937.0057545984164,307.15798336081207,right_blink
1761185190.382835,-1712.649785708636,-1203.0958965457976,1009.2007833430544,310.43039582204074,right_blink
1761185190.3964663,-1767.0167113645002,-1272.946008018218,946.7220146832988,318.3664635280147,right_blink
1761185190.3964663,-1789.198058001697,-1285.874842165038,908.2571436390281,227.8908037999645,right_blink
1761185190.4120996,-1712.9714171048254,-1197.1270162165165,906.375973961316,324.3839625567198,right_blink
1761185190.4120996,-1723.0205282857642,-1231.204984612763,877.8517569992691,280.0175293823704,right_blink
1761185190.4127746,-1759.432194254361,-1255.5928722238168,834.1398063171655,296.97423578146845,right_blink
1761185190.4127746,-1711.202444425784,-1211.8846614416689,816.2817840287462,346.6775061925873,right_blink
1761185190.4264388,-1697.3012362904847,-1216.7988899834454,842.8575131138787,306.3613846702501,right_blink
1761185190.4264388,-1749.9590276665986,-1265.5821450054646,768.0034155007452,244.25660600606352,right_blink
1761185190.4421463,-1708.3264613598585,-1201.4802597649395,748.5447160312906,329.09623650088906,right_blink
1761185190.4421463,-1665.721521064639,-1171.9687092145905,779.0548198698089,324.152088759467,right_blink
1761185190.4427724,-1723.4730561804026,-1226.1187206730247,735.6570207839832,315.54283906146884,right_blink
1761185190.4427724,-1720.2380427187309,-1238.4865698264912,667.7366976886988,261.0824159067124,right_blink
1761185190.456436,-1664.6893086768687,-1167.7837611641735,662.9346661455929,384.68984934221953,right_blink
1761185190.456436,-1679.4319943021983,-1179.7140420228243,694.4433232722804,312.98848739173263,right_blink
1761185190.4721096,-1710.6339796325192,-1234.1408060779795,569.2913111550733,287.78904149029404,right_blink
1761185190.4721096,-1649.6736103547737,-1161.1491786427796,587.7290179366246,362.22427030839026,right_blink
1761185190.4728696,-1663.7057149885222,-1166.7739881761372,618.2877404745668,348.3043626733124,right_blink
1761185190.4728696,-1710.0430754395202,-1214.2183590140194,562.3350972374901,308.49686754494905,right_blink
1761185190.4864469,-1671.9147953912616,-1170.0464006373659,510.0625155568123,335.9290337199345,right_blink
1761185190.4864469,-1628.9283853005618,-1126.2671317560598,551.6277636643499,372.0003687925637,right_blink
1761185190.502075,-1672.2700858870521,-1197.194334415719,503.11004153918475,319.2976986169815,right_blink
1761185190.502075,-1677.8649762207642,-1187.242460633628,478.8867095261812,335.5700033241883,right_blink
1761185190.5027485,-1627.682998615317,-1127.10860924609,494.59428934007883,388.2913729995489,right_blink
1761185190.5027485,-1651.1022521378472,-1162.517982026562,488.58053021132946,350.3575677489862,right_blink
1761185190.516451,-1666.2937257578596,-1195.2720258384943,447.75204239506274,279.41540548950434,right_blink
1761185190.516451,-1642.709916637279,-1136.54063693434,425.1256476631388,392.79047264624387,right_blink
1761185190.5320985,-1594.1211364129558,-1113.9890402015299,450.9197376575321,415.0017384830862,right_blink
1761185190.5320985,-1659.5768654374406,-1174.5529800839722,421.76721750292927,331.1980602759868,right_blink
1761185190.53284,-1638.394072088413,-1137.8346423190087,396.1788220060989,375.45229645166546,right_blink
1761185190.53284,-1604.7499320870265,-1107.4965738784522,428.21854492649436,383.75113445334136,right_blink
1761185190.54642,-1648.342205970548,-1166.2317026825622,403.58382391836494,342.7992299385369,right_blink
1761185190.54642,-1639.3140874775127,-1154.4323183223605,386.1895492244512,348.3567212726921,right_blink
1761185190.562085,-1612.3942875964567,-1105.64158350043,361.9175985120237,405.7155668931082,right_blink
1761185190.562085,-1612.1923329988495,-1126.5326646529138,389.1403302894905,375.325139853172,right_blink
1761185190.5629108,-1654.3148261997849,-1171.5423606196418,304.46151549275964,331.14570167660713,right_blink
1761185190.5629108,-1611.2236989103258,-1114.4266084963456,325.57325074262917,404.8965288028121,right_blink
1761185190.5928812,-1612.9066538903862,-1120.006539230235,337.5409306008369,371.9180909935385,right_blink
1761185190.5928812,-1637.9153648940846,-1147.1619528084993,308.9643550394103,354.84918759576976,right_blink
1761185190.5935256,-1625.8317481372505,-1118.9967662421986,275.85876063164324,418.6369212400168,right_blink
1761185190.5935256,-1589.113410372287,-1099.0518797785044,298.82548625953496,414.3921347903088,right_blink
1761185190.594273,-1629.8708400893956,-1136.5256773345172,275.1369599401951,366.6485719559714,right_blink
1761185190.594273,-1645.7915942007676,-1145.5762352272868,242.98130012117326,363.4285180941224,right_blink
1761185190.6064312,-1559.1942107267678,-1058.6759198568761,300.75527463667095,455.8040469996631,right_blink
1761185190.6064312,-1611.8033834034577,-1125.0890632700175,275.52590953558683,378.6686104135588,right_blink
1761185190.622076,-1635.6340259211138,-1151.6348731555045,240.86451674625278,334.9379602316767,right_blink
1761185190.622076,-1574.8756112409756,-1080.0831072032452,254.48523238487542,412.4249474136159,right_blink
1761185190.6228435,-1553.1767116980627,-1093.9843153385445,287.7591222906485,436.2817692309618,right_blink
1761185190.6228435,-1635.548008222133,-1156.2760890005156,206.838906949386,351.4159594364464,right_blink
1761185190.6364996,-1592.5466385316104,-1112.2051079226658,193.536082806997,394.7800994226709,right_blink
1761185190.6364996,-1557.3167809490114,-1073.9010525764897,236.1896418016404,413.4197608018294,right_blink
1761185190.652202,-1589.064791672863,-1124.8609293727204,228.57520549185574,364.9843164756894,right_blink
1761185190.652202,-1571.4236835818738,-1101.3556581512094,215.60523244552314,400.7527196519077,right_blink
1761185190.6528833,-1504.1503631789237,-1032.855650562793,260.6859865114093,462.330172422342,right_blink
1761185190.6528833,-1568.297127218917,-1104.2839998165146,232.04957255069166,396.36207710392773,right_blink
1761185190.6664677,-1606.6535411644727,-1139.3567816009745,185.34196200408041,358.45071125309914,right_blink
1761185190.6664677,-1552.5371888056397,-1081.7548424834386,211.55866069346666,417.18210015725344,right_blink
1761185190.6820672,-1529.353548980318,-1063.2198983030394,235.89792960509658,427.3434083368629,right_blink
1761185190.6820672,-1597.42346807383,-1153.64319943171,174.17836063634604,329.9302341910079,right_blink
1761185190.6828315,-1548.1502861576155,-1088.1463315077126,191.39686003234237,422.73959149140865,right_blink
1761185190.6828315,-1518.799551305361,-1051.6149887405336,223.53382035158575,414.4931120891124,right_blink
1761185190.696468,-1588.8665769752115,-1120.6385823227465,180.63342795986682,341.1237547583878,right_blink
1761185190.696468,-1547.8286547614262,-1060.968478529714,198.34559415001422,422.9714652886614,right_blink
1761185190.7120702,-1551.4413981186226,-1078.987316516228,181.15327405370772,384.6225311430171,right_blink
1761185190.7120702,-1536.287323498167,-1072.8501406889409,218.1072255158797,386.8141125170514,right_blink
1761185190.7128296,-1567.2462153313681,-1104.6205908125266,183.02696393150836,389.8434314811602,right_blink
1761185190.7128296,-1553.1467924984172,-1079.7203369075432,171.47067306842655,396.53785240184516,right_blink
1761185190.7264156,-1536.7136720931157,-1062.3111026138067,195.14049988798797,397.6673021884635,right_blink
1761185190.7264156,-1574.4043838465586,-1112.8371510151774,154.56258536875248,348.0575292762369,right_blink
1761185190.7422152,-1562.627438886091,-1094.9492095271125,151.30887240730226,404.6721348054707,right_blink
1761185190.7422152,-1517.9730334151536,-1055.0631764996797,185.33822210412472,388.27267349977046,right_blink
1761185190.7427976,-1539.0473696654662,-1056.1253080870956,173.39672154560685,337.4848321015015,right_blink
1761185190.7427976,-1556.8380737546831,-1071.473857505247,142.8828778071329,324.1558286594227,right_blink
1761185190.7564127,-1509.5470388149843,-1019.2424147240818,179.53763727284968,384.64497054275125,right_blink
1761185190.7564127,-1504.0456459801644,-1014.945269674994,164.39104245230556,362.56086130440235,right_blink
1761185190.7721407,-1563.3305400777608,-1082.809494270943,108.50945731438696,300.12697144411504,right_blink
1761185190.7721407,-1488.046353969723,-1012.7611681008711,125.14079241733998,337.10710220597684,right_blink
1761185190.772818,-1494.6584970913827,-1024.5081938616931,175.0460174260661,312.8089721938595,right_blink
1761185190.772818,-1537.6598667819053,-1049.4907255657017,152.4757211934775,293.08473982755095,right_blink
1761185190.7864697,-1531.8331026509404,-1038.7272934932262,108.96198520902544,308.0331199504435,right_blink
1761185190.7864697,-1487.612525574863,-997.1022069863975,157.2553133368492,331.2691183751449,right_blink
1761185190.8021636,-1514.0536182615906,-1047.7105331867933,148.9938743347302,282.2502496559173,right_blink
1761185190.8021636,-1539.4811980603263,-1070.13497332111,123.7233703341335,271.77478988002986,right_blink
1761185190.802865,-1456.870547939092,-991.3240615548566,178.6026622839272,337.95979939587414,right_blink
1761185190.802865,-1509.5058999154717,-1067.2066316558048,139.82737954333425,248.80058445222676,right_blink
1761185190.816493,-1548.8608671491966,-1079.903592005372,105.09492865484208,255.6072023715824,right_blink
1761185190.816493,-1489.4637760529295,-1021.807986093685,137.0299343764782,309.7721734298393,right_blink
1761185190.832079,-1477.9411442894489,-1017.6192981433123,170.8610693756491,289.2887413725257,right_blink
1761185190.832079,-1530.8083700630814,-1084.6981437485665,142.7669409085065,238.65049597248435,right_blink
1761185190.8328743,-1520.6769810831174,-1069.1252003330737,130.11859925836325,255.15093457698822,right_blink
1761185190.8328743,-1475.9178584134206,-1029.6655159005895,168.20948030706495,283.9855632353574,right_blink
1761185190.8463693,-1508.5036067273468,-1069.2149579320103,159.50673311017454,247.4130815686658,right_blink
1761185190.8463693,-1523.1490549538285,-1080.374819399789,122.81457464490086,236.73192729521543,right_blink
1761185190.8621712,-1453.1643070830032,-997.1059468863532,174.68698703031987,327.10286982450634,right_blink
1761185190.8621712,-1494.714595590718,-1067.8947732476518,169.8587761875242,238.81131167057902,right_blink
1761185190.8628795,-1531.9153804499656,-1095.9365431154147,119.10085398890078,215.59027284570038,right_blink
1761185190.8628795,-1464.7991358451545,-1027.0737652312964,168.94250069838017,333.6738740466535,right_blink
1761185190.876376,-1480.5702939582989,-1058.8741345545277,172.671180954203,236.34671759977937,right_blink
1761185190.876376,-1516.7800053292885,-1077.648432332091,164.9632471455261,245.77126548811793,right_blink
1761185190.8921485,-1512.819451276213,-1071.5075166048482,146.95188895892352,259.7547514224425,right_blink
1761185190.8921485,-1466.362414026633,-1016.7703408533707,191.26596353389323,278.9553977949545,right_blink
1761185190.8929033,-1483.2555421264842,-1049.8347963616252,177.9406999917701,263.03838358353823,right_blink
1761185190.8929033,-1518.2535259118304,-1081.4893095865846,125.14453231729567,228.885617188178,right_blink
1761185190.906405,-1446.8550958577543,-1019.8333189170808,185.09512860700488,312.13579020183533,right_blink
1761185190.906405,-1491.0644532339647,-1068.6502330387011,185.95156569685787,226.15549022052437,right_blink
1761185190.9220924,-1510.081844508648,-1090.2855542823672,149.94754882343113,216.6262251334265,right_blink
1761185190.9220924,-1465.9659846313298,-1031.6962815765291,191.25100393407047,297.2921272777021,right_blink
1761185190.922904,-1471.7216906631365,-1053.9187671132386,209.93554411269724,238.90854906942695,right_blink
1761185190.922904,-1492.9867618111894,-1078.2355966251343,173.0115118501708,238.10447057895362,right_blink
1761185190.9364831,-1492.810986513272,-1058.761937555857,149.5137204285711,249.73555944114923,right_blink
1761185190.9364831,-1446.522244761698,-1016.4599291570485,224.49871454015374,288.4996224818751,right_blink
1761185190.9521308,-1491.520721028559,-1058.7469779560342,201.56190811190754,246.6314424779266,right_blink
1761185190.9521308,-1505.8295782590285,-1070.6323800152168,158.99062691628933,231.94485535193235,right_blink
1761185190.9528947,-1432.9015291230753,-991.0473089581355,232.5581989446655,324.5896570542827,right_blink
1761185190.9528947,-1495.0511865867302,-1058.0289171645418,213.7352824676782,227.12412430904806,right_blink
1761185190.966584,-1522.69652705919,-1089.9115642867982,167.20344721898437,203.65999198704958,right_blink
1761185190.966584,-1464.4999438486993,-1031.153996082954,190.34220824483782,263.7227852754295,right_blink
1761185190.982129,-1459.1631066119298,-1021.8940037926659,224.65205043833703,262.98976488411427,right_blink
1761185190.982129,-1521.4885393735021,-1107.1038843831047,169.14819519594312,182.72777193505317,right_blink
1761185190.9828901,-1493.1438376093283,-1075.8345808535814,175.0460174260661,224.592212039046,right_blink
1761185190.9828901,-1431.9141955347732,-980.6391673814505,231.33899155911058,299.259314654395,right_blink
1761185190.9964657,-1512.2061076834798,-1096.2843538112938,194.53089619521052,177.8958211923018,right_blink
1761185190.9964657,-1516.3012981349602,-1075.8682399531826,173.8941282397136,210.51522860582918,right_blink
1761185191.012133,-1466.8710404206067,-1019.5677860202268,200.14074612874538,252.79479760490358,right_blink
1761185191.012133,-1479.6689780689776,-1053.7766509149224,229.68595577869564,221.1814232794568,right_blink
1761185191.0127738,-1511.4992665918544,-1088.3295866055414,176.09692931361496,198.577467947267,right_blink
1761185191.0127738,-1455.4306864561513,-1022.7803600821644,206.53597505297512,266.6062481412664,right_blink
1761185191.0263803,-1464.9711712431163,-1040.0025993781164,234.79091921821237,247.98528626188636,right_blink
1761185191.0263803,-1521.8700091689825,-1108.9775742609054,183.21395892929286,172.0129585620016,right_blink
1761185191.0419977,-1461.429485985078,-1040.1222761766985,212.18696388602257,269.32515540905297,right_blink
1761185191.0419977,-1472.2527564568445,-1043.8883554320782,222.5464867632836,225.16441673226655,right_blink
1761185191.0429733,-1479.8410134669393,-1060.3401753371581,217.1011924277991,227.16152330860496,right_blink
1761185191.0429733,-1523.878335445188,-1100.38328416273,163.61314326152205,183.10924173053354,right_blink
1761185191.056372,-1447.5768965492025,-1009.3653389411047,239.64156946074218,268.6519734170288,right_blink
1761185191.056372,-1470.3491473793983,-1048.2415989805013,254.8218233808875,225.59450522717088,right_blink
1761185191.0721185,-1520.4002284863964,-1112.7025146167725,194.37756029702723,172.3794687576592,right_blink
1761185191.0721185,-1460.2514174990356,-1034.1384362475947,216.13255833927542,261.8266559978947,right_blink
1761185191.0728304,-1479.1678314749151,-1050.055450459011,229.3643243825063,219.75652139633894,right_blink
1761185191.0728304,-1503.593118085526,-1079.4248848110437,222.65120396204293,200.08090772945434,right_blink
1761185191.1027496,-1489.9462231472135,-1057.785823667422,208.2488492326811,222.05655986908823,right_blink
1761185191.1027496,-1451.4813521029428,-1026.344484739937,247.86934936325997,252.12909541279078,right_blink
1761185191.1035926,-1499.2772735366598,-1085.462953289505,228.06096924794838,182.38557108910754,right_blink
1761185191.1042185,-1506.6747956490144,-1094.4387131831609,203.97975343326107,185.87115784781054,right_blink
1761185191.1042185,-1457.15852023568,-1026.7128648855723,253.08089995151386,246.08728703437373,right_blink
1761185191.1171377,-1501.940082305111,-1064.635450436268,243.1664251689799,191.32019208325073,right_blink
1761185191.1171377,-1519.5811903961003,-1087.5647770646028,198.93836829299107,186.78743333695456,right_blink
1761185191.1179945,-1476.7256768038496,-1043.9500637813471,220.64848753577098,225.47295847861096,right_blink
1761185191.1179945,-1460.2327179992571,-1019.782830267679,278.5907575492747,254.60303923347965,right_blink
1761185191.1314013,-1531.6274081533775,-1110.9204522878863,216.24288538796827,162.90069231996313,right_blink
1761185191.1314013,-1506.9627679456025,-1074.0525185246952,218.25121166417375,208.04876458505169,right_blink
1761185191.1471255,-1457.9027603268623,-1030.0525955460034,269.94410885171965,244.97653674753383,right_blink
1761185191.1471255,-1511.9405747866258,-1091.1363815222867,242.88219277234748,183.98250837018713,right_blink
1761185191.147779,-1501.44641551096,-1102.1616065916605,201.04767186800018,193.34347795927897,right_blink
1761185191.147779,-1460.6029680948704,-1030.4490249413066,260.23906846670434,253.0285413521342,right_blink
1761185191.1614454,-1472.5182893536985,-1065.6788825239055,264.12482452066615,203.53096543857828,right_blink
1761185191.1614454,-1526.8141569104046,-1093.6084553929977,217.32371647516266,200.90181576972827,right_blink
1761185191.1770473,-1482.9264309303835,-1055.360498546157,236.80485534435138,235.241577162873,right_blink
1761185191.1770473,-1478.4048918839544,-1060.2522876881994,270.2507806480862,221.9424929204397,right_blink
1761185191.1778061,-1515.1755882482976,-1091.5103715178557,257.08633280405775,201.39922246383503,right_blink
1761185191.1778061,-1489.4862154526636,-1056.6208448312245,237.82584803225473,234.93116546655074,right_blink
1761185191.1913757,-1472.970817248337,-1052.9108640751801,272.86497071711347,244.29961485555395,right_blink
1761185191.1913757,-1507.1909018428996,-1090.264984832611,260.7327352608554,208.1871408834122,right_blink
1761185191.20706,-1507.4302554400638,-1077.5605446831323,232.55258909473196,238.1699188281782,right_blink
1761185191.20706,-1465.674272434786,-1036.9040922648273,281.09275061963126,260.3550053653307,right_blink
1761185191.2078369,-1478.5582277821377,-1054.26470785914,292.6677409824915,229.96083842543885,right_blink
1761185191.2078369,-1540.027223453857,-1121.7512025595643,242.8335740729235,197.36387041164562,right_blink
1761185191.2214108,-1482.1335721397772,-1061.594911772292,260.0371138690971,271.30917233554646,right_blink
1761185191.2214108,-1476.961290501058,-1046.280021453742,306.9354593134485,267.5804920797236,right_blink
1761185191.2371008,-1535.6216213060543,-1122.62259924924,242.81113467318937,192.85729096503928,right_blink
1761185191.2371008,-1497.1081315623596,-1083.3237305148505,245.27572874398902,242.44462447753176,right_blink
1761185191.2378345,-1451.1185818072408,-1033.915912200231,302.07732927100733,291.95715999091044,right_blink
1761185191.2378345,-1527.917427397333,-1118.8639997937717,280.5616848259233,200.2959519769065,right_blink
1761185191.2514167,-1533.5048379311338,-1122.0765738557093,238.06520162941888,202.32297775289044,right_blink
1761185191.2514167,-1461.4968041842803,-1038.8114412422292,293.88320846809074,294.4479333613999,right_blink
1761185191.2671049,-1499.804599430412,-1099.5661160224117,292.84725618036464,232.29827589774504,right_blink
1761185191.2671049,-1546.9048994723707,-1134.0741729135625,236.93575184280053,196.60841062059626,right_blink
1761185191.2678514,-1485.2264694031328,-1054.7321953536011,268.119037673343,268.3995301700197,right_blink
1761185191.2678514,-1489.8826448479667,-1070.0807447717525,305.61901452904567,242.1716117807664,right_blink
1761185191.281458,-1529.3946878798306,-1117.8392672059126,278.9572677449323,208.9687799741514,right_blink
1761185191.281458,-1513.2944185705855,-1076.8574434914626,268.69124236656353,239.31058831466362,right_blink
1761185191.29714,-1469.810601785779,-1057.230448524002,306.03414342412725,273.06318541476503,right_blink
1761185191.29714,-1510.455834504217,-1104.6972587616183,272.17308922531083,198.73641369538382,right_blink
1761185191.2978485,-1532.3342492450029,-1112.3902329704724,248.1367522100918,208.23575958283618,right_blink
1761185191.2978485,-1476.6321793049574,-1052.4695558804087,307.51514380658045,257.0564136044122,right_blink
1761185191.3114505,-1502.9087163936347,-1094.0909024872817,308.8689875905402,213.38560182182118,right_blink
1761185191.3114505,-1546.2092780806124,-1123.116266043391,253.51846824632958,190.4039165941067,right_blink
1761185191.3270612,-1488.6783970622346,-1062.417689762544,280.90949552180246,249.74490919103846,right_blink
1761185191.3270612,-1477.1482854988426,-1049.8030072120018,320.2495031557046,255.37719852430746,right_blink
1761185191.3277793,-1546.3027755795047,-1140.5142806372605,267.322438982781,172.60199280502275,right_blink
1761185191.3277793,-1504.8796436702833,-1076.2777589983307,278.1905882540159,262.6999226375483,right_blink
1761185191.3414476,-1486.9430834827945,-1065.8322184220888,317.2501033912413,259.82019967166707,right_blink
1761185191.3414476,-1533.1009287359193,-1123.95026373351,290.2031469116919,183.3242859779857,right_blink
1761185191.3571255,-1521.0285316789523,-1078.1215296764858,281.3021850171499,246.68193112732843,right_blink
1761185191.3571255,-1487.5601669754833,-1065.7499406230636,306.15008032275364,258.93384338216856,right_blink
1761185191.357865,-1515.9871465386823,-1098.7508178320713,314.2432238268666,212.53664453187957,right_blink
1761185191.357865,-1541.1043146410957,-1120.1430455786176,269.360684458632,190.56847219215706,right_blink
1761185191.3713758,-1494.3817444946617,-1068.1434765947051,306.8045628149994,246.9474640241824,right_blink
1761185191.3713758,-1497.1567502617836,-1077.7961583803408,321.0311422464438,230.91825281409547,right_blink
1761185191.387135,-1556.0152957644314,-1134.732395305764,267.8871638760902,170.14487853413448,right_blink
1761185191.387135,-1498.6863693436608,-1069.6095173773356,288.127502436284,259.86133857117966,right_blink
1761185191.3878517,-1476.0412751119584,-1053.0118413739838,334.60323918564245,262.1052785445936,right_blink
1761185191.3878517,-1544.8591741966084,-1132.970902426634,297.88490142067894,183.94884927058592,right_blink
1761185191.4014788,-1521.8064308697358,-1106.1745192441158,280.890796022024,224.7885567867197,right_blink
1761185191.4014788,-1461.0816752891988,-1040.4495174228214,329.11306605068967,283.0113192969002,right_blink
1761185191.4170644,-1510.0706248087808,-1107.969671222847,312.4181526484899,211.83728324016556,right_blink
1761185191.4170644,-1567.597765927203,-1138.700429158751,274.20011500129476,185.250334455166,right_blink
1761185191.4178336,-1493.618804903701,-1058.689009506721,315.36519381357357,273.2240011128597,right_blink
1761185191.4178336,-1493.7721408018842,-1079.1986208637245,335.83366627106443,236.0606152531691,right_blink
1761185191.431378,-1547.2302707685158,-1135.7309485939331,283.72564018843696,180.2500882144086,right_blink
1761185191.431378,-1510.6989280013368,-1086.5213449769653,297.5632700244896,238.49155022436753,right_blink
1761185191.4471376,-1483.04236782901,-1069.3477243804373,347.6592299309559,258.036267392803,right_blink
1761185191.4471376,-1541.7176582338288,-1138.2142421645112,311.80854895571247,177.22450915025547,right_blink
1761185191.4478571,-1518.6050765076652,-1106.051102545578,301.07129618292674,232.4216925962828,right_blink
1761185191.4478571,-1472.0433220593259,-1067.2832996048965,321.73798333806917,261.0356671572663,right_blink
1761185191.4614637,-1521.9298475682735,-1101.7240382968448,333.78046119539067,227.03997656004503,right_blink
1761185191.4614637,-1538.146053776145,-1114.3649001470767,295.5998225477524,207.0763905965723,right_blink
1761185191.4770985,-1494.052633298561,-1071.4906870550476,318.9405381712131,259.24051517853513,right_blink
1761185191.4770985,-1483.607092722319,-1069.459921379108,345.6957824542187,245.3991454425268,right_blink
1761185191.477811,-1543.019143418409,-1136.9725953792222,301.116174982395,190.23936099605635,right_blink
1761185191.477811,-1512.2584662828594,-1091.3645154195838,315.9486182066612,236.9843705422245,right_blink
1761185191.49142,-1457.2295783348382,-1037.8914258531295,364.95252732606605,277.1471561663784,right_blink
1761185191.49142,-1534.4173735203221,-1136.5013679848053,315.51478981180117,162.33596742665395,right_blink
1761185191.5070343,-1520.4675466855988,-1104.050256069284,310.0470560765825,231.52037670696154,right_blink
1761185191.5070343,-1473.6776583399624,-1064.6429302361794,352.68191557144746,257.3593455008231,right_blink
1761185191.5080967,-1517.4644070211798,-1104.3008293663152,336.3310729651712,203.5608846382238,right_blink
1761185191.5080967,-1546.2952957795933,-1119.4324645870365,304.8261557384394,204.06951103219762,right_blink
1761185191.521459,-1513.096203872934,-1086.5475242766552,308.37158089643344,230.28994962153956,right_blink
1761185191.521459,-1476.6097399052233,-1068.349171092268,365.7079871171154,244.40807195426896,right_blink
1761185191.537155,-1545.479997589253,-1129.5077550676651,320.3280410547741,185.43358955299482,right_blink
1761185191.537155,-1509.3974428167567,-1093.6570740924217,320.9039856479503,228.7977295392193,right_blink
1761185191.5378826,-1486.4568964885548,-1057.1070318254642,368.83454348007217,255.9194840178825,right_blink
1761185191.5378826,-1536.119028000161,-1121.4258312634192,334.08339309180155,178.83640603115782,right_blink
1761185191.551332,-1538.785576668568,-1120.6516719725914,290.40136160934344,202.25191965373233,right_blink
1761185191.551332,-1485.5518406992778,-1072.0741114481352,345.4003303577192,251.56624046945944,right_blink
1761185191.5671654,-1517.9655536152422,-1104.7870163605548,352.75297367060557,192.05321247456595,right_blink
1761185191.5671654,-1549.8669002372772,-1135.9067238918506,315.9934970061295,184.0647861692123,right_blink
1761185191.5678384,-1485.742575597018,-1057.6193981193937,359.0808843956329,271.6943820309825,right_blink
1761185191.5678384,-1481.9877160415053,-1074.8191980156116,367.9332275907509,231.20996501063928,right_blink
1761185191.5814087,-1551.8378275139257,-1144.52345338976,315.0136432177387,158.2407769751735,right_blink
1761185191.5814087,-1510.5007133036852,-1088.22673935676,316.8274946962483,240.0548284058459,right_blink
1761185191.597025,-1488.2969272667542,-1064.7177282352932,361.1864480706863,263.04399343347177,right_blink
1761185191.597025,-1531.9041607500985,-1117.5512949093245,343.0666327853687,193.56039215670899,right_blink
1761185191.5977468,-1535.7113789049909,-1122.6973972483538,305.5442165299319,193.3322582594119,right_blink
1761185191.5977468,-1497.0894320625812,-1058.9395828037523,355.7486335351132,245.48890304146335,right_blink
1761185191.6113417,-1494.9950880873948,-1098.0701560401358,361.0705111720599,223.06820280710235,right_blink
1761185191.6113417,-1535.6178814060986,-1115.6738651315682,312.6388067458756,195.57245833287016,right_blink
1761185191.6271443,-1492.01438782271,-1069.4449617792852,348.1828159247525,258.04748709267005,right_blink
1761185191.6271443,-1491.917150423862,-1089.6553811398335,360.7787989755161,215.8950746920891,right_blink
1761185191.6277888,-1539.290463162586,-1129.0066084736027,348.17159622488543,196.64580962015316,right_blink
1761185191.6277888,-1485.1741108037531,-1060.2186285885982,353.09704446652904,265.93867599917576,right_blink
1761185191.6414528,-1475.8468003142625,-1055.5886324434541,373.81235032109544,243.96302385954186,right_blink
1761185191.6414528,-1531.0926024597138,-1129.4553964682855,346.3951437459327,186.05441294563934,right_blink
1761185191.6727872,-1527.9884854964912,-1114.2975819478743,325.45544389402494,219.61627514800057,right_blink
1761185191.6727872,-1463.213418263942,-1039.4023454352282,382.43655961891636,288.127502436284,right_blink
1761185191.6735325,-1501.6521100085229,-1084.8234303970821,380.92937993677333,235.63052675826475,right_blink
1761185191.6735325,-1523.8072773460299,-1124.069940532092,335.175443878863,208.44519398035482,right_blink
1761185191.6742885,-1490.301513643004,-1069.7815527752973,357.4502880149521,261.82852594787255,right_blink
1761185191.6742885,-1506.2970657534897,-1096.6976127563976,395.63092666259035,223.85732169775292,right_blink
1761185191.687121,-1545.70813148655,-1131.003715049941,351.3056323877536,190.41139639401808,right_blink
1761185191.687121,-1507.6284701377153,-1083.8136574090458,342.6253245905973,247.40373181877658,right_blink
1761185191.6879852,-1464.720597946085,-1037.7343500549905,397.37372004194185,285.3824158688076,right_blink
1761185191.6879852,-1556.0414750641212,-1150.0809447239153,345.53496675612405,154.2802229220979,right_blink
1761185191.7014112,-1530.3633219683543,-1120.2851617769338,342.5916654909961,202.79794504726306,right_blink
1761185191.7014112,-1447.6741339480504,-1032.9547579116188,396.67061885027215,309.9535585776903,right_blink
1761185191.7170544,-1529.4358267793432,-1132.043407237623,358.43014180334285,180.8447323073633,right_blink
1761185191.7170544,-1553.5619213934988,-1146.213888169732,314.5685951230116,170.5787069289945,right_blink
1761185191.7179048,-1468.0678084064275,-1052.8959044753574,388.33812174899504,265.7778603010811,right_blink
1761185191.7179048,-1489.9724024469033,-1077.1678551877849,404.0344818630256,201.42540176352486,right_blink
1761185191.731582,-1567.3995512295514,-1161.7082936861552,326.1361056859605,177.82663304312155,right_blink
1761185191.731582,-1498.9406825406477,-1098.9939113291912,375.8244164972566,229.28765643341467,right_blink
1761185191.7470922,-1453.8935875743628,-1055.0874858493917,434.9335352969356,185.35505165392533,right_blink
1761185191.7470922,-1524.8619291335344,-1137.7766738696955,397.0184295461513,141.7104191710241,right_blink
1761185191.7478645,-1536.818389291875,-1139.5905253482051,330.82220033043995,184.8052863604389,right_blink
1761185191.7478645,-1472.2751958565786,-1085.2161198924296,389.40773313632235,221.6806999235414,right_blink
1761185191.7614524,-1467.2076314166188,-1093.3616219959222,448.7412459333427,55.04197759786621,right_blink
1761185191.7614524,-1507.8192050354555,-1130.4427300565876,391.5432160110213,257.07885300414637,right_blink
1761185191.7770927,-1443.4517868980765,-1089.3786285431124,498.85964523954317,-12.489395902026445,right_blink
1761185191.7770927,-1486.9543031826615,-1130.065000161063,373.8946281201206,296.5310576367192,right_blink
1761185191.7778947,-1500.0776121271774,-1149.4302021316253,430.176382553298,55.82735658856109,right_blink
1761185191.7778947,-1412.6462309630588,-1103.507970575709,559.5096028209664,-134.80282395286486,right_blink
1761185191.7914088,-1471.789008862339,-1080.2944115507416,383.984878200572,-595.7997220410034,right_blink
1761185191.7914088,-1531.1449610590935,-1180.2731570662,339.09485903242603,-780.0496332580224,right_blink
1761185191.8071148,-1489.7068695500493,-1133.6179051189683,401.4651705934666,-779.3053931668401,right_blink
1761185191.8071148,-1396.8526334501803,-1071.617843653541,521.4486409719102,-731.2962974356487,right_blink
1761185191.807802,-1489.1346648568287,-1170.0482705873437,478.4996298807673,-759.9065320966765,right_blink
1761185191.807802,-1524.4542800383642,-1191.294642235618,485.3623462994583,-975.3808680437505,right_blink
1761185191.8213677,-1448.2986972406507,-1110.5651617920958,627.4860244155861,-784.8329653013498,right_blink
1761185191.8213677,-1476.2955883089453,-1152.762452992145,679.2499797022901,-783.7035155147314,right_blink
1761185191.8370981,-1547.0619752705097,-1231.0011600651778,647.8572594742291,-791.7443004194647,right_blink
1761185191.8370981,-1523.3285701517016,-1210.338212809991,691.1466014613397,-748.4474786324427,right_blink
1761185191.8378055,-1471.6244532642886,-1179.8804675708525,824.4441156820394,-865.4614684460685,right_blink
1761185191.8378055,-1557.4027986479923,-1272.607547072228,836.4566743397154,-783.4828614173457,right_blink
1761185191.851564,-1566.0457074455917,-1261.6982589014806,827.4659548462369,-807.0143119385466,right_blink
1761185191.851564,-1523.8371965456754,-1226.5282397181727,878.2537962445058,-742.762830699794,right_blink
1761185191.867096,-1540.0833219531924,-1253.1750269024633,939.1393675231375,-883.2970513347536,right_blink
1761185191.867096,-1604.8845684854314,-1303.880590501707,894.3652852536179,-775.8871246073395,right_blink
1761185191.8678048,-1558.7716020317748,-1263.115680984687,955.9427380240522,-784.1597833093256,right_blink
1761185191.8678048,-1547.118073769845,-1269.0396825144999,1020.1456005633809,-803.1921341838315,right_blink
1761185191.8815756,-1606.313210268505,-1333.5118178506382,957.0385287110694,-860.7342349020764,right_blink
1761185191.8815756,-1577.9311095047742,-1290.7759810569696,979.2086556483991,-839.4205450545996,right_blink
1761185191.8971004,-1567.646384626627,-1276.504522826057,1030.5948810395785,-747.3554278453812,right_blink
1761185191.8971004,-1631.2733025727794,-1341.0215369616635,933.4472397905774,-817.1868398180231,right_blink
1761185191.8978677,-1609.0283776363358,-1304.9726412887685,907.9186826930381,-796.0190060688183,right_blink
1761185191.8978677,-1554.1939644860104,-1244.0683705103584,957.9922031997703,-710.8764436775818,right_blink
1761185191.9113822,-1579.550486185588,-1290.8245997563936,976.1905563841574,-848.8637924427167,right_blink
1761185191.9113822,-1624.1450532572344,-1343.0485627376474,899.6983825904317,-792.7877325071022,right_blink
1761185191.9270885,-1571.7415750781074,-1261.0998749085702,936.5924956533127,-759.6447390997782,right_blink
1761185191.9270885,-1580.2648070771247,-1279.3281472926028,948.39561991347,-721.0938503565267,right_blink
1761185191.927838,-1633.3227677484974,-1333.3734415522777,842.0179055738263,-756.8098949333653,right_blink
1761185191.927838,-1592.4232218330726,-1281.0597209720872,837.836697423365,-761.0060626836494,right_blink
1761185191.9414048,-1557.2831218494102,-1264.9557117628865,880.4378978186287,-729.4450469575822,right_blink
1761185191.9414048,-1585.1902553187683,-1303.8431915021501,842.9416608628817,-800.2413531187922,right_blink
1761185191.9571176,-1589.741713564843,-1285.476542819757,775.7057394594885,-761.3650930793956,right_blink
1761185191.9571176,-1554.6539721805602,-1232.8561504432,829.2087482255884,-697.4689023364335,right_blink
1761185191.9578028,-1580.358304576017,-1262.356481293682,789.4349121968262,-705.6443236395717,right_blink
1761185191.9578028,-1640.8511863593012,-1339.869647775311,706.315635681618,-784.6684097032994,right_blink
1761185191.9714751,-1525.048924131319,-1196.6202597725205,792.8270014566369,-645.6376288505271,right_blink
1761185191.9714751,-1579.1428370904177,-1264.5705020674504,795.5683481241576,-744.9244928741828,right_blink
1761185191.9870605,-1594.3193511106074,-1283.1578048472293,765.5145120802335,-798.4985597394407,right_blink
1761185191.9870605,-1578.4958343980834,-1259.8657079231925,710.4070862331428,-664.2922498295084,right_blink
1761185191.9877915,-1545.479997589253,-1223.461521754507,765.9333808752708,-726.1389753967524,right_blink
1761185191.9877915,-1583.746653935872,-1286.1198056121357,707.2506106705405,-732.4594063218683,right_blink
1761185192.0014355,-1599.7347262464464,-1289.1266851765104,619.744431507308,-721.9203682467341,right_blink
1761185192.0014355,-1523.683860647492,-1200.4424375272356,686.0752971214242,-626.6052779760212,right_blink
1761185192.0170343,-1586.9854072974995,-1277.5142958140932,648.3621459682472,-751.0429692016914,right_blink
1761185192.0170343,-1593.8743030158803,-1266.952818339225,625.1186677436344,-709.5300796935335,right_blink
1761185192.0177677,-1528.5232911901549,-1218.84274530923,655.4417765843682,-666.9961974974722,right_blink
1761185192.0177677,-1563.293141078204,-1247.5689168688841,672.3723036837764,-742.1906260065734,right_blink
1761185192.0313444,-1591.9482545387,-1267.9663312272169,606.5351048638113,-687.0084021603689,right_blink
1761185192.0313444,-1549.133879845962,-1226.73019431578,545.7692103837617,-658.6936195958406,right_blink
1761185192.0470176,-1516.679028030485,-1207.3762120450847,611.4268940058537,-663.742484536022,right_blink
1761185192.0470176,-1583.8999898340553,-1278.348293504212,526.6994605096988,-689.6076326295733,right_blink
1761185192.047852,-1568.491602016613,-1235.474080412183,516.1940815341659,-666.6184676019475,right_blink
1761185192.047852,-1517.0829372256994,-1173.3954810476862,531.4715728531592,-636.4898335589096,right_blink
1761185192.0615306,-1555.0092626763508,-1231.9136956543662,527.8737890957855,-664.669979725033,right_blink
1761185192.0615306,-1591.5443453434855,-1262.0161503977142,483.04360832693055,-705.423669542186,right_blink
1761185192.0770948,-1530.5054381666705,-1181.7167584490962,491.78375452337787,-660.0100643802434,right_blink
1761185192.0770948,-1534.1518406234682,-1203.7485090880655,505.7709803576581,-624.8363052969798,right_blink
1761185192.0778563,-1580.2348878774792,-1246.8919949769042,439.02498584846035,-677.6997911706567,right_blink
1761185192.0778563,-1529.8621753742918,-1203.2174432943575,439.7430466399528,-641.4751201998442,right_blink
1761185192.0921416,-1515.979666738771,-1184.8620143118314,481.3905725465156,-630.0011071357876,right_blink
1761185192.0921416,-1567.2873542308807,-1232.145569451619,425.68476270651445,-670.074135161005,right_blink
1761185192.0929968,-1559.2484392761253,-1219.1849461551756,409.66490124631673,304.1305343466811,right_blink
1761185192.1063342,-1501.2313712635078,-1150.4642844693735,457.988148573786,410.05198089173064,right_blink
1761185192.1063342,-1534.5426601688378,-1216.574495986104,455.3739585047588,292.4470868851058,right_blink
1761185192.1221538,-1573.628354605753,-1244.9378972500563,401.7400532402098,303.4910114542581,right_blink
1761185192.1221538,-1511.3926794431172,-1184.0672855712473,444.92841792851686,377.51111137727275,right_blink
1761185192.1228247,-1521.5128487232141,-1201.5026991646737,419.90100742504,322.26530923182145,right_blink
1761185192.1228247,-1555.4823600207455,-1221.8776741232723,352.6538663217798,332.703370008152,right_blink
1761185192.1365557,-1540.582598597277,-1183.008893883787,361.2182372203097,377.43257347820327,right_blink
1761185192.1365557,-1496.8556883153506,-1151.2758427597582,410.6036161351949,393.1700724917464,right_blink
1761185192.1521456,-1559.0165654788725,-1232.0876010023057,371.8058939948678,302.2456247690134,right_blink
1761185192.1521456,-1525.7875543725677,-1193.2300404626876,363.05078819859773,341.55571320327,right_blink
1761185192.1528468,-1497.525130407419,-1137.542930122465,395.4794607143849,412.41185776377097,right_blink
1761185192.1528468,-1541.3679775879718,-1202.620929251425,376.7388220364228,356.8219848223962,right_blink
1761185192.1664777,-1569.5182045544498,-1231.2910023117438,330.6669944822788,320.29812185512856,right_blink
1761185192.1664777,-1519.2315097502433,-1144.0840151449665,332.8697955561802,388.5400763466023,right_blink
1761185192.182142,-1496.8594282153063,-1149.2675164835528,350.52586324699223,389.1982987388037,right_blink
1761185192.182142,-1566.7992972866632,-1208.3354963837191,296.7722811838612,337.7335354485549,right_blink
1761185192.182897,-1533.031740586739,-1180.357304815203,301.12178483232856,361.01815257268026,right_blink
1761185192.182897,-1477.6326025431044,-1118.1328493524343,369.4347974229604,419.7383217769675,right_blink
1761185192.1964104,-1557.550524696242,-1216.0658695921302,286.0238087112084,325.56016109278426,right_blink
1761185192.1964104,-1545.672602436971,-1186.6665160404518,280.7206305740401,313.7532969326712,right_blink
1761185192.2121623,-1503.048962641973,-1115.2568662865087,327.8134508160874,431.87429713318124,right_blink
1761185192.2121623,-1539.6738029080443,-1171.7106561176479,304.7681872891262,346.7092953422107,right_blink
1761185192.2128322,-1549.6368963900022,-1182.2571739926934,268.2293647220358,350.9952206914313,right_blink
1761185192.2128322,-1517.6270926692523,-1143.2799366544932,280.4363981774077,391.62923371000215,right_blink
1761185192.2263923,-1507.933271984104,-1144.113934344612,314.46200797427446,383.43885280704126,right_blink
1761185192.2263923,-1572.2184123224579,-1207.879228589125,260.3082566158846,324.74486290244386,right_blink
1761185192.2421124,-1517.8664462664165,-1155.9843768039718,275.2005382394418,398.22641723183915,right_blink
1761185192.2421124,-1504.870293920394,-1135.8337958427146,292.8005074309185,403.4697569697164,right_blink
1761185192.242908,-1567.6407747766934,-1184.0411062715575,241.10013044346124,316.78635579673573,right_blink
1761185192.242908,-1548.1409364077263,-1161.6166661372408,214.2513886615634,374.44065351365134,right_blink
1761185192.2563987,-1502.809609044809,-1121.0013526184484,274.0860480526462,421.6643702541478,right_blink
1761185192.2563987,-1517.8028679671697,-1146.0736419213936,266.47909154277295,369.95651346677914,right_blink
1761185192.2720938,-1567.4462999789976,-1181.0753656066954,224.6258711386472,327.93873746460304,right_blink
1761185192.2720938,-1518.173118062783,-1122.1008832054213,265.83956865035,385.25270428555086,right_blink
1761185192.2728076,-1514.6912712040357,-1121.296804714948,296.630164985545,360.28139228140935,right_blink
1761185192.2728076,-1548.264353106264,-1163.2248231181875,240.62142324913293,334.5172214866616,right_blink
1761185192.286435,-1529.81168672489,-1129.606862416491,228.01796039845794,375.36066890275106,right_blink
1761185192.286435,-1510.382906455081,-1100.8956504566595,252.61528240703046,400.48157690512016,right_blink
1761185192.3020916,-1547.0301861208864,-1147.285369507037,243.852696810849,335.04454738041386,right_blink
1761185192.3020916,-1539.0417598155327,-1153.871333329007,221.60777187440544,332.59491290943697,right_blink
1761185192.3028023,-1489.5741031016223,-1076.0776743507013,273.7531969565898,415.60573232593015,right_blink
1761185192.3028023,-1558.7959113814868,-1155.9619374042377,234.25237362459302,324.15021880948916,right_blink
1761185192.3164475,-1552.8307709521614,-1150.4268854698166,199.29552873875946,326.89156547700986,right_blink
1761185192.3164475,-1516.7968348790891,-1103.4612218262628,237.35275068785995,373.8983680200763,right_blink
1761185192.3321397,-1512.312694832217,-1104.1867624176666,269.5719888061285,365.8201841157861,right_blink
1761185192.3321397,-1543.802652459126,-1160.7265699477866,237.68186188396066,324.59526690421626,right_blink
1761185192.3328998,-1522.2346494146623,-1099.369771274738,243.8975756103173,366.32881050975993,right_blink
1761185192.3328998,-1498.0823755008169,-1081.8782591819763,280.85526697244495,365.99595941370353,right_blink
1761185192.3464644,-1545.8782969345339,-1149.7686630776152,224.75302773714066,308.8315885909833,right_blink
1761185192.3464644,-1558.358343086671,-1132.4566661827266,228.1451169969514,337.82329304749146,right_blink
1761185192.3622336,-1501.422106161248,-1086.3063007295132,272.6387067697942,365.640668917913,right_blink
1761185192.3622336,-1528.401744441595,-1128.593349528499,270.4620849955827,326.756929078605,right_blink
1761185192.3628924,-1561.5335181490518,-1147.2928493069485,215.6201920453459,317.9756439826451,right_blink
1761185192.3628924,-1499.5184970838018,-1086.2389825303108,247.95910696219653,380.29733684426174,right_blink
1761185192.3764873,-1489.2487318054773,-1092.0994057608768,283.9145051361993,359.0472252960317,right_blink
1761185192.3764873,-1573.8677082029171,-1168.4980820557103,234.50294692162424,277.0050399680622,right_blink
1761185192.3921006,-1517.4475774713792,-1095.7345885178074,260.07264291867614,362.77216565189883,right_blink
1761185192.3921006,-1486.6607210361399,-1095.0614065257832,296.79472058359534,370.1958670639433,right_blink
1761185192.3928201,-1551.9705939623527,-1162.7423760239035,250.27784493472427,286.13413575990126,right_blink
1761185192.3928201,-1527.2498552552424,-1116.9884399659932,233.97562102787197,328.2192299612798,right_blink
1761185192.4064496,-1481.761452094186,-1079.035935215652,271.55787568259984,355.39708293927833,right_blink
1761185192.4064496,-1524.878758683335,-1114.9688939899206,263.8948206733912,307.17855281056836,right_blink
1761185192.422093,-1558.1489086891524,-1155.2326569128782,214.07935326360166,281.16380871878937,right_blink
1761185192.422093,-1495.7337183286436,-1079.5557813094929,277.78480910882354,367.8883487912826,right_blink
1761185192.4228752,-1493.9834451493807,-1103.2517874287441,289.70761016756296,315.5297494116239,right_blink
1761185192.4228752,-1557.7337797940709,-1173.34873229824,235.08263141475618,256.3159134131856,right_blink
1761185192.4364812,-1515.7908017910086,-1088.636258401908,264.76995726302266,330.5155285340734,right_blink
1761185192.4364812,-1502.5627756477334,-1090.831579675898,283.218883744441,314.56111532310024,right_blink
1761185192.4520893,-1538.9594820165075,-1137.3933341242373,284.6475255275145,293.445640173275,right_blink
1761185192.4520893,-1531.9845685991459,-1143.354734653607,244.67921470105648,268.38831047015265,right_blink
1761185192.452876,-1460.6534567442723,-1054.9285401012748,302.1801765197888,356.20864122966304,right_blink
1761185192.452876,-1529.8902246239595,-1126.9851925475523,267.77309692744166,255.68761022062972,right_blink
1761185192.4665098,-1557.2475927998312,-1157.177404889837,228.6313039911911,245.75817583827302,right_blink
1761185192.4665098,-1498.9275928908028,-1062.344761713408,276.04575562942773,323.6976909148507,right_blink
1761185192.4820848,-1499.2417444870807,-1092.821206452325,300.2466482426971,287.6375755420886,right_blink
1761185192.4820848,-1559.5102322730236,-1168.150271359831,241.80697153508663,205.65148871345446,right_blink
1761185192.4828424,-1506.2316175042652,-1099.9045769684017,274.4712577480823,289.6010230188258,right_blink
1761185192.4828424,-1491.399174279999,-1090.782960976474,308.71378174237907,294.18240046454594,right_blink
1761185192.4964488,-1529.6097321272828,-1124.1204291814938,272.21983797475696,248.3574063074775,right_blink
1761185192.4964488,-1541.824245382566,-1131.813403390348,251.47087302058935,256.2598149138503,right_blink
1761185192.512122,-1486.1371350423433,-1070.0938344215974,293.2829545252025,290.46867980854586,right_blink
1761185192.512122,-1510.1846917574294,-1106.4307023910806,290.2910345606506,249.9506036886014,right_blink
1761185192.512889,-1542.041159579996,-1134.6781667564064,250.46857983246446,225.1251477827318,right_blink
1761185192.512889,-1508.8458075732924,-1090.962476174347,285.82559401355684,277.27431276487187,right_blink
1761185192.526356,-1508.572794876527,-1087.5591672146693,317.928895233199,264.01636742195114,right_blink
1761185192.526356,-1534.153710573446,-1133.114888574928,266.4566521430388,216.3812616863288,right_blink
1761185192.5420797,-1502.7086317460053,-1090.4912487799302,269.3962135082111,276.8068252704106,right_blink
1761185192.5420797,-1466.2446071780287,-1058.0999752637,313.83370478171855,284.1071099839173,right_blink
1761185192.542773,-1518.2292165621184,-1112.287385721691,284.25857593212277,229.32505543297157,right_blink
1761185192.542773,-1531.752694801893,-1113.6711487052962,260.8617618093267,224.00691769598052,right_blink
1761185192.5564392,-1485.0488241552375,-1056.7012526802719,304.27078059501946,287.8507498395629,right_blink
1761185192.5564392,-1526.2587817669846,-1110.4323953436688,293.2492954256013,221.76297772256657,right_blink
1761185192.5720608,-1531.9621291994117,-1110.2229609461501,277.7287106094882,222.73535171104595,right_blink
1761185192.5720608,-1468.6568426494487,-1042.9907794427127,307.38611725810915,300.24851819267496,right_blink
1761185192.5728688,-1513.3411673200317,-1098.090725489892,311.05495911464095,233.4987837835215,right_blink
1761185192.5728688,-1532.9419829878025,-1113.7272472046316,287.48236969392747,205.35603661695495,right_blink
1761185192.5864797,-1512.8587202257477,-1086.2464623302221,274.48621734790504,237.26860293885693,right_blink
1761185192.5864797,-1492.0087779727764,-1069.4393519293517,309.9292492279783,264.19962251977995,right_blink
1761185192.602018,-1532.9943415871821,-1124.9207677720115,290.05168096348643,207.46534019196406,right_blink
1761185192.602018,-1534.1611903733574,-1108.7307408638299,273.9177525546402,223.6478873002343,right_blink
1761185192.6027672,-1469.5506787388586,-1056.880767878145,327.6301957182586,274.3048322000541,right_blink
1761185192.6027672,-1514.0068695121445,-1105.1740960059687,307.50579405669123,209.1969138714485,right_blink
1761185192.6164165,-1531.8200130010955,-1120.2870317269117,275.74282373301685,215.58092309581116,right_blink
1761185192.6164165,-1492.8913943623193,-1059.9474858418107,302.41579021699727,258.8889645827003,right_blink
1761185192.632094,-1514.7585894032381,-1089.3655388932675,317.02757934387773,207.5999765903689,right_blink
1761185192.632094,-1540.3320253002457,-1118.461960548535,279.78191568516195,205.47197351558134,right_blink
1761185192.6329465,-1519.2988279494457,-1089.9676627861336,272.81822196766734,223.57682920107618,right_blink
1761185192.6329465,-1460.1410904503427,-1046.9214142961428,354.9838239941746,265.1084182090126,right_blink
1761185192.6464484,-1532.175303496886,-1130.9532264005393,298.9863019576296,180.77741410816088,right_blink
1761185192.6464484,-1534.0153342750855,-1107.6274703769013,286.3230007076636,198.16794890211895,right_blink
1761185192.6622884,-1466.6298168734647,-1044.6288556233048,346.55034959409386,276.16730237798765,right_blink
1761185192.6622884,-1546.8955497224815,-1139.8392286952585,291.3531661480665,165.04365499457344,right_blink
1761185192.6628125,-1529.7219291259535,-1108.9850540608168,275.33517463784665,195.9277488286607,right_blink
1761185192.6628125,-1462.2429142254405,-1029.310225404799,339.4669790780172,289.7543589170091,right_blink
1761185192.6763768,-1519.6541184452362,-1102.8516181334853,329.2645319988951,196.89638291718438,right_blink
1761185192.6763768,-1560.3554496630095,-1148.5083167925477,281.37885296624154,153.69679852901027,right_blink
1761185192.692136,-1500.614287770819,-1065.673272673972,299.80160014797,241.93225818360224,right_blink
1761185192.692136,-1486.8738953336142,-1065.2469240790233,344.92723301332444,238.4279719251208,right_blink
1761185192.6927776,-1543.260366965551,-1139.543776598759,314.94071516860276,160.93724484322593,right_blink
1761185192.6927776,-1514.2237837095745,-1099.5193672729656,285.9864097116515,217.8996610683389,right_blink
1761185192.7065196,-1495.4083470324986,-1080.8310871943831,317.0799379432574,228.80894923908636,right_blink
1761185192.7065196,-1512.1855382337235,-1099.9793749675155,345.0618694117293,209.8252170640044,right_blink
1761185192.7221148,-1562.1132026421838,-1146.6795057142153,276.08315462898463,162.7623160216026,right_blink
1761185192.7221148,-1491.89284107415,-1070.280829419382,327.09912992455065,229.67660602880642,right_blink
1761185192.72285,-1499.4511788845994,-1079.7427763072774,362.75159620214254,219.2310654525645,right_blink
1761185192.72285,-1561.5970964482985,-1144.0092171458527,297.4080641763285,145.99634452024475,right_blink
1761185192.7364988,-1548.3167117056437,-1121.9812064068392,295.16412420291454,184.2218619673513,right_blink
1761185192.7364988,-1482.135442089755,-1047.9162276843563,356.67425877414644,224.66140018822625,right_blink
1761185192.752062,-1525.518281575758,-1121.9064084077254,327.8620695155114,152.3092956454493,right_blink
1761185192.752062,-1506.0558422063477,-1105.7350809993222,313.98704067990184,194.30463224789128,right_blink
1761185192.7528503,-1475.4447610690258,-1089.0476473970339,346.9131198897958,176.6597842569463,right_blink
1761185192.7528503,-1439.1826910986565,-1088.9765892978758,388.6391836954281,195.90156952897087,right_blink
1761185192.7665553,-1491.9489395734854,-1145.0040305340663,343.70054582785815,108.05505946977064,right_blink
1761185192.7665553,-1426.6914252466522,-1082.7085169721395,394.57814482506365,184.6295110625215,right_blink
1761185192.782066,-1452.010547946673,-1113.1475627114996,377.93185012228787,111.54812602838501,right_blink
1761185192.782066,-1478.8480700287037,-1144.5402829395607,346.77474359143525,93.58538654120639,right_blink
1761185192.7828455,-1419.1742263357155,-1100.1401906656101,368.34274663589895,144.99031143216416,right_blink
1761185192.7828455,-1380.5709789930843,-1081.436950987205,410.8541894322261,145.29324332857504,right_blink
1761185192.7964075,-1458.749847666826,-1185.8399981502444,380.90507058706135,57.43925346946344,right_blink
1761185192.7964075,-1425.8088088571094,-1135.0297173522413,376.98191553354263,95.05516722379252,right_blink
1761185192.8121572,-1400.0595976621844,-1097.53722029645,399.5896107656881,131.59024989092723,right_blink
1761185192.8121572,-1435.8803594377823,-1150.1538727730513,386.2493876237422,72.95235848566517,right_blink
1761185192.812894,-1469.4758807397448,-1177.6608369471505,328.1911807116121,32.41932276589796,right_blink
1761185192.812894,-1389.0680316924118,-1080.8011679947376,395.91702900920063,150.96667156135663,right_blink
1761185192.8264391,-1418.759097440634,-1120.7993980208412,409.2235930515453,105.11923800455406,right_blink
1761185192.8264391,-1476.4994128565304,-1175.121444877237,353.80949540808797,45.53889181045815,right_blink
1761185192.8420448,-1452.1676237448119,-1112.900729314424,355.9412383828312,116.09584437450394,right_blink
1761185192.8420448,-1406.0995360906236,-1071.750610101968,412.03599781822413,156.8308346918784,right_blink
1761185192.8428397,-1498.153433599975,-1176.594965459779,312.06099220272154,25.18261635163799,right_blink
1761185192.8428397,-1465.7621600837447,-1120.3693095259368,336.3030237155035,105.50444769999012,right_blink
1761185192.856444,-1431.0446687950753,-1078.2729956246912,383.6688566543162,147.02481700805947,right_blink
1761185192.856444,-1486.6906402357854,-1135.987131740898,356.2366904793307,84.89385904418305,right_blink
1761185192.8722403,-1486.7168195354752,-1133.4028608715162,329.4440471967682,105.47078860038891,right_blink
1761185192.8722403,-1454.7892936137505,-1096.112318413332,346.9841779889539,138.61378200771287,right_blink
1761185192.8727884,-1430.0311559070833,-1083.703330360353,385.250834335573,174.3186068846844,right_blink
1761185192.8727884,-1512.7128641274758,-1159.4624837627634,309.5216001328081,77.07372823683545,right_blink
1761185192.886366,-1462.4149496234022,-1092.7277089534327,352.2013384271413,156.48676389595494,right_blink
1761185192.886366,-1432.3536337795667,-1060.8637613309547,392.487540749833,180.0256942170672,right_blink
1761185192.902104,-1530.3240530188195,-1174.2724875872955,333.58037654776126,61.72517881868407,right_blink
1761185192.902104,-1481.641775295604,-1100.2935265637934,350.9484719419852,162.53044222434983,right_blink
1761185192.9028575,-1452.9230835358612,-1070.6622992148623,370.4333507111296,150.17381277075037,right_blink
1761185192.9028575,-1473.683268189896,-1122.0859236055985,370.9270175052807,122.10586360329762,right_blink
1761185192.916462,-1517.5896936696954,-1151.8368277531117,325.72284674085677,98.92970357788727,right_blink
1761185192.916462,-1459.5090473578312,-1085.644338437356,354.29568240232766,158.92143876710907,right_blink
1761185192.9478395,-1457.3960038828664,-1077.2445231368765,395.98808710835874,167.22027676878497,right_blink
1761185192.9478395,-1524.2467155908234,-1166.5271547790617,345.66025340463966,76.82315493980423,right_blink
1761185192.948518,-1479.9999592150562,-1107.6012910772115,364.27373548410833,149.13412058306858,right_blink
1761185192.948518,-1462.175596026238,-1078.287955224514,387.0759055139497,161.0980605413206,right_blink
1761185192.9492328,-1498.587261994835,-1123.2303329920396,363.6491721915081,116.0360059752129,right_blink
1761185192.9492328,-1481.7913712938316,-1110.5333726424724,342.92264663707465,139.24208520026878,right_blink
1761185192.962064,-1444.5831066346727,-1080.9507639929652,390.28473967593163,174.15779118658975,right_blink
1761185192.962064,-1486.4400669387542,-1135.1830532504246,379.2632545065135,120.71462081978098,right_blink
1761185192.962787,-1520.3609595368616,-1146.5186900161207,337.4623927017674,106.97048848262057,right_blink
1761185192.962787,-1460.2420677491464,-1074.9893634635955,389.267486887984,198.75137329520658,right_blink
1761185192.9764483,-1475.1979276719503,-1113.035365712829,379.63724450208247,142.90718715684488,right_blink
1761185192.9764483,-1510.0537952589802,-1161.0332417441532,352.97175781801343,106.53666008776054,right_blink
1761185192.9921353,-1476.491933056619,-1078.5721876211464,381.57825257908553,184.9623621585779,right_blink
1761185192.9921353,-1465.4779276871122,-1084.619605849497,388.8598377928138,159.93121175514534,right_blink
1761185192.9928436,-1504.279389727395,-1145.2695634309202,365.26106907241046,133.25076547125354,right_blink
1761185192.9928436,-1503.8380815326236,-1139.7307715965435,348.3567212726921,146.34041531616822,right_blink
1761185193.0064151,-1445.8247534199618,-1063.7696635965258,404.76937220431864,220.865401733201,right_blink
1761185193.0064151,-1520.8247071313672,-1149.7312640780583,374.82399325910956,123.72150038415566,right_blink
1761185193.0220888,-1545.8969964343123,-1166.5757734784856,344.70657891593874,129.1518351198174,right_blink
1761185193.0220888,-1469.932148534339,-1085.5583207383752,358.4394915532321,189.68959570256993,right_blink
1761185193.0228963,-1478.795711429324,-1111.7712795278057,394.05081893131137,172.90866460138932,right_blink
1761185193.0228963,-1540.679835996125,-1161.336173640564,344.51958391815424,106.77975358488038,right_blink
1761185193.0366392,-1488.4745725146495,-1115.518659283407,353.0652553169057,170.42163113085553,right_blink
1761185193.0366392,-1463.0843917154707,-1106.0006138961762,383.53422025591135,166.85376657312736,right_blink
1761185193.0523212,-1528.1623908444308,-1165.8689323868603,349.85642115492374,108.37295096600428,right_blink
1761185193.0523212,-1506.1306402054615,-1130.859728901647,352.4332122243941,158.7942821686156,right_blink
1761185193.0528882,-1463.8211520067416,-1103.023653531447,391.68720215931535,185.92725634714589,right_blink
1761185193.0528882,-1511.9424447366036,-1143.4818912521005,380.7442548889667,132.25595208304003,right_blink
1761185193.0663822,-1535.0512865628116,-1152.9139189403504,342.3205227442086,128.68434762535617,right_blink
1761185193.0663822,-1489.035557508003,-1100.974188355729,381.5071944799274,180.82229290762916,right_blink
1761185193.0820825,-1490.7895705872215,-1125.2087400685996,396.76972619909793,153.43500553211197,right_blink
1761185193.0820825,-1536.2443146486767,-1166.246662282385,351.2065250389278,123.00717949261889,right_blink
1761185193.0828512,-1494.8623216389678,-1111.5244461307302,354.3555208016187,168.41704475460574,right_blink
1761185193.0828512,-1470.2911789300852,-1087.9294173102826,403.004139425233,190.41139639401808,right_blink
1761185193.097041,-1528.3606055420823,-1160.517135550268,368.7616154309362,105.70640229759738,right_blink
1761185193.097041,-1525.6903169737197,-1137.0417835284024,348.15476667508483,145.59617522498593,right_blink
1761185193.0977695,-1455.9224833003245,-1073.5943807801232,402.4038854823448,209.22309317113832,right_blink
1761185193.111428,-1513.0905940230004,-1150.965431063436,373.0381910302676,134.14086166070774,right_blink
1761185193.111428,-1517.4887163708918,-1148.7925491891801,365.8239240157418,155.0207231133245,right_blink
1761185193.12711,-1466.2558268778957,-1077.5885939328,394.1237469804473,206.17507470725104,right_blink
1761185193.12711,-1479.9476006156765,-1100.757274158299,399.3895261180587,171.1733510219492,right_blink
1761185193.127818,-1530.0959191215225,-1148.613033991307,357.20345461787656,138.55020370846614,right_blink
1761185193.127818,-1492.652040765155,-1098.2029224885628,362.4580140556209,189.9626083993353,right_blink
1761185193.141451,-1481.9521869919263,-1086.2651618300006,410.7363825836219,192.7413540664129,right_blink
1761185193.141451,-1529.112325433176,-1150.6550193671137,377.5410305769183,134.3839551578276,right_blink
1761185193.1571617,-1513.2476698211394,-1129.3488093195483,360.69278127653524,171.44636371871457,right_blink
1761185193.1571617,-1465.0440992922522,-1078.23933652509,402.3664864827879,208.95008047437295,right_blink
1761185193.1578064,-1499.069709089119,-1117.5531648593023,397.97210403485224,160.5370755479671,right_blink
1761185193.1578064,-1505.521036512684,-1128.0398443350568,367.06183090107515,152.687025540974,right_blink
1761185193.1714222,-1496.9641454140656,-1092.2714411588386,396.1283333566971,194.9628546400927,right_blink
1761185193.1714222,-1491.9451996735297,-1118.4544807486236,428.24659417616203,165.70935718668625,right_blink
1761185193.18712,-1495.161513635423,-1125.7622452620417,391.655413009692,146.3852941156365,right_blink
1761185193.18712,-1453.8617984247394,-1074.7761891661212,393.11397399241105,214.05504391388968,right_blink
1761185193.1878688,-1434.4517176547088,-1064.3044692901894,437.8543971623294,201.62735636113212,right_blink
1761185193.1878688,-1515.7758421911858,-1161.5156888384372,376.422800490167,115.67697557946667,right_blink
1761185193.20152,-1474.4125486812554,-1115.2269470868632,385.2340047857724,158.62598667060956,right_blink
1761185193.20152,-1431.9198053847067,-1077.117366538383,439.62336984137073,181.12148490408435,right_blink
1761185193.2171412,-1488.358635616023,-1141.5296634752303,423.71757532982156,112.20634842058644,right_blink
1761185193.2171412,-1502.929285843391,-1156.1190132023767,384.901153689716,128.9723199219443,right_blink
1761185193.2178533,-1449.837666072417,-1083.882845558226,407.94267731672153,180.0630932166241,right_blink
1761185193.2178533,-1458.342198571656,-1102.2906331401318,424.34961842233315,159.67315865820274,right_blink
1761185193.2314403,-1518.8836990543641,-1162.0467546321452,375.9740124954842,103.2156289271079,right_blink
1761185193.2314403,-1473.2419599951245,-1112.4706408195198,388.88414714252576,171.3640859196894,right_blink
1761185193.24711,-1451.5206210524775,-1080.9993826923892,445.3341970737092,185.16431675618514,right_blink
1761185193.24711,-1527.1675774562173,-1161.8747192341834,401.93639798788354,98.41733728395775,right_blink
1761185193.2478125,-1510.6559191518463,-1136.204045938328,368.88690207945183,150.32340876897797,right_blink
1761185193.2478125,-1451.2588280555792,-1075.3708332590759,407.5163287217729,192.35614437097684,right_blink
1761185193.2614243,-1502.2673235512339,-1122.4636535011232,409.6518115964718,131.90440148720518,right_blink
1761185193.2614243,-1520.8845455306582,-1154.9596442161128,369.3356900741346,127.7082337369211,right_blink
1761185193.2770443,-1467.2356806662865,-1085.90987133421,401.14727909723297,185.8150593484752,right_blink
1761185193.2770443,-1483.9193743686192,-1109.669455752708,408.26430871291086,154.9833241137676,right_blink
1761185193.277857,-1528.472802540753,-1157.5289554856718,381.247271433007,112.49806061713025,right_blink
1761185193.277857,-1489.8246763986535,-1104.7664469107985,392.77738299639896,182.54264688724652,right_blink
1761185193.2914574,-1476.7163270539604,-1088.5652003027499,404.8123810538091,182.5501266871579,right_blink
1761185193.2914574,-1518.6256459574215,-1133.4365199711174,387.57892205799,130.95446689845994,right_blink
1761185193.30709,-1509.3506940673105,-1124.8347500730306,380.981738536153,160.0209693540819,right_blink
1761185193.30709,-1461.0087472400628,-1074.7387901665643,428.1568365772255,200.69238137220964,right_blink
1761185193.307814,-1508.415719078388,-1132.1686938861385,413.4328504516743,148.4609385910444,right_blink
1761185193.307814,-1529.4414366292767,-1147.7304176017642,368.09404328884557,144.88185433344916,right_blink
1761185193.3215885,-1483.934333968442,-1075.441891358234,399.64009941508994,202.20330095430836,right_blink
1761185193.3215885,-1481.387462098617,-1116.7752656685188,417.89455109881237,155.21893781097606,right_blink
1761185193.3371298,-1536.420089946594,-1154.8661467172205,369.9677331666462,155.34609440946952,right_blink
1761185193.3371298,-1481.7128333947621,-1095.704669318162,386.082962075714,196.5186530216597,right_blink
1761185193.3379033,-1458.9966810639016,-1092.5519336555153,433.8265249100514,194.28967264806852,right_blink
1761185193.3379033,-1532.0331872985698,-1151.062668462284,390.8288951194845,123.5569447861053,right_blink
1761185193.3514683,-1508.0978275821544,-1119.6250694347546,377.761684674304,169.95788353634998,right_blink
1761185193.3514683,-1459.1537568620406,-1066.335234966129,437.46544756693766,232.34315469721332,right_blink
1761185193.3672404,-1522.3805055129342,-1136.9482860295102,416.20037641888484,160.2827623509802,right_blink
1761185193.3672404,-1519.7102169445716,-1141.5483629750088,368.65502828219905,172.45613670675084,right_blink
1761185193.3679075,-1442.2905479618348,-1067.7376974495128,438.54627865413204,219.74343174649402,right_blink
1761185193.3679075,-1493.0335105606355,-1119.280998638831,411.9107111697085,173.4359904951416,right_blink
1761185193.3813815,-1525.6716174739413,-1152.9587977398187,369.9789528665133,144.29469004040584,right_blink
1761185193.3813815,-1479.4614136214368,-1109.875150250271,397.5756746395491,193.05550566269085,right_blink
1761185193.3972619,-1483.9268541685306,-1087.0580206206068,433.9200224089436,198.7438934952952,right_blink
1761185193.3972619,-1537.2503477367572,-1148.5943344915286,401.4651705934666,161.58424753556028,right_blink
1761185193.3979833,-1518.173118062783,-1127.1647077454254,383.4687720066868,173.3200535965152,right_blink
1761185193.3979833,-1449.9797822707333,-1061.4172665243968,439.2718192455359,241.7639626855962,right_blink
1761185193.4114492,-1510.3679468552582,-1142.3561813654378,422.4759285445325,150.59642146574333,right_blink
1761185193.4114492,-1515.110139999073,-1152.895219440572,369.20853347564116,146.66578661231324,right_blink
1761185193.4271328,-1449.6506710746326,-1064.2334111910313,417.41584390448406,221.16833362961188,right_blink
1761185193.4271328,-1499.1519868881442,-1118.3722029495984,418.41813709260896,168.52176195336506,right_blink
1761185193.427951,-1535.8329256535508,-1168.729955852963,364.99366622557864,119.88436302961782,right_blink
1761185193.427951,-1481.3725024987943,-1100.1102714659646,416.2938739177771,222.02851061942056,right_blink
1761185193.4414215,-1476.4582739570178,-1105.5593057014048,452.65318128699437,204.5257788267918,right_blink
1761185193.4414215,-1532.3847378944047,-1168.9281705506146,397.6841317382641,155.52934950729832,right_blink
1761185193.4573436,-1518.1656382628717,-1155.1802983134985,380.11408174643293,170.57496702903882,right_blink
1761185193.4573436,-1466.3231450770982,-1090.5510871792212,444.6647549816407,236.2027314514853,right_blink
1761185193.4578843,-1522.152371615637,-1152.906439140439,413.593666149769,175.7659481675364,right_blink
1761185193.4578843,-1534.2098090727814,-1169.2872009463608,389.40025333641097,163.29712171526626,right_blink
1761185193.47146,-1463.7014752081595,-1087.7760814120993,421.98600165033713,232.15615969942883,right_blink
1761185193.47146,-1491.7395051759668,-1136.5144576346502,432.69333522347733,182.19857609132305,right_blink
1761185193.4872057,-1537.9983277278952,-1170.345592633821,396.07223485736176,153.14329333556816,right_blink
1761185193.4872057,-1478.6311558312736,-1112.5379590187222,408.4812229103409,208.51625207951292,right_blink
1761185193.4878988,-1460.99378764024,-1105.9332956969738,448.1204225406982,208.87528247525916,right_blink
1761185193.4878988,-1526.857165759895,-1187.1788823343813,394.78196937264875,132.0427777855657,right_blink
1761185193.5015836,-1503.5388895361684,-1145.3742806296796,398.62658652709797,194.87309704115614,right_blink
1761185193.5015836,-1445.7349958210252,-1096.8827378042042,463.7307649557479,184.31909936619923,right_blink
1761185193.517086,-1492.5847225659527,-1165.0124952970073,457.58610932854936,72.88130038650706,right_blink
1761185193.517086,-1523.2070234031416,-1191.1319565875456,391.07572851656005,158.1659789760597,right_blink
1761185193.5178337,-1451.12793155713,-1116.9697404662147,442.3684564088471,200.19497467810288,right_blink
1761185193.5178337,-1450.4098707656376,-1142.6329339621589,470.51868337532505,144.58640223694965,right_blink
1761185193.53137,-1498.7218983932398,-1210.4784590583295,419.3979908809997,122.12456310307607,right_blink
1761185193.53137,-1453.2297553322278,-1153.8638535290956,448.7524656332098,149.8708808743395,right_blink
1761185193.5471685,-1420.8646611156873,-1148.1567661967129,515.6779753402807,127.154728543479,right_blink
1761185193.5471685,-1498.8602746916004,-1207.1162889981642,449.17881422815844,162.15271232882515,right_blink
1761185193.5480042,-1450.2191358678974,-1179.4223298262805,437.4430081672035,137.40205442206934,right_blink
1761185193.5480042,-1391.2895322660916,-1138.1113949157298,494.31566679337993,163.07646761788055,right_blink
1761185193.5613897,-1461.3939569354989,-1190.0960042998195,483.5036160214804,163.49159651296213,right_blink
1761185193.5613897,-1467.3366579650901,-1210.3326029600576,438.0713113597594,166.8724660729058,right_blink
1761185193.5770688,-1402.1128027378581,-1160.576973949559,495.5909726782702,183.6646168739535,right_blink
1761185193.5770688,-1441.1087395758368,-1187.268639933318,501.86652480391786,162.99792971881106,right_blink
1761185193.5778036,-1482.1653612894006,-1243.2212831703946,460.24891809700057,107.24350117938593,right_blink
1761185193.5778036,-1430.9549111961387,-1172.7503483053297,486.6152127846144,131.5304114916362,right_blink
1761185193.5914803,-1407.95078656869,-1177.9375895438716,529.8372365725227,168.25248915655538,right_blink
1761185193.5914803,-1429.1522794174962,-1252.720629057847,537.1263015861623,52.55868402728811,right_blink
1761185193.607142,-1457.9569888762198,-1222.46109851636,453.39368147822097,208.99869917379692,right_blink
1761185193.607142,-1410.9875853327103,-1163.4566969154403,502.24425469944254,203.12331634340808,right_blink
1761185193.6078565,-1437.6156730172224,-1211.9220604412258,508.7853397219442,94.96166972490028,right_blink
1761185193.6078565,-1421.7958962046541,-1260.6230376642197,519.4403146957047,111.89219682430848,right_blink
1761185193.6213791,-1391.7383202607743,-1172.144484512508,566.424677839037,106.90691018337384,right_blink
1761185193.6213791,-1407.7376122712158,-1211.9033609414473,459.59443560475484,189.71951490221545,right_blink
1761185193.6371384,-1465.3096321891062,-1304.110594348982,495.93504347419366,192.69273536698893,right_blink
1761185193.6371384,-1410.1087088431232,-1205.369755718857,483.66817161953077,220.61856833612546,right_blink
1761185193.6378636,-1361.1160194235854,-1204.502098929137,648.3995449678041,-45.30327811324969,right_blink
1761185193.6378636,-1450.5108480644412,-1294.5252307625487,623.82092245901,232.53014969499782,right_blink
1761185193.65139,-1490.1837067943998,-1285.3624758711085,556.1324731609784,284.3801226806827,right_blink
1761185193.65139,-1439.6539184930734,-1254.6204982353374,736.889317819383,229.95335862552747,right_blink
1761185193.6670856,-1445.9593898183666,-1299.129047608003,833.169302278664,78.62204681849107,right_blink
1761185193.6670856,-1494.5444301427342,-1339.7780202263966,849.2246927884407,209.54472456732765,right_blink
1761185193.667788,-1452.504214740824,-1252.877704855986,978.1166048613377,148.1991455941461,right_blink
1761185193.667788,-1460.7806133427657,-1285.755165366456,1085.9080013842322,53.43382061691955,right_blink
1761185193.68142,-1545.212594742421,-1388.8679470447823,1080.0438382537104,228.95854523731396,right_blink
1761185193.68142,-1514.3845994076692,-1348.5069467229769,1195.8461004816927,141.77025757031515,right_blink
1761185193.6971216,-1505.666892610956,-1345.9338955534622,1276.407285427209,66.76282405899838,right_blink
1761185193.6971216,-1571.541490430478,-1433.4026757171378,1301.9956809240393,33.32063865521923,right_blink
1761185193.697801,-1596.5763807338662,-1403.6031528702006,1290.7049229578115,209.51854526763782,right_blink
1761185193.697801,-1574.181859799195,-1381.298389534466,1353.1163734183647,171.08359342301264,right_blink
1761185193.7114096,-1600.0582275926135,-1425.500267110765,1433.6065002647229,111.71642152639106,right_blink
1761185193.7114096,-1621.6187508371659,-1454.4994513671845,1448.9176506833173,32.25850706780329,right_blink
1761185193.7271657,-1582.3685008022003,-1398.483229830861,1523.756788696628,185.52334715193138,right_blink
1761185193.7271657,-1613.1478774375282,-1433.6008904147893,1490.5689164898358,94.46426303079352,right_blink
1761185193.7278337,-1649.4024676079862,-1472.6230065524578,1523.106046104338,40.84531736606732,right_blink
1761185193.7278337,-1618.7128485715948,-1425.088878115639,1466.5138799748383,178.67933023301885,right_blink
1761185193.7414687,-1634.9178350795992,-1446.376388663426,1508.138966481667,130.40096170501783,right_blink
1761185193.7414687,-1666.6097473041154,-1493.1774967089295,1494.065722948406,85.88119263248518,right_blink
1761185193.757095,-1632.1802283120342,-1475.6672851163894,1502.1289472528733,92.01088865986094,right_blink
1761185193.757095,-1647.5175580303185,-1437.9765733629465,1474.2629526830278,150.757237163838,right_blink
1761185193.7578268,-1653.9539258540608,-1462.9665848668665,1445.2226295270957,150.4243860677816,right_blink
1761185193.7578268,-1701.2636602935381,-1494.4715020935982,1368.7753345328383,119.38321643555537,right_blink
1761185193.7714698,-1612.4784353454597,-1398.7225834280252,1415.7447380763479,179.19917632685974,right_blink
1761185193.7714698,-1630.83012442803,-1444.6261154841632,1409.92919364525,106.7348747854121,right_blink
1761185193.787159,-1694.3448453755118,-1505.4668079633266,1352.5666081248783,82.92293176753446,right_blink
1761185193.787159,-1644.5518173654564,-1408.0311944177374,1297.1936493809335,211.83354334020987,right_blink
1761185193.7878878,-1617.071032491047,-1395.8204210624099,1332.5918024615385,163.21858381619677,right_blink
1761185193.7878878,-1686.0983659732156,-1467.8621139088646,1250.164407438133,176.83181965490803,right_blink
1761185193.8014798,-1673.3714864240028,-1432.6322563262656,1232.5382589469664,176.0688800639473,right_blink
1761185193.8014798,-1626.1552494834177,-1398.5505480300635,1218.528593712952,202.00882615661249,right_blink
1761185193.8171551,-1636.8887623562478,-1417.021913911216,1211.2844074987806,113.54149270476773,right_blink
1761185193.8171551,-1657.0131640178151,-1414.7143956385553,1182.1094479444437,189.18844910850748,right_blink
1761185193.8178687,-1612.1119251498021,-1376.7244918886572,1195.1093401904218,169.01916864747182,right_blink
1761185193.8178687,-1633.9940797905438,-1392.562968201004,1168.873942001257,217.3835548744537,right_blink
1761185193.831496,-1675.020782304462,-1440.3775891344994,1085.283438091632,157.2796226865612,right_blink
1761185193.831496,-1618.8400051700883,-1365.848862817511,1081.412641637493,185.68042295007035,right_blink
1761185193.847164,-1593.539581969846,-1345.2345342617482,1109.8209217009135,237.2087645395659,right_blink
1761185193.847164,-1652.8917942666449,-1418.6113713923842,1063.2217682530172,159.77413595700637,right_blink
1761185193.8478224,-1644.772471462842,-1390.4237454263493,1058.4758352092467,216.78143098158762,right_blink
1761185193.8478224,-1590.211071009282,-1328.3339263619855,1112.0237227748148,211.58297004317865,right_blink
1761185193.8615048,-1647.4053610316478,-1393.8868927853182,1065.806039122399,166.66677157534286,right_blink
1761185193.8615048,-1640.359389515128,-1379.4695784561336,1037.3603600594215,231.66623280523345,right_blink
1761185193.8771043,-1596.688577732537,-1328.7527951570228,1033.833634401206,254.76011503161862,right_blink
1761185193.8771043,-1595.7573426435702,-1352.6918947733939,1020.2503177621402,201.61987656122074,right_blink
1761185193.8777723,-1640.950293708127,-1392.357273703441,972.3608988295309,150.67121946485713,right_blink
1761185193.8777723,-1594.7026908560656,-1323.5206751190126,999.0488249133341,275.98404728015885,right_blink
1761185193.891507,-1588.644052927848,-1324.867039103061,1015.3585286200978,237.84454753203318,right_blink
1761185193.891507,-1634.2670924873091,-1371.6195284491405,987.4439153508283,183.8852709713392,right_blink
1761185193.9070632,-1580.139520428609,-1313.5351422373205,993.98500037333,199.99675998045132,right_blink
1761185193.9070632,-1567.6893934761174,-1302.22942467127,969.6756506613456,275.7521734829061,right_blink
1761185193.9078617,-1621.8992433338426,-1350.1263234037906,874.3979593901895,213.3818619218655,right_blink
1761185193.9078617,-1618.0434064795263,-1343.5216600820422,856.1023688069545,202.35289695253596,right_blink
1761185193.9214554,-1576.171486575622,-1289.7269391193986,901.358898170758,289.8590761157684,right_blink
1761185193.9214554,-1590.5065231057815,-1312.4842303497717,890.1840771031566,207.28956489404663,right_blink
1761185193.9371445,-1626.5591586786322,-1353.353857065551,844.0524111497216,179.8798381187953,right_blink
1761185193.9371445,-1561.4811595496722,-1288.8106636302546,834.8559971586801,186.82109243655577,right_blink
1761185193.937837,-1553.1150033487938,-1264.1348037226126,849.0489174905233,278.5645782495849,right_blink
1761185193.937837,-1600.8772656829096,-1325.1737108994275,747.6901488914154,197.20305471355096,right_blink
1761185193.9514728,-1565.9652995965444,-1262.5154270417988,729.0916264117695,239.34424741426483,right_blink
1761185193.9514728,-1534.2359883724712,-1232.9066390926018,773.0616301908158,293.14270827686414,right_blink
1761185193.9671512,-1574.50723109534,-1293.6089552734047,682.0885637686588,211.1940204477869,right_blink
1761185193.9671512,-1566.3056304925121,-1272.560798322782,667.203761945013,229.99449752504006,right_blink
1761185193.9678824,-1522.7058768090792,-1220.5649692388251,685.3273171302862,268.9193762638606,right_blink
1761185193.9678824,-1539.2586740129627,-1240.86514619831,688.8577826884575,249.74116929108277,right_blink
1761185193.9814408,-1571.7995435274206,-1271.0573585405946,623.278636965435,226.06760257156566,right_blink
1761185193.9814408,-1550.9084623749368,-1238.0153424320742,584.3537582266144,286.257552458439,right_blink
1761185193.9972415,-1510.139812957961,-1186.4458619430661,637.7557896939106,312.33961474942043,right_blink
1761185193.9972415,-1584.638620075304,-1276.203460879624,530.2635851674713,201.88166955811903,right_blink
1761185193.9978333,-1539.0230603157543,-1200.279751879163,498.294920346234,283.4900264912285,right_blink
1761185193.9978333,-1505.9025063081644,-1179.0445999307558,498.45199614437297,323.4620772176422,right_blink
1761185194.0115063,-1532.2052226965316,-1228.538435944356,484.5769673087634,231.37826050864533,right_blink
1761185194.0115063,-1538.7650072188117,-1215.4226067997515,457.6347280279733,301.63228117628023,right_blink
1761185194.0270624,-1504.4439453254454,-1168.9393902504817,467.26497041387483,322.2914885315113,right_blink
1761185194.0270624,-1520.1889241389,-1182.3132724920288,496.76156136440113,280.8533970224671,right_blink
1761185194.0278008,-1549.2591664944775,-1208.8216833779588,434.69418169977143,230.14409352326766,right_blink
1761185194.0278008,-1515.4205516953953,-1143.6427069501951,429.7762132580392,368.1651013880037,right_blink
1761185194.0415027,-1518.0721407639794,-1161.6540651367977,428.12691737757996,318.18133848020807,right_blink
1761185194.0415027,-1551.316111470107,-1203.223053144291,351.1111575900577,272.1394301257096,right_blink
1761185194.0573008,-1507.1366732935421,-1144.2261313432828,382.6011152169667,342.6328043905087,right_blink
1761185194.0573008,-1515.5290087941103,-1145.392980129458,407.23209632514045,308.07986869988963,right_blink
1761185194.0579443,-1527.6350649506785,-1176.3369123628363,414.86149223474786,316.44602490076795,right_blink
1761185194.0579443,-1556.3275774107315,-1199.9132416835055,353.68420875957236,260.16053056763485,right_blink
1761185194.0715177,-1473.5673312912695,-1096.3965508099645,423.8222925285809,357.7906189109199,right_blink
1761185194.0715177,-1524.8600591835566,-1134.8950809538364,357.921515409369,366.84865660360083,right_blink
1761185194.087088,-1569.49202525476,-1198.507039300166,289.98997261421755,281.91926850983873,right_blink
1761185194.087088,-1510.0500553590246,-1096.908917103894,351.0700186905451,382.13736762246117,right_blink
1761185194.087792,-1527.8781584477983,-1138.9192133061588,345.9239163515158,319.81193486088887,right_blink
1761185194.087792,-1539.5242069098167,-1141.9522721702233,350.34447809914127,304.9682719367556,right_blink
1761185194.102095,-1527.2648148550652,-1136.3162429369986,324.9954361994751,369.47032647253945,right_blink
1761185194.102095,-1496.0104709253646,-1090.95125647448,364.9974061255343,388.7233314444311,right_blink
1761185194.1028817,-1555.6076466692612,-1148.1025376473553,319.34070746647194,302.5709960651584,right_blink
1761185194.116439,-1570.4101706938818,-1158.0955503289588,280.7524197236635,307.0252169123851,right_blink
1761185194.116439,-1486.4194974889979,-1061.6136112720706,320.93390484759584,411.49184237467125,right_blink
1761185194.1321945,-1545.0835681939498,-1133.9283168152906,312.6014077463187,302.2269252692349,right_blink
1761185194.1321945,-1561.688723997213,-1159.756065909285,283.87523618666455,305.084208835382,right_blink
1761185194.132874,-1533.3851611325517,-1119.7129570837133,272.9622081159614,360.3711498803459,right_blink
1761185194.132874,-1515.7290934417397,-1088.9111410486512,321.22187714418396,347.0645858380012,right_blink
1761185194.146385,-1578.716488495469,-1138.8163660573773,267.7338279779069,306.73724461579695,right_blink
1761185194.146385,-1548.0044300593436,-1093.3952810955234,263.9303497229703,347.2515808357857,right_blink
1761185194.1621068,-1492.5828526159748,-1070.750186863821,308.66329309297726,373.094289529603,right_blink
1761185194.1621068,-1546.0596820823848,-1128.1165122841485,275.94290838064626,320.99748314684257,right_blink
1761185194.1628838,-1562.242229190655,-1113.3663468589075,233.66707928152755,319.4192453655414,right_blink
1761185194.1628838,-1516.5369118321687,-1071.0942576597445,260.556959962938,366.32133070984855,right_blink
1761185194.1763833,-1531.7620445517823,-1090.227585833054,270.4452554457821,327.2206766731106,right_blink
1761185194.1763833,-1590.9160421509296,-1138.2479012641124,227.26437055738643,294.47785256104544,right_blink
1761185194.192191,-1555.4842299707234,-1082.183061028365,215.90629439195618,366.72523990506306,right_blink
1761185194.192191,-1526.5523639135063,-1057.0172742265277,254.2888876372017,358.24688670551404,right_blink
1761185194.1928976,-1584.0084469327703,-1133.1017989250831,198.65039599640295,279.32377794058993,right_blink
1761185194.1928976,-1543.393133413978,-1078.5478782714345,227.23071145778522,339.2182757309638,right_blink
1761185194.206395,-1511.0990972965956,-1045.4796828632243,250.35077298386022,359.7054476882331,right_blink
1761185194.206395,-1573.4694088576362,-1114.7912487420253,227.9786914489232,276.06258517922834,right_blink
1761185194.222087,-1564.5721868630499,-1097.9392595416866,190.75546718994156,333.27183480141684,right_blink
1761185194.222087,-1524.7085932353511,-1041.2685555131175,227.54860295401886,353.23916066484526,right_blink
1761185194.2228475,-1546.7478236742318,-1071.0568586601876,241.74152328586206,308.4949975949712,right_blink
1761185194.2228475,-1592.2923253346235,-1123.8305869349279,202.50997275067493,275.041592491325,right_blink
1761185194.2365108,-1513.0251457737759,-1016.525377406273,228.44617894338444,378.5021848655306,right_blink
1761185194.2365108,-1525.9913789201528,-1037.1958044613712,237.04420894151554,329.5020156460814,right_blink
1761185194.252067,-1574.7708940422162,-1110.3183283950202,199.34601738816127,269.035313162487,right_blink
1761185194.252067,-1555.2149571739137,-1064.1268240422942,198.88226979365572,320.1260864571668,right_blink
1761185194.2528906,-1511.0654381969944,-1019.2218452743255,242.71389727434143,339.7680410244502,right_blink
1761185194.2528906,-1559.227869826369,-1073.7570664281957,212.31973033444956,292.46578638488427,right_blink
1761185194.2664452,-1568.8805516120046,-1079.3818759615533,192.1467099734582,286.3772292570211,right_blink
1761185194.2664452,-1509.3226448176429,-1020.1231611636467,220.6821466353722,334.6294184853323,right_blink
1761185194.2820733,-1521.1257690778002,-1053.2549348711036,210.8275102521293,301.0600764830597,right_blink
1761185194.2820733,-1571.072132986039,-1094.4948116824962,182.53142718737945,247.48600961780176,right_blink
1761185194.2828777,-1528.4522330909967,-1032.4835305172019,225.30092308064923,332.01148851634935,right_blink
1761185194.2828777,-1533.5945955300704,-1047.1551580433734,223.94707929668948,304.36988794384524,right_blink
1761185194.296496,-1569.576173003763,-1091.2186593213119,182.98021518206224,243.77228896180168,right_blink
1761185194.296496,-1543.7334643099457,-1050.199436607305,164.3891725023277,302.4513192665763,right_blink
1761185194.3120806,-1492.0368272224441,-1012.3030303562991,227.56356255384162,338.57127303862944,right_blink
1761185194.3120806,-1542.8097090208903,-1077.889655879233,210.0047322618775,268.94555556355044,right_blink
1761185194.3128908,-1523.6539414478466,-1056.1047386373393,196.71686771931127,307.40294680790976,right_blink
1761185194.3128908,-1522.4160345625132,-1043.1160660912283,212.33468993427232,310.9408921659924,right_blink
1761185194.3264606,-1520.1459152894095,-1047.5852465382777,219.69481304707006,297.4473331258632,right_blink
1761185194.3264606,-1555.211217273958,-1085.6237689875998,185.48594815237448,263.19358943169937,right_blink
1761185194.342075,-1498.8135259421542,-1033.747616702225,196.57849142095074,307.92279290175065,right_blink
1761185194.342075,-1476.6957576042041,-1006.3491096268408,247.86747941328213,327.504909069743,right_blink
1761185194.3428214,-1570.0997589975595,-1114.9109255406074,192.8872101646848,220.77190423430875,right_blink
1761185194.3428214,-1526.1746340179816,-1056.89385752799,225.7534509752877,278.5309191499837,right_blink
1761185194.3565984,-1521.7503323704004,-1033.6615990032442,220.72702543484047,288.1462019360624,right_blink
1761185194.3565984,-1555.622606269084,-1066.3782438156195,194.5140666454099,253.50350864650682,right_blink
1761185194.3723302,-1561.3596128011122,-1057.9260699157603,171.2892879205756,255.03686762833968,right_blink
1761185194.3723302,-1524.3981815390289,-1031.5635151281022,202.03126555634663,286.88211575103924,right_blink
1761185194.3728383,-1518.5564578082412,-1044.963576669339,238.77952252095565,281.2236471180804,right_blink
1761185194.3728383,-1568.899251111783,-1089.9844923359342,195.79685233021155,235.95589805440977,right_blink
1761185194.3864837,-1516.35365673434,-1038.6468856441788,206.85199659923092,279.61923003708944,right_blink
1761185194.3864837,-1527.580836401321,-1045.1917105666362,224.20513239363208,263.6610769261606,right_blink
1761185194.4020956,-1580.3732641758397,-1096.6377743571065,204.61179652577266,218.21381266461685,right_blink
1761185194.4020956,-1499.1762962378561,-1023.0215836293064,209.95611356245354,316.3637471017428,right_blink
1761185194.4029446,-1488.2408287674189,-1029.914219247643,241.10574029339477,298.88345470884815,right_blink
1761185194.4029446,-1549.193718245253,-1096.2899636612274,219.07024975446984,207.05395119683817,right_blink
1761185194.416438,-1560.3535797130316,-1081.038651641924,204.8586299228482,239.25074991537258,right_blink
1761185194.416438,-1500.2459076251835,-1016.0840692115016,250.93045747699216,301.3405689797364,right_blink
1761185194.4320695,-1535.7113789049909,-1073.4578744317405,223.77878379868343,242.1379526811652,right_blink
1761185194.4320695,-1563.147284979932,-1091.3570356196724,180.67643680935726,222.57827591290697,right_blink
1761185194.4471178,-1509.1132104201242,-1024.281929914374,212.88819512771443,283.2581526939757,right_blink
1761185194.4471178,-1517.1988741243258,-1066.456781714689,223.012104307767,223.81618279824033,right_blink
1761185194.4478772,-1553.389885995537,-1088.6568278516643,217.57802967214957,223.3150362041779,right_blink
1761185194.4478772,-1504.1129641793668,-1013.8027302385308,232.26087689818814,308.88394719036296,right_blink
1761185194.4621298,-1510.4146956047043,-1032.1095405216329,240.7579295975156,257.15739090321586,right_blink
1761185194.4621298,-1571.505961380899,-1091.8843615134247,208.59105007862672,200.45676767500117,right_blink
1761185194.4628367,-1572.796226865612,-1095.3400290724821,187.01930713420734,218.94683305593207,right_blink
1761185194.4628367,-1491.4534028293565,-1015.4669857188128,250.7659018789418,303.0048244600184,right_blink
1761185194.4764416,-1515.4411211451516,-1054.855612052139,235.63800655817613,244.8792993486859,right_blink
1761185194.4764416,-1587.7296473886818,-1117.8654465056024,173.33127329638228,180.27252761414275,right_blink
1761185194.4920835,-1518.6387356072664,-1045.2515489659272,218.48682536138222,262.9953747340478,right_blink
1761185194.4920835,-1486.3895782893524,-1016.7609911034815,265.57590570347384,259.5060480753891,right_blink
1761185194.4928296,-1560.3087009135634,-1076.3001983980648,204.76139252400026,200.3034317768179,right_blink
1761185194.4928296,-1563.076226880774,-1062.4924877616577,183.27566727856174,216.57947638398036,right_blink
1761185194.5065548,-1493.3196129072458,-1005.8105640332215,253.18561715027317,265.38891070568934,right_blink
1761185194.5065548,-1539.4400591608137,-1063.1843692534603,228.4199996436946,228.2330046459101,right_blink
1761185194.52211,-1573.013141063042,-1095.5606831698678,198.27266610087827,192.58427826827392,right_blink
1761185194.52211,-1508.9411750221625,-1027.838574772235,243.59277376392856,249.98052288824692,right_blink
1761185194.5228283,-1545.8128486853093,-1063.8538113455288,232.4665713957511,205.95816050982103,right_blink
1761185194.5228283,-1563.618512374349,-1051.6804369897582,215.11343560134992,234.92368566663936,right_blink
1761185194.5363612,-1519.2932180995122,-1029.5215297522955,207.3344436935149,229.95709852548316,right_blink
1761185194.5363612,-1523.7063000472263,-1041.395712111611,244.01538245892152,226.50891076633707,right_blink
1761185194.552216,-1557.9076851420105,-1077.7998982802965,233.9774909778498,209.7130200653337,right_blink
1761185194.552216,-1550.8991126250476,-1058.0644462141208,191.4099496821873,212.3010308346711,right_blink
1761185194.5529056,-1484.1680777156726,-991.8869164981879,271.8477179291658,290.1133893127553,right_blink
1761185194.5529056,-1568.1437913207337,-1090.1490479339845,226.95021896110848,187.39703702973202,right_blink
1761185194.5664833,-1579.501867486164,-1095.7701175673865,193.2200612607412,168.19639065722004,right_blink
1761185194.5664833,-1467.67511891108,-979.5415067444555,273.94580180430785,310.17795257503167,right_blink
1761185194.5822496,-1522.7114866590127,-1059.7287016944028,251.45030357083306,209.9000150631182,right_blink
1761185194.5822496,-1577.9124100049958,-1096.3236227608286,219.3844013507478,191.00978038692847,right_blink
1761185194.58288,-1528.8785816859454,-1046.302460853476,218.40454756235704,224.65018048835918,right_blink
1761185194.58288,-1509.5245994152501,-1038.9610372404568,258.3541588890366,230.8696341146715,right_blink
1761185194.5965393,-1544.032656306401,-1077.1940344874747,246.14338553370908,208.08616358460858,right_blink
1761185194.5965393,-1526.62716191262,-1050.1246386081912,224.80725628649816,228.95480533735827,right_blink
1761185194.6120596,-1506.0577121563256,-1028.526716364082,267.3336586826481,254.75263523170725,right_blink
1761185194.6120596,-1554.0331487879157,-1103.5154503756203,254.79751403117552,175.8407461666502,right_blink
1761185194.6128738,-1562.7957343840972,-1089.939613536466,233.7979757799767,199.30861838860437,right_blink
1761185194.6128738,-1501.5436529098079,-1034.3609602949582,270.1535432492383,258.7767675840296,right_blink
1761185194.6265028,-1534.503391219303,-1068.554865589831,284.2716655819677,200.65124247269705,right_blink
1761185194.6265028,-1558.42005143594,-1085.343276490923,246.9923428236507,187.54663302795961,right_blink
1761185194.6421542,-1521.1257690778002,-1048.800714023877,243.71993036242202,242.97195037128404,right_blink
1761185194.6421542,-1519.525091896765,-1039.7277167313732,271.82901842938736,237.34340093797073,right_blink
1761185194.6427844,-1543.4567117132246,-1095.979551964905,238.77952252095565,186.98190813465044,right_blink
1761185194.6427844,-1537.3905939850956,-1090.9306870247237,210.08701006090268,191.08457838604227,right_blink
1761185194.656498,-1502.2504940014333,-1037.102306962479,291.6018694951199,247.38877221895382,right_blink
1761185194.656498,-1550.7532565267757,-1090.3809217312373,269.57385875610635,191.24913398409262,right_blink
1761185194.67214,-1538.7294781692326,-1104.9852310582064,230.6863790168427,176.15863766288385,right_blink
1761185194.67214,-1468.9766040956602,-1004.0752504537813,310.234051074367,291.1568214003928,right_blink
1761185194.6728473,-1530.2623446695507,-1076.4497943962924,271.7467406303622,203.23925324203447,right_blink
1761185194.6728473,-1553.0308555997908,-1102.1055080923252,235.9035394550301,184.91374345915392,right_blink
1761185194.6864145,-1487.9304170710966,-1013.9822454364039,306.95415881322697,271.46250823372975,right_blink
1761185194.6864145,-1506.6037375498563,-1043.807947583031,305.40584023157135,236.45330474851653,right_blink
1761185194.7021885,-1582.4115096516907,-1131.7666546409018,227.8627545502968,156.18757189949974,right_blink
1761185194.7021885,-1510.9869002979249,-1037.0237690634094,243.45065756561235,247.45609041815624,right_blink
1761185194.7028728,-1482.58236013446,-1019.6145347696729,294.0776832657866,255.40711772395298,right_blink
1761185194.7028728,-1543.2285778159276,-1099.5287170228548,282.9028621981852,173.82867999048904,right_blink
1761185194.7164543,-1564.0859998688102,-1117.0314488154836,264.210842219647,179.56194662256166,right_blink
1761185194.7164543,-1493.5739261042327,-1028.5641153636388,305.77609032718465,246.34534013131633,right_blink
1761185194.732218,-1529.7050995761529,-1089.9246539366432,279.3050784408115,192.1093109739013,right_blink
1761185194.732218,-1568.3868848178536,-1100.4599521118216,260.2241088668816,182.23223519092426,right_blink
1761185194.7328007,-1530.5577967660502,-1068.723161087837,275.90924928104505,224.5379834896885,right_blink
1761185194.7328007,-1505.1863154666498,-1058.932103003841,285.57689066650346,209.18569417158142,right_blink
1761185194.746415,-1526.5112250139937,-1094.1208216869272,286.84471675148234,185.75522094918415,right_blink
1761185194.746415,-1528.4447532910854,-1068.4015296916477,282.8579833987169,231.59143480611965,right_blink
1761185194.7620916,-1501.1734028141946,-1042.8318336945958,309.4673715834506,236.4682643483393,right_blink
1761185194.7620916,-1558.0535412402824,-1116.5864007207565,300.9403996844776,163.92168500786647,right_blink
1761185194.762864,-1546.8076620735228,-1098.4441460357048,271.45502843381837,202.895182446111,right_blink
1761185194.762864,-1475.6635452164337,-1034.8957659886219,328.8737124535255,254.04205424012616,right_blink
1761185194.7763786,-1522.3300168635324,-1092.9614527006634,311.80854895571247,181.14766420377418,right_blink
1761185194.7763786,-1570.04740039818,-1122.502922450658,255.60159252164885,160.97838374273852,right_blink
1761185194.7921453,-1520.344129987061,-1052.7949271765538,309.6207074816339,227.40648675570264,right_blink
1761185194.7921453,-1521.417481274344,-1060.330825587269,345.2656939593144,219.2684644521214,right_blink
1761185194.7929125,-1563.0163884814829,-1118.6732648960315,293.4979987726547,154.80380891589448,right_blink
1761185194.7929125,-1541.9383123312145,-1094.4948116824962,290.008672113996,209.14829517202452,right_blink
1761185194.8064604,-1499.5128872338682,-1046.2014835546724,334.0609536920674,236.5056633478962,right_blink
1761185194.8064604,-1524.6562346359715,-1096.0580898639746,299.9455862962641,186.46954184072092,right_blink
1761185194.8221169,-1557.3504400486127,-1112.767962865997,269.3345051589422,165.4662636895664,right_blink
1761185194.8221169,-1477.6943108923733,-1031.8327879249118,341.6679102019407,245.649718739558,right_blink
1761185194.8229218,-1527.6070157010108,-1094.954819377046,314.1759056276642,179.65170422149822,right_blink
1761185194.8229218,-1558.6706247329712,-1121.5268085622229,293.8570291684009,172.96102320076898,right_blink
1761185194.8364499,-1503.1966886902228,-1052.8959044753574,313.9889106298797,240.1333663049154,right_blink
1761185194.8364499,-1523.1527948537841,-1078.6077166707255,311.789849455934,206.20125400694087,right_blink
1761185194.8521628,-1549.0216828472912,-1101.4884245996363,305.61901452904567,196.6308500203304,right_blink
1761185194.8521628,-1523.3248302517459,-1084.2736651035957,295.483885649126,210.10944946063682,right_blink
1761185194.8528955,-1506.7308941483498,-1062.814119157847,330.52674823394045,210.9359673508443,right_blink
1761185194.8528955,-1519.222160000354,-1079.482853260357,352.80159237002954,215.39392809802666,right_blink
1761185194.8664358,-1553.1580121982843,-1135.1624838006683,276.47023427439854,159.32534796232358,right_blink
1761185194.8664358,-1495.8328256774694,-1052.5854927790351,337.2062095548026,248.89221200114116,right_blink
1761185194.8820932,-1518.7958114054054,-1074.983753613662,348.9233161159791,223.7189453993924,right_blink
1761185194.8820932,-1575.0551264388487,-1140.4095634385012,278.1232700548135,128.119622732047,right_blink
1761185194.8828757,-1485.4321639006957,-1043.6396520850249,341.93344309879467,267.01950708637014,right_blink
1761185194.8828757,-1507.209601342678,-1081.9698867308907,319.77453586133197,203.94235443370417,right_blink
1761185194.896482,-1564.8676389595494,-1148.371810444165,270.217121548485,146.53863001381978,right_blink
1761185194.896482,-1487.9715559706092,-1049.705769813154,325.33202719548717,261.4807152519934,right_blink
1761185194.9120955,-1498.5966117447242,-1072.0030533489771,350.60627109603956,234.2056248751469,right_blink
1761185194.9120955,-1555.6413057688624,-1127.170317595359,325.30210799584165,174.31486698472872,right_blink
1761185194.9128928,-1533.4038606323302,-1068.023799796123,328.0621541631408,235.615567158442,right_blink
1761185194.9128928,-1516.7650457294658,-1071.0905177597888,335.78878747159615,207.80567108793184,right_blink
1761185194.9264123,-1519.8242838932201,-1083.7687786095776,324.550388104748,188.21233522007242,right_blink
1761185194.9264123,-1514.5211057560518,-1089.6217220402323,311.40837966045365,213.34820282226428,right_blink
1761185194.9421008,-1525.8455228218809,-1087.1197289698757,318.93679827125743,206.2311732065864,right_blink
1761185194.9421008,-1488.7606748612598,-1060.6225377838127,366.4559671082534,230.84345481498167,right_blink
1761185194.942951,-1527.4312404030934,-1104.0465161693282,335.71398947248235,196.61589042050764,right_blink
1761185194.942951,-1546.7964423736557,-1109.1664392086677,304.81119613861665,181.1065253042616,right_blink
1761185194.956462,-1487.829439772293,-1043.1160660912283,373.0531506300904,257.16113080317155,right_blink
1761185194.956462,-1541.3586278380826,-1102.1503868917935,350.79326609382406,181.16262380359694,right_blink
1761185194.9722407,-1563.7568886727095,-1121.3734726640396,280.31111152889207,171.62587891658768,right_blink
1761185194.9722407,-1475.540128517896,-1030.3069087429903,367.1628081998788,270.16850284906104,right_blink
1761185194.9729953,-1509.7527333125472,-1079.4454542608,362.62256965367123,192.65907626738772,right_blink
1761185194.9729953,-1555.6039067693055,-1135.876804692205,315.4362519127317,164.08998050587252,right_blink
1761185194.9864748,-1502.108377803117,-1077.7176204812713,328.04719456331804,225.3869407796301,right_blink
1761185194.9864748,-1496.4723485698923,-1047.256135342177,352.98484746785834,240.40637900168076,right_blink
1761185195.002181,-1565.0733334571123,-1124.1447385312058,311.1690260632895,162.0554749299772,right_blink
1761185195.002181,-1537.6374273821712,-1111.7133110784926,305.6414539287798,184.65569036221132,right_blink
1761185195.002872,-1480.906884954311,-1038.6132265445776,394.71091127349064,271.1146975378506,right_blink
1761185195.002872,-1536.1452072998509,-1115.554188332986,348.743800918106,167.5381682650186,right_blink
1761185195.0163417,-1572.0220675747842,-1141.194942429196,304.25021114526317,154.56445531873032,right_blink
1761185195.0163417,-1485.6116790985689,-1033.9009526004083,340.1457709199749,254.83117313077673,right_blink
1761185195.0321734,-1508.9748341217637,-1078.6413757703267,357.3680102159269,212.85079612815753,right_blink
1761185195.0321734,-1560.8098475076258,-1143.9475087965839,303.13946085842326,154.10818752413616,right_blink
1761185195.0330725,-1525.8268233221024,-1061.8342653694563,345.2544742594473,223.88350099744275,right_blink
1761185195.0330725,-1493.4467695057392,-1065.6078244247474,381.6885796277784,248.96701000025496,right_blink
1761185195.0464225,-1560.4395974120125,-1129.0103483735584,324.22127690864727,155.8360213036649,right_blink
1761185195.0464225,-1532.9401130378246,-1109.7199444021098,310.45096527179703,191.60068457992747,right_blink
1761185195.0622702,-1499.359551335685,-1062.4326493623666,367.28248499846086,225.8245090744458,right_blink
1761185195.0622702,-1537.3344954857603,-1093.9936650884338,349.6974754068069,196.98988041607663,right_blink
1761185195.062966,-1550.2820291323587,-1112.0125030749477,300.4953515897505,181.45059610018507,right_blink
1761185195.062966,-1489.3067002547905,-1057.5595597201027,359.35015719244257,237.85950713185593,right_blink
1761185195.0764737,-1517.606523219496,-1079.651148758363,379.7213922510855,206.18255450716242,right_blink
1761185195.0764737,-1577.0821522148326,-1140.013134043198,327.15709837386385,148.86110788630322,right_blink
1761185195.0922704,-1499.359551335685,-1071.666462352965,350.0677255024202,225.36450137989596,right_blink
1761185195.0922704,-1494.280767195858,-1057.08459242573,388.3044626493938,229.48961103102192,right_blink
1761185195.0929282,-1546.7927024737,-1115.071741238702,335.12308527948335,175.79212746722624,right_blink
1761185195.0929282,-1535.251371210441,-1111.7731494777836,314.03752932930365,194.90301624080166,right_blink
1761185195.1072576,-1502.1233374029398,-1076.7489863927476,352.8950898689218,210.09074996085837,right_blink
1761185195.1072576,-1531.4778121551499,-1078.7049540695734,376.48263888945803,219.90798734454438,right_blink
1761185195.1079018,-1533.7292319284752,-1105.2245846553706,356.173112180084,206.80711779976264,right_blink
1761185195.121535,-1512.2584662828594,-1075.3128648097627,371.6525580966845,210.20668685948476,right_blink
1761185195.121535,-1526.5336644137278,-1100.732964808587,385.9202764276415,187.96924172295257,right_blink
1761185195.1372676,-1565.185530455783,-1130.4165507568978,313.68784868344665,170.9900959241204,right_blink
1761185195.1372676,-1485.3274467019364,-1054.5078013562597,359.4305650414899,259.31157327769324,right_blink
1761185195.1378448,-1510.1865617074072,-1087.7742114621215,365.3545665713027,204.2265868303366,right_blink
1761185195.1378448,-1566.464576240629,-1142.3954503149725,325.98463973775506,136.8597689284943,right_blink
1761185195.1514745,-1525.4752727262676,-1091.4991518179886,360.11122683342546,217.67152717104182,right_blink
1761185195.1514745,-1483.8950650189072,-1064.7663469347171,403.91293511446565,254.1018926394172,right_blink
1761185195.167081,-1568.9553496111184,-1151.9695942015387,343.0498032355681,159.11217366484925,right_blink
1761185195.167081,-1534.6081084180623,-1118.8191209943034,330.8876485796645,192.2925660717301,right_blink
1761185195.1678977,-1507.4938337393105,-1071.6365431533195,359.9130121357739,250.3582527837716,right_blink
1761185195.1678977,-1517.183914524503,-1104.3120490661822,374.67439726088196,218.1951131648384,right_blink
1761185195.1814153,-1552.0173427117988,-1151.2627531099133,329.1897339997813,182.2546745906584,right_blink
1761185195.1814153,-1506.2970657534897,-1080.6571818464436,364.5878870803863,233.5025236834772,right_blink
1761185195.1970885,-1506.6299168495461,-1072.7472934401594,399.16700207069516,230.26003042189404,right_blink
1761185195.1970885,-1570.9599359873682,-1148.8131186389364,340.1289413701743,178.33151953713968,right_blink
1761185195.197806,-1544.5637221001089,-1124.081160231959,337.4885720014572,197.5957442088984,right_blink
1761185195.197806,-1480.181344362907,-1051.272787894588,400.4198685558513,263.5862789270468,right_blink
1761185195.2114785,-1544.634780199267,-1130.9064776510932,373.85535917058587,184.01616746978834,right_blink
1761185195.2114785,-1526.7580584110692,-1106.5859082392417,347.99395097699016,225.02417048392817,right_blink
1761185195.2270944,-1515.557058043778,-1086.8467162731104,364.3597531830892,229.73270452814177,right_blink
1761185195.2270944,-1519.8467232929543,-1108.452118317131,396.7510266993195,199.1889415900223,right_blink
1761185195.227862,-1552.365153407678,-1131.1159120486118,335.61862202361226,192.17662917310372,right_blink
1761185195.227862,-1473.1241531465203,-1059.908216892276,370.5567674096674,263.0327737336047,right_blink
1761185195.2414193,-1499.1800361378118,-1086.8317566732876,394.4846473261714,238.57008812343702,right_blink
1761185195.2414193,-1570.2942337952554,-1163.8437765608542,342.013850947842,142.8286492577754,right_blink
1761185195.2571373,-1485.2937876023352,-1065.7162815234624,373.2569751776755,277.86895685782656,right_blink
1761185195.2571373,-1494.871671388857,-1075.1744885114022,383.94186935108155,236.7188376453705,right_blink
1761185195.2578113,-1539.7168117575347,-1123.407978239935,368.3913653353229,194.151296349708,right_blink
1761185195.2578113,-1568.5813596155494,-1147.4966738545336,313.31385868787766,161.68148493440822,right_blink
1761185195.2714589,-1485.959489794448,-1046.448316951748,395.7038547117263,270.5088337450288,right_blink
1761185195.2714589,-1501.0200669160113,-1115.6140267322771,396.298498804681,204.7838319237344,right_blink
1761185195.2871716,-1570.7879005894065,-1177.9469392937608,334.8706420324743,154.63551341788843,right_blink
1761185195.2871716,-1497.1829295614734,-1088.937320348341,361.9437778117135,241.34883379051462,right_blink
1761185195.2878184,-1499.5016675340012,-1090.3173434319906,384.56643264368176,209.05479767313227,right_blink
1761185195.2878184,-1544.0513558061793,-1142.5749655128457,355.8739201836288,168.20013055717573,right_blink
1761185195.3014424,-1533.0897090360522,-1123.0265084444545,347.26467048563063,193.36217745905742,right_blink
1761185195.3014424,-1483.7716483203694,-1094.0722029875033,401.76249263994396,230.17775262286887,right_blink
1761185195.317089,-1546.35887407884,-1166.8319566254504,365.81457426585257,160.6118735470809,right_blink
1761185195.317089,-1529.196473182179,-1146.1016911710612,344.3924273196608,176.6597842569463,right_blink
1761185195.3179052,-1477.5634143939242,-1094.9099405775778,404.83295050356537,210.1206691605039,right_blink
1761185195.3179052,-1506.510240050964,-1148.0127800484188,406.0184987895191,159.71803745767102,right_blink
1761185195.3314064,-1532.248231546022,-1180.9313794584014,360.3206612309441,140.7156057828106,right_blink
1761185195.3314064,-1454.9781585615128,-1105.6920721498318,415.342069379054,208.08990348456427,right_blink
1761185195.3471396,-1472.450971154496,-1152.111710399855,426.8385218428448,134.79908405290917,right_blink
1761185195.3471396,-1510.4894936038181,-1164.6852540508844,365.85197326540947,149.0181836844422,right_blink
1761185195.3478794,-1473.1129334466532,-1127.5854464904405,380.45628259237856,192.04199277469888,right_blink
1761185195.3478794,-1450.1686472184956,-1123.9278243337758,436.6594991264865,193.54917245684192,right_blink
1761185195.3614566,-1488.8392127603292,-1217.1710100290366,415.21491278056055,104.42361661279574,right_blink
1761185195.3614566,-1485.3274467019364,-1175.6244614212774,400.0720578599721,167.5830470644869,right_blink
1761185195.3771088,-1410.967015882954,-1109.9144191998057,457.8834313750267,210.62181575456634,right_blink
1761185195.3771088,-1445.362875775434,-1155.1821682634763,450.8075406588614,146.50123101426288,right_blink
1761185195.3778603,-1491.6254382273182,-1213.449809573125,394.5931044248864,116.71292786719278,right_blink
1761185195.3778603,-1427.0934644918889,-1157.1568354400806,429.10490121599287,178.3651786367409,right_blink
1761185195.391695,-1378.6617600657046,-1153.9218219784088,505.4998376108706,166.33766037924215,right_blink
1761185195.391695,-1466.444691825658,-1233.0581050408073,420.865901613608,132.25221218308434,right_blink
1761185195.407088,-1421.1283240625635,-1185.1425068085082,409.7209997456521,179.8461790191941,right_blink
1761185195.407088,-1394.3132413802668,-1170.9832455762662,452.1015460435301,171.64831831632182,right_blink
1761185195.4078798,-1412.268501067534,-1197.2710023648106,478.58751752972603,143.29239685228094,right_blink
1761185195.4078798,-1423.088031639345,-1208.0680935368873,443.443677646108,126.17861465504393,right_blink
1761185195.4214473,-1378.1194745721295,-1161.7643921854906,492.6757206628099,129.76517871255055,right_blink
1761185195.4214473,-1391.104407218285,-1183.444592228625,499.875028077513,169.01542874751613,right_blink
1761185195.4371507,-1414.3591051427647,-1261.1971123074181,443.3688796469942,132.43546728091314,right_blink
1761185195.4371507,-1364.6371352318674,-1161.083730393555,489.9381138952449,83.78684865729883,right_blink
1761185195.4378405,-1388.714611146599,-1196.3210677760653,482.17408158723265,215.55848369607702,right_blink
1761185195.4378405,-1420.2756268726662,-1221.7149884751998,451.1815306544304,112.64017681544647,right_blink
1761185195.4513958,-1405.888231743127,-1207.686623741407,451.52934135030955,145.4615388265811,right_blink
1761185195.4513958,-1350.6424295976758,-1160.118836204987,495.02437783498317,168.33850685553625,right_blink
1761185195.4672587,-1395.9064387613907,-1220.5032608895563,485.73446634504944,140.96617907984182,right_blink
1761185195.4672587,-1376.8927873866633,-1214.7213755580597,477.7460400396958,103.71303562121466,right_blink
1761185195.467842,-1324.7660618042573,-1180.8004829599522,530.3178137168288,114.15483629750088,right_blink
1761185195.467842,-1386.0480624781922,-1193.63581960788,533.0629002843052,130.1952672074549,right_blink
1761185195.4813693,-1428.1032374799252,-1241.17742784461,450.38493196386844,199.5255325860344,right_blink
1761185195.4813693,-1388.9502248438075,-1190.4980435450561,503.88046093005687,215.5697033959441,right_blink
1761185195.4971051,-1373.0406904323027,-1203.6437918893062,532.8160668872297,186.57799893943593,right_blink
1761185195.4971051,-1417.7586742024869,-1276.998189620208,503.03150364011526,95.26086172135547,right_blink
1761185195.4977908,-1395.5212290659547,-1242.0787437339313,574.011064899154,133.9389070631005,right_blink
1761185195.4977908,-1346.4687012471259,-1180.224538366776,613.5567670306191,184.31535946624354,right_blink
1761185195.5117693,-1429.1878084670752,-1241.5813370398246,563.5056859236211,156.04545570118353,right_blink
1761185195.5117693,-1426.536219398491,-1235.1561889159493,549.0883715944365,209.974813062232,right_blink
1761185195.527089,-1392.043122107163,-1220.1666698935442,643.045878181234,194.60756414430216,right_blink
1761185195.527089,-1381.8967735273764,-1235.7246537092142,724.2428461192176,158.07622137712315,right_blink
1761185195.5277653,-1443.5490242969245,-1279.7058771881275,613.8409994272515,199.71626748377457,right_blink
1761185195.5277653,-1467.8134952094406,-1261.0587360090576,659.1648469902575,206.01799890911207,right_blink
1761185195.5414789,-1418.2860000962391,-1228.4879472949542,787.8473246656358,221.37776802713051,right_blink
1761185195.5414789,-1468.1014675060287,-1299.890117248986,716.1048238156363,114.64102329174057,right_blink
1761185195.55726,-1461.4706248845905,-1273.9052923568524,743.4696717914194,193.5903113563545,right_blink
1761185195.55726,-1444.218466388993,-1250.029771039728,814.9167205449194,315.4736509122886,right_blink
1761185195.5579894,-1496.1656767735258,-1301.554372729268,800.6564820138738,276.53381257364526,right_blink
1761185195.5579894,-1528.0819829953834,-1324.3191437595524,786.6655162796378,191.847517977003,right_blink
1761185195.5713785,-1449.0504171317443,-1260.0003443215974,999.3311873599887,66.6805462599732,right_blink
1761185195.5713785,-1498.0655459510162,-1276.841113822069,927.5699870102108,242.11925318138674,right_blink
1761185195.5871918,-1547.2227909686044,-1351.6316331359558,872.0848312675953,313.2072715391405,right_blink
1761185195.5871918,-1551.5124562177807,-1318.7579125254415,893.6565742120147,329.7675485429354,right_blink
1761185195.5878513,-1499.1463770382106,-1278.7634223992936,1024.0444462671876,232.87796039087698,right_blink
1761185195.5878513,-1574.3445454472676,-1353.8194746100344,1044.905608220026,213.24722552346066,right_blink
1761185195.6015005,-1544.4627448013052,-1333.1004288555123,1085.3339267410338,100.11899176379666,right_blink
1761185195.6015005,-1539.8065693564713,-1290.1514177643694,1044.856989520602,269.35320465872064,right_blink
1761185195.6172016,-1612.293310297653,-1389.6626757853664,1077.1697251377627,230.66393961710855,right_blink
1761185195.6172016,-1635.7686623195186,-1374.5273006646894,1056.6189748812467,227.43640595534816,right_blink
1761185195.6178205,-1582.407769751735,-1306.5060002706014,1161.8934187339619,235.07328166486695,right_blink
1761185195.6178205,-1583.2567270416766,-1337.734164900612,1176.1424375651404,186.0282336459495,right_blink
1761185195.6314547,-1648.8358727646992,-1379.7930798023008,1142.9358658585697,213.9391070152633,right_blink
1761185195.6314547,-1603.3512095035985,-1328.1637609140016,1180.428362914361,241.84998038457707,right_blink
1761185195.647106,-1605.6587277762592,-1333.9980048448779,1226.006523674354,253.33147324854508,right_blink
1761185195.647106,-1687.4877388067544,-1394.8125180243514,1144.9928108341992,209.36894926941022,right_blink
1761185195.64789,-1666.5330793550238,-1382.7289012675174,1104.8375050099567,190.9200227879919,right_blink
1761185195.64789,-1619.4776581125334,-1311.7530799084343,1183.3380050798878,244.26221585599706,right_blink
1761185195.661412,-1658.3314787521958,-1365.9105711667798,1170.3268931340426,177.6957365446724,right_blink
1761185195.661412,-1669.8092317162082,-1359.0628143479116,1086.9794827215374,229.19041903456673,right_blink
1761185195.6771832,-1637.2384430021048,-1303.0465928115882,1117.182914763689,345.0338201620616,right_blink
1761185195.6771832,-1674.9067153558135,-1328.2348190131597,1095.2259621238336,249.53547479351982,right_blink
1761185195.677897,-1673.1826214762405,-1342.0126104499213,1024.8447848577052,209.10715627251193,right_blink
1761185195.677897,-1645.9262305991724,-1294.702876010444,1020.4466625098139,280.5616848259233,right_blink
1761185195.6914194,-1629.9680774882436,-1273.2059310651384,1039.0264854896814,274.8919964930974,right_blink
1761185195.6914194,-1683.9236141489819,-1344.4024065216072,962.1902409000322,215.72303929412737,right_blink
1761185195.707086,-1672.561798083596,-1303.701075303834,921.6459854803979,236.098014252726,right_blink
1761185195.707086,-1625.2969424435869,-1248.316896860022,951.5240462264046,317.3959594895132,right_blink
1761185195.7079165,-1651.539820432663,-1282.9034916502424,886.5358046963811,236.00825665378943,right_blink
1761185195.7079165,-1686.5303244180977,-1300.6567967399023,786.3513646833599,211.50443214410916,right_blink
1761185195.7214212,-1603.4372272025794,-1206.153264759574,816.0461703315377,221.37776802713051,right_blink
1761185195.7214212,-1617.4655919363722,-1234.5952039225958,757.0604682303965,313.32694833772257,right_blink
1761185195.7371185,-1670.7292471053079,-1277.5479549136944,677.0266091786325,255.04808732820675,right_blink
1761185195.7371185,-1634.3325407365337,-1211.2731877989136,647.9862860227004,302.25310456892475,right_blink
1761185195.737898,-1604.611555788666,-1185.845608000178,666.1883791070431,281.7734124115668,right_blink
1761185195.737898,-1666.6602359535173,-1241.9291477357037,588.4508186280727,258.8777448828332,right_blink
1761185195.75149,-1615.139374163933,-1190.969270939473,569.0556974578649,306.4193531195633,right_blink
1761185195.75149,-1550.0202361354604,-1139.4970278493129,641.067471104674,288.8231238280423,right_blink
1761185195.7671297,-1648.0691932737827,-1220.3087860918604,541.350518586114,275.6287567843683,right_blink
1761185195.7671297,-1656.412910074927,-1216.3482320387848,517.3889795700088,298.84979560924694,right_blink
1761185195.7678475,-1594.1398359127343,-1127.7911409880035,535.1497644595802,331.5926197213121,right_blink
1761185195.7678475,-1596.5857304837555,-1139.8186592455022,522.6584986075759,312.67246584547684,right_blink
1761185195.7814827,-1636.0154957165942,-1193.2992286118679,445.6950974194333,293.1539279767312,right_blink
1761185195.7814827,-1587.3930563926697,-1129.6573510658927,447.3705725995824,299.22004570486024,right_blink
1761185195.797093,-1577.897450405173,-1139.1230378537439,507.17905269097537,273.8971831048839,right_blink
1761185195.797093,-1640.3126407656819,-1181.79155644821,405.9624002901837,288.4902727319859,right_blink
1761185195.7978463,-1624.668639251031,-1143.7455541989766,379.49138840381056,328.095813262742,right_blink
1761185195.7978463,-1581.6710094604641,-1109.7760429014452,411.2319193277508,326.5063557815738,right_blink
1761185195.8114388,-1619.3168424144387,-1162.1795210805722,374.7753745596856,240.88134629605338,right_blink
1761185195.8114388,-1615.0496165649965,-1141.4529955261387,365.7285565668717,327.6245858683251,right_blink
1761185195.82713,-1569.0264077102765,-1089.5618836409412,359.6250398391858,349.3272253111936,right_blink
1761185195.82713,-1596.458573885262,-1129.231002470944,372.2172829899937,307.9078333019279,right_blink
1761185195.827878,-1631.542575369589,-1165.859582636971,324.7542126523331,269.8580911527388,right_blink
1761185195.827878,-1576.3005131240934,-1108.209024820011,291.9889491405338,326.93644427647814,right_blink
1761185195.841428,-1587.1574426954612,-1104.9478320586495,299.9848552457988,369.8966750674881,right_blink
1761185195.841428,-1602.3040375160053,-1125.7977743116207,230.31425897125155,275.91672908095643,right_blink
1761185195.857091,-1571.636857879348,-1072.9193288381211,228.9566752873361,337.45304295187816,right_blink
1761185195.857091,-1536.0517098009586,-1062.283053364139,269.0147437127307,350.1948821009137,right_blink
1761185195.8578842,-1582.1123176552355,-1102.9918643818237,268.6818926166743,288.66230812994763,right_blink
1761185195.8578842,-1584.565692026168,-1084.5765970000066,241.98648673295975,320.6122734514065,right_blink
1761185195.8714583,-1554.4482776829973,-1027.6553196744062,200.67181192245334,357.65598251251504,right_blink
1761185195.8714583,-1564.8451995598152,-1072.1227301475592,193.17331251129508,293.9729660670273,right_blink
1761185195.8872783,-1596.5034526847303,-1092.0788363111205,161.4888800866902,289.8702958156355,right_blink
1761185195.8872783,-1533.8115097275004,-1030.4004062418826,201.04580191802233,362.5178524549119,right_blink
1761185195.8878803,-1549.2311172448099,-1052.1703638839535,224.87644443567842,321.4574908413924,right_blink
1761185195.8878803,-1592.8682699277997,-1104.1063545686193,181.14579425379634,287.0878102486022,right_blink
1761185195.9014778,-1557.4813365470618,-1046.0182284568436,156.00992665160447,359.6381294890307,right_blink
1761185195.9014778,-1529.8808748740703,-1022.8271088316105,197.36948026157916,347.09824493760243,right_blink
1761185195.9171236,-1582.51622685045,-1086.0127185829915,157.0383991394192,275.49412038596347,right_blink
1761185195.9171236,-1576.4463692223653,-1069.8862699740566,136.59236608166248,306.5016309185885,right_blink
1761185195.9177985,-1530.5503169661388,-1022.2025455390103,179.1225083777681,350.9690413917415,right_blink
1761185195.9177985,-1551.4451380185783,-1061.3405985753052,186.03010359592736,307.22343161003664,right_blink
1761185195.9314768,-1573.8433988532051,-1096.005731264595,153.37703708279878,287.4206613446586,right_blink
1761185195.9314768,-1536.0816290006042,-1041.5714874095283,161.2644860893488,332.31068051280454,right_blink
1761185195.9470875,-1521.3239837754518,-1021.1104947519489,183.2027392294258,313.6224004342221,right_blink
1761185195.9470875,-1562.8967116829008,-1073.607470429968,137.18327027466148,284.3726428807713,right_blink
1761185195.9478042,-1547.5743415644392,-1057.8063931171782,135.52275469433516,297.8213231214322,right_blink
1761185195.9478042,-1522.3487163633108,-1033.0519953104667,190.24497084598988,319.6137201632373,right_blink
1761185195.961367,-1537.5214904835448,-1058.509494308848,192.41411282029003,314.77802952053025,right_blink
1761185195.961367,-1553.4796435944736,-1074.1871549231,154.5887646684423,271.230634436477,right_blink
1761185195.9771216,-1517.3148110229522,-1026.765223484952,173.77445144113153,297.88116152072325,right_blink
1761185195.9771216,-1537.5962884826586,-1062.668263059575,174.39901473373175,297.2640780280344,right_blink
1761185195.9778678,-1541.837335032411,-1065.7237613233738,153.10028448607773,271.821538629476,right_blink
1761185195.9778678,-1519.790624793619,-1046.4034381522797,171.87084236368537,286.4482873561792,right_blink
1761185195.9914503,-1506.8580507468432,-1052.04320728546,218.17080381512642,283.5648244903423,right_blink
1761185195.9914503,-1545.5173965888098,-1094.56960968161,158.51191972196102,258.7019695849158,right_blink
1761185196.0071058,-1532.2669310458004,-1045.7676551598124,177.53679079655558,280.95437432127073,right_blink
1761185196.0071058,-1504.07556517981,-1038.7104639434256,205.0624544704333,311.43829886009917,right_blink
1761185196.0077918,-1556.273348861374,-1109.3908332060091,156.91498244088143,225.77589037502185,right_blink
1761185196.0077918,-1540.498450848274,-1082.183061028365,159.1103037148714,254.18417043844238,right_blink
1761185196.0214195,-1471.5384355653077,-1034.3497405950911,208.3984452309087,279.1143435430713,right_blink
1761185196.0214195,-1506.162429355085,-1056.5348271322437,207.6504652397707,279.3050784408115,right_blink
1761185196.037172,-1550.5288625294343,-1082.871202620212,151.63424370344728,232.41047289641574,right_blink
1761185196.037172,-1499.4343493347988,-1035.726023778785,181.31408975180238,254.13181183906272,right_blink
1761185196.0379405,-1495.619651379995,-1038.7740422426723,224.0686260452494,269.3756440584548,right_blink
1761185196.0379405,-1540.775203444995,-1096.2899636612274,177.121661901474,216.31768338708207,right_blink
1761185196.051378,-1522.3300168635324,-1063.1058313543908,172.6375218546018,256.0989992157556,right_blink
1761185196.051378,-1472.2677160566673,-1033.2128110085614,215.57157334592193,263.294566730503,right_blink
1761185196.0671582,-1520.355349686928,-1067.1524031064473,210.1748977098614,259.1844166791998,right_blink
1761185196.0671582,-1528.3662153920159,-1077.8036381802522,176.99824520293623,241.15809889277443,right_blink
1761185196.0678833,-1491.7899938253686,-1043.6321722851135,190.7199381403625,270.4415155458264,right_blink
1761185196.0678833,-1519.005245802924,-1050.8239998999052,208.18527093343437,253.33147324854508,right_blink
1761185196.0815122,-1538.0525562772527,-1088.0247847591527,163.4523275634274,243.66009196313098,right_blink
1761185196.0815122,-1486.479335888289,-1033.0220761108212,204.6548053752631,270.6285105436109,right_blink
1761185196.097172,-1488.6634374624118,-1041.418151511345,235.02279301546514,243.32724086707458,right_blink
1761185196.097172,-1543.610047611408,-1104.132533868309,195.73514398094267,218.1913732648827,right_blink
1761185196.0978284,-1534.0957421241328,-1072.317204945255,201.25897621549666,229.235297834035,right_blink
1761185196.0978284,-1485.8098937962204,-1034.581614392344,240.25117315351963,277.8988760574721,right_blink
1761185196.1120837,-1532.4501861436293,-1073.1474627354182,203.0990069936961,233.81667527975515,right_blink
1761185196.1120837,-1548.928185348399,-1081.4575204369612,163.96095395740122,215.37148869829252,right_blink
1761185196.1127927,-1479.435234321747,-1023.9359891684726,215.43132709758356,259.40320082660764,right_blink
1761185196.1264539,-1497.4204132086597,-1064.8355350838974,241.08704079361632,236.73566719517112,right_blink
1761185196.1264539,-1546.3009056295268,-1100.2187285646796,196.5897111208178,221.26370107848197,right_blink
1761185196.1422005,-1511.7292704391293,-1048.7128263749182,195.82677152985707,256.66559405904263,right_blink
1761185196.1422005,-1491.9078006739728,-1050.2087863571942,249.78978799050674,232.50210044533014,right_blink
1761185196.1429584,-1515.9366578892805,-1067.7676166491583,216.72533248225227,240.61020354926586,right_blink
1761185196.1429584,-1525.0433142813854,-1075.3184746596962,196.13344332622364,233.57545173261315,right_blink
1761185196.156483,-1480.4637068095617,-1038.7759121926501,251.48770257038996,244.73905310034752,right_blink
1761185196.156483,-1516.7295166798867,-1074.948224564083,248.67903770366684,240.62142324913293,right_blink
1761185196.1721773,-1542.7367809717543,-1099.2276550764218,201.64605586091056,205.3167676674202,right_blink
1761185196.1721773,-1469.5469388389029,-1013.9504562867805,272.9360288162716,295.52315459866077,right_blink
1761185196.172822,-1523.3080007019453,-1079.458543910645,251.78689456684515,216.547687234357,right_blink
1761185196.172822,-1545.36967054056,-1095.8393057165667,206.23865300649777,199.3591070380062,right_blink
1761185196.1864784,-1473.791725288611,-1027.2046617297456,243.75358946202323,284.4979295292869,right_blink
1761185196.1864784,-1500.6404670705087,-1066.3464546659961,239.5798611114733,217.8790916185826,right_blink
1761185196.2020671,-1517.0062692766078,-1094.6126185311005,239.95385110704228,216.31581343710423,right_blink
1761185196.2020671,-1517.1409056750126,-1066.166939468123,227.33542865654454,232.68535554315895,right_blink
1761185196.202813,-1504.1447533289902,-1059.412680148147,268.5940049677156,221.40955717675388,right_blink
1761185196.202813,-1541.9551418810152,-1099.7400213703513,240.00994960637763,181.96483234409243,right_blink
1761185196.2164187,-1530.873818312306,-1073.3213680833578,218.51300466107205,226.8810308119282,right_blink
1761185196.2164187,-1492.1621138709597,-1044.2062469283119,253.5109884464182,240.16141555458307,right_blink
1761185196.2321508,-1496.9417060143314,-1080.5580744976178,268.1152977733873,214.99188885279,right_blink
1761185196.2321508,-1549.9585277861916,-1107.4928339784965,216.40370108606294,192.07004202436656,right_blink
1761185196.2328131,-1506.8300014971755,-1044.0865701297298,261.34233895363286,234.4431085223332,right_blink
1761185196.2328131,-1503.3892935379408,-1069.880660124123,273.2913193120621,209.2436626208946,right_blink
1761185196.2464075,-1539.4157498111017,-1105.64158350043,237.87820663163438,184.9380528088659,right_blink
1761185196.2464075,-1514.9605440008454,-1071.8702869005501,229.22781803412363,212.15330478642136,right_blink
1761185196.2622004,-1454.7743340139277,-1018.4271165337414,298.32994951540604,259.29474372789264,right_blink
1761185196.2622004,-1524.2429756908678,-1103.651956724003,263.2496879310347,195.5705883828923,right_blink
1761185196.2631016,-1540.6873157960363,-1109.2206677580252,225.77589037502185,185.17366650607437,right_blink
1761185196.2631016,-1463.0544725158252,-1012.8322262000293,296.36276213871315,274.1982450513169,right_blink
1761185196.2764492,-1494.5032912432216,-1059.147147251293,304.4970445423387,225.882477523759,right_blink
1761185196.2764492,-1559.0764038781635,-1134.2069393619895,227.6121812532656,159.72738720756024,right_blink
1761185196.2921906,-1480.7105402066372,-1040.6084631709382,281.95666750939563,253.70359329413623,right_blink
1761185196.2921906,-1484.1923870653845,-1063.0815220046788,292.7500187815167,232.1804690491408,right_blink
1761185196.2928982,-1544.2290010540746,-1106.7448539873585,267.0008075865917,191.96532482560724,right_blink
1761185196.2928982,-1535.1821830612607,-1103.9474088205025,232.0177834010683,194.874966991134,right_blink
1761185196.3063858,-1453.97399542341,-1016.7404216537252,323.59671361604705,292.6845705322921,right_blink
1761185196.3063858,-1533.2411749842577,-1092.4397366568446,278.4486413509585,197.55647525936365,right_blink
1761185196.3221388,-1545.1003977437504,-1108.9289555614814,242.60918007558212,178.35582888685167,right_blink
1761185196.3221388,-1461.9549419288523,-1021.6322107957676,330.56788713345304,255.58476297184825,right_blink
1761185196.3228624,-1517.836527066771,-1092.5893326550722,288.1948206354864,182.9372063325718,right_blink
1761185196.3228624,-1548.8515173993073,-1128.9486400242895,230.26377032184973,157.79759883042425,right_blink
1761185196.3365288,-1475.6317560668103,-1046.1547348052263,281.6612154128961,249.29051134642214,right_blink
1761185196.3365288,-1498.202052299399,-1053.541037217714,321.3191145430319,235.9315887046978,right_blink
1761185196.3521006,-1560.314310763497,-1124.842229872942,262.93927623471245,151.97083469945937,right_blink
1761185196.3521006,-1507.0880545941181,-1068.6427532387897,276.3281180760823,221.4020773768425,right_blink
1761185196.3529143,-1471.450547916349,-1052.5424839295447,347.1917424364947,247.7870715642348,right_blink
1761185196.3529143,-1537.8188125300221,-1121.536158312112,277.9250553571619,167.88036911096424,right_blink
1761185196.3663735,-1545.092917943839,-1117.4073087610304,245.96387033583596,175.0048785265535,right_blink
1761185196.3663735,-1471.873156611342,-1009.3167202416807,316.8387143961154,286.27064210828394,right_blink
1761185196.382131,-1508.9767040717416,-1079.0321953156963,308.03125000046566,209.29976112022996,right_blink
1761185196.382131,-1576.4968578717671,-1144.1962121436372,254.37490533618256,146.13285086862743,right_blink
1761185196.382842,-1473.4850534922443,-1027.7955659227446,326.96636347612366,271.1651861872524,right_blink
1761185196.382842,-1486.1670542419888,-1060.631887533702,339.91015722276643,226.42102311737835,right_blink
1761185196.3964236,-1554.8540568281896,-1142.8760274592787,277.2630930650048,135.24226219765842,right_blink
1761185196.3964236,-1504.365407426376,-1057.3295558728278,299.55289680091664,244.10701000783592,right_blink
1761185196.4121983,-1485.5649303491227,-1043.4545270372182,336.41709066415206,241.13004964310676,right_blink
1761185196.4121983,-1541.5923715853132,-1105.847277997993,303.95475904876366,178.2698111878708,right_blink
1761185196.412884,-1539.5840453091078,-1099.0406600786373,263.3394455299713,188.87990736216307,right_blink
1761185196.412884,-1455.1258846097626,-1016.0485401619226,343.4443626808934,283.8658864367753,right_blink
1761185196.4266047,-1522.634818709921,-1099.6315642716363,323.6191530157812,181.0822159545496,right_blink
1761185196.4266047,-1560.807977557648,-1141.8512948714197,268.56782566802576,153.43687548208982,right_blink
1761185196.4421637,-1482.2476390884258,-1039.8118644803762,340.63943771412596,266.25095764547586,right_blink
1761185196.4421637,-1503.7632835335098,-1064.0763353928924,342.7450013891794,223.35430515371263,right_blink
1761185196.442833,-1563.5680237249471,-1133.7244922677055,299.43322000233456,150.142023621127,right_blink
1761185196.442833,-1508.3521407791413,-1052.3442692318931,323.03572862269357,239.3012385647744,right_blink
1761185196.4564116,-1485.5574505492114,-1053.0623300233856,327.9050783650018,226.7015156140551,right_blink
1761185196.4564116,-1533.3795512826182,-1118.9780667424202,312.77344314428046,168.69566730130464,right_blink
1761185196.472162,-1503.6623062347062,-1081.9231379814446,307.62734080525115,211.45020359475166,right_blink
1761185196.472162,-1479.9326410158537,-1054.7602446032688,348.6690029189922,240.90565564576536,right_blink
1761185196.4729047,-1514.2611827091314,-1083.4527570633218,351.56742538465187,210.9490570006892,right_blink
1761185196.4729047,-1517.5186355705373,-1103.640737024136,321.55472824024037,213.83251986652613,right_blink
1761185196.4864924,-1497.9739184021018,-1074.731310366653,336.64896446140483,209.2885414203629,right_blink
1761185196.4864924,-1469.5880777384154,-1047.052310794592,376.2806842918508,254.51141168456525,right_blink
1761185196.5021417,-1556.2303400118835,-1129.3824684191495,315.3913731132634,181.0448169549927,right_blink
1761185196.5021417,-1500.0570426774211,-1062.9132265066728,317.07806799327955,222.81949946004897,right_blink
1761185196.5029495,-1477.5391050442122,-1055.5979821933433,354.4172291508876,229.53635978046805,right_blink
1761185196.5029495,-1520.9294243301265,-1109.6021375535056,331.9591299169697,178.72981888242066,right_blink
1761185196.5165012,-1522.0962731163017,-1089.515134891495,314.6396532221697,204.68098467495292,right_blink
1761185196.5165012,-1458.7947264662944,-1031.337251180783,373.2364057279192,271.0455093886703,right_blink
1761185196.5320735,-1536.5958652445115,-1118.3983822492883,353.09704446652904,171.58287006709725,right_blink
1761185196.5320735,-1538.6303708204068,-1121.4725800128654,314.40777942491695,176.3063637111336,right_blink
1761185196.5330424,-1478.4927795329131,-1059.173326550983,340.6581372139044,235.05271221511066,right_blink
1761185196.5330424,-1500.1767194760032,-1081.9044384816661,373.3448628266342,205.49628286529332,right_blink
1761185196.5465257,-1549.2329871947877,-1122.3738959021866,319.34070746647194,171.40335486922413,right_blink
1761185196.5465257,-1524.8862384832464,-1095.667270318605,325.3133276957087,195.07692158874124,right_blink
1761185196.5621688,-1489.0804363074712,-1057.954119165428,380.34221564373,227.4794148048386,right_blink
1761185196.5621688,-1545.9194358340465,-1125.1713410690427,330.44821033487096,176.13806821312755,right_blink
1761185196.562883,-1515.6973042921163,-1102.8740575332195,324.3110345075838,208.61161952838302,right_blink
1761185196.562883,-1501.9830911546014,-1075.333434259519,352.5210998733528,194.19056529924273,right_blink
1761185196.576522,-1527.2648148550652,-1111.6740421289578,348.38851042231545,187.14085388276726,right_blink
1761185196.576522,-1566.7992972866632,-1145.7370509253815,308.2706035976298,169.3351901937276,right_blink
1761185196.592218,-1494.521990743,-1053.671933716163,352.7006150712259,250.65183493029326,right_blink
1761185196.592218,-1520.6526717334054,-1095.1885631242767,367.32362389797345,220.1043320922181,right_blink
1761185196.5929484,-1560.5611441605724,-1152.001383351162,310.7688567680307,203.82454758509994,right_blink
1761185196.5929484,-1524.9011980830692,-1098.7713872818276,323.6154131158255,262.39886069111526,right_blink
1761185196.6064308,-1528.0539337457158,-1097.3016065992415,356.95288132084534,244.02847210876644,right_blink
1761185196.6064308,-1566.9414134849794,-1132.6025222809985,337.5839394503273,224.85774493589997,right_blink
1761185196.6220858,-1572.880374614615,-1124.744992474094,306.5764289177023,239.3386375643313,right_blink
1761185196.6220858,-1496.5153574193828,-1054.1955197099596,364.5934969303198,318.31036502867937,right_blink
1761185196.622933,-1558.2349263881333,-1130.5605369051918,342.24011489516124,221.34597887750715,right_blink
1761185196.622933,-1561.2268463526852,-1130.3735419074073,319.8381141605787,237.76039978303015,right_blink
1761185196.6365092,-1516.8080545789562,-1081.436950987205,337.4829621515237,292.9164443295449,right_blink
1761185196.6365092,-1516.1386124868877,-1078.5572280213237,368.6101494827308,272.47415117174387,right_blink
1761185196.651841,-1583.5091702886857,-1142.7301713610068,322.56076132832095,201.08694081753492,right_blink
1761185196.651841,-1525.8137336722575,-1070.9278321117163,345.9538355511613,295.8747051944956,right_blink
1761185196.6672125,-1521.92423771834,-1066.9897174583748,375.98897209530696,270.2788298977539,right_blink
1761185196.6672125,-1556.200420812238,-1135.7402983438224,328.94103065272793,209.90562491305172,right_blink
1761185196.6678288,-1528.1885701441206,-1097.7129955943674,341.71278900140896,267.2046321341768,right_blink
1761185196.6678288,-1498.4563654963858,-1051.7758044386283,387.96413175342605,282.93091144785285,right_blink
1761185196.6820867,-1544.4982738508843,-1110.477274143137,361.90824876213446,220.11555179208517,right_blink
1761185196.6820867,-1570.8944877381437,-1148.5868546916172,306.688625916373,204.74456297419965,right_blink
1761185196.682889,-1512.2079776334576,-1076.7097174432129,361.4968597670086,272.0889414763078,right_blink
1761185196.682889,-1517.6121330694295,-1090.420190680772,383.78292360296473,261.0599765069783,right_blink
1761185196.6964633,-1561.761652046349,-1149.6676857788116,332.46027651103213,197.34704086184502,right_blink
1761185196.6964633,-1544.561852150131,-1094.870671628043,349.64137690747157,245.06816429644823,right_blink
1761185196.7122128,-1499.0136105897836,-1058.4216066598892,399.81213481305167,269.8599611027166,right_blink
1761185196.7122128,-1568.9646993610077,-1152.2145576486364,345.7444011536427,180.65960725955665,right_blink
1761185196.7128758,-1534.8755112648942,-1111.008339936845,326.4352976824157,236.45143479853868,right_blink
1761185196.7128758,-1508.079128082376,-1083.5275550624356,364.87772932695225,243.09349711984396,right_blink
1761185196.7264504,-1553.234680147376,-1130.328663107939,363.13493594760075,195.82116167992353,right_blink
1761185196.7264504,-1565.2734181047417,-1141.5895018745214,339.16217723162845,195.2751362863928,right_blink
1761185196.7421217,-1515.495349694509,-1089.5861929906532,373.1915269284509,247.47291996795684,right_blink
1761185196.7421217,-1533.2075158846565,-1122.6506484989077,365.69676741724834,208.94447062443942,right_blink
1761185196.7428553,-1570.4157805438153,-1147.539682704024,353.2989990641363,190.30106934532523,right_blink
1761185196.7428553,-1554.2369733355008,-1128.458713130094,327.661984867882,211.09117319900542,right_blink
1761185196.7564893,-1487.7340723234229,-1068.3398213423789,403.2042240728624,266.50901074241847,right_blink
1761185196.7564893,-1572.181013322901,-1161.8111409349367,343.8557516760193,168.14216210786253,right_blink
1761185196.7721088,-1577.3345954618417,-1146.3391748182476,317.8260479844175,174.1147823370993,right_blink
1761185196.7721088,-1506.6392665994354,-1078.7965816184878,381.44174623070285,254.526371284388,right_blink
1761185196.7728465,-1529.475095728878,-1112.6651156172156,383.8988605015911,243.7404998121783,right_blink
1761185196.7728465,-1594.9607439530082,-1179.5756657244638,307.4328660075553,176.94588660355657,right_blink
1761185196.7864325,-1539.9281161050312,-1111.2663930337876,349.79471280565485,258.1540742414072,right_blink
1761185196.7864325,-1525.9857690702192,-1115.4737804839388,381.33702903194353,235.17238901369274,right_blink
1761185196.8023243,-1585.760590062011,-1151.627393355593,344.5551129677333,192.78062301594764,right_blink
1761185196.8023243,-1551.4694473682903,-1124.034411482513,342.1802764958702,240.81215814687312,right_blink
1761185196.8029325,-1543.4735412630253,-1107.7359274756163,375.7496184981428,243.25057291798294,right_blink
1761185196.8029325,-1545.6090241377242,-1121.1135496171191,365.1956208231859,232.76015354227275,right_blink
1761185196.816465,-1587.9110325365327,-1140.2132186908275,324.9542972999625,203.7235702862963,right_blink
1761185196.816465,-1504.2382508278824,-1069.689925226383,391.48711751168594,292.3629391361028,right_blink
1761185196.832167,-1559.5999898719601,-1146.4139728173614,364.50747923133895,192.25703702215105,right_blink
1761185196.832167,-1574.3538951971568,-1150.6587592670694,335.64667127327994,193.02745641302317,right_blink
1761185196.832966,-1500.4347725729458,-1072.9997366871685,381.25475123291835,276.03453592956066,right_blink
1761185196.832966,-1565.6025293008424,-1138.7733572078869,367.28248499846086,199.78171573299915,right_blink
1761185196.8464737,-1593.0870540752076,-1163.2996211173013,342.2962133944966,181.55718324892223,right_blink
1761185196.8464737,-1527.459289652761,-1092.1555042602122,364.193327635061,260.33443591557443,right_blink
1761185196.8620868,-1515.8655997901224,-1098.6068316837773,396.97355074668303,230.85654446482658,right_blink
1761185196.8620868,-1593.2067308737896,-1170.394211333245,342.97313528647646,158.48948032222688,right_blink
1761185196.8629165,-1544.864784046542,-1120.4328878251836,346.2156285480596,229.76449367776513,right_blink
1761185196.8629165,-1500.0420830775984,-1068.5230764402077,385.76881047943607,272.1674793753773,right_blink
1761185196.876407,-1553.6385893425904,-1137.9131802180782,372.0919963414781,193.50616360735148,right_blink
1761185196.876407,-1586.654426151421,-1171.6956965178251,323.3124812194146,170.53195817954838,right_blink
1761185196.892137,-1508.610193876084,-1082.3607062762603,401.3679331946187,273.7307575568557,right_blink
1761185196.892137,-1539.606484708842,-1121.4351810133085,388.21470505045727,222.28095386642963,right_blink
1761185196.892843,-1580.8014827207662,-1164.5263083027676,334.6518578850664,187.75045757554471,right_blink
1761185196.892843,-1546.9292088220827,-1120.7507793214172,336.5442472626455,220.79247368406504,right_blink
1761185196.906398,-1501.5567425596528,-1094.3957043336704,397.2054245439358,251.5643705194816,right_blink
1761185196.906398,-1548.3054920057766,-1137.494311423041,373.7188528222032,204.1312193814665,right_blink
1761185196.9221115,-1551.2263538711704,-1113.9666008017957,361.21262737037614,234.90311621688306,right_blink
1761185196.9221115,-1516.9501707772724,-1082.4766431748867,397.6953514381312,253.0416310019791,right_blink
1761185196.922829,-1560.905214956496,-1149.783622677438,373.5729967239313,187.85891467425972,right_blink
1761185196.922829,-1536.5397667451762,-1128.9336804244667,376.13856809353456,234.3309115236625,right_blink
1761185196.9366183,-1496.2161654229276,-1083.8678859584033,387.9117731540464,283.37221964262426,right_blink
1761185196.9366183,-1536.663183443714,-1120.6610217224807,396.6556592504494,207.55322784092277,right_blink
1761185196.9521685,-1578.041436553467,-1150.7185976663604,355.8944896333851,194.66179269365966,right_blink
1761185196.9521685,-1551.0917174727656,-1122.2691787034273,352.16580937756225,232.50584034528583,right_blink
1761185196.952889,-1490.6586740887724,-1057.482891771011,431.4442086382769,290.67250435613096,right_blink
1761185196.952889,-1559.831863669213,-1152.53244914487,372.62306213518605,184.21625211741775,right_blink
1761185196.966436,-1560.0038990671746,-1151.9826838513836,332.09002641541883,189.54186965432018,right_blink
1761185196.966436,-1494.6977660409175,-1062.610294610262,407.44527062261477,269.5308499066159,right_blink
1761185196.982123,-1539.7934797066264,-1116.9585207663476,382.92274661315605,214.09057296346873,right_blink
1761185196.982123,-1564.656334612053,-1133.0251309759915,352.4126427746378,211.74191579129547,right_blink
1761185196.9828107,-1545.8147186352871,-1109.9125492498279,380.981738536153,219.7378218965605,right_blink
1761185196.9828107,-1507.7462769863196,-1099.8933572685346,423.79611322889104,254.91158097982407,right_blink
1761185196.9965825,-1562.4909325377084,-1152.6558658434078,351.2906727879308,190.58530174195766,right_blink
1761185196.9965825,-1547.5724716144614,-1118.7536727450788,345.26943385927007,219.82757949549705,right_blink
1761185197.0121033,-1480.8414367050864,-1064.6560198860243,410.81866038264707,280.5710345758125,right_blink
1761185197.0121033,-1563.7811980224214,-1143.500590751879,374.0517039182596,202.8334740968421,right_blink
1761185197.012823,-1567.416380779352,-1139.6297942977399,339.35291212936863,195.6528661819175,right_blink
1761185197.012823,-1504.7468772218563,-1072.9997366871685,409.2479024012573,262.7504112869501,right_blink
1761185197.0264528,-1557.4944261969067,-1150.5241228686646,382.0850090230815,185.85058839805424,right_blink
1761185197.0264528,-1568.2428986695595,-1155.5056696096435,350.50529379723594,200.93734481930733,right_blink
1761185197.042092,-1509.0963808703236,-1068.3884400418028,384.37382779596373,275.2005382394418,right_blink
1761185197.042092,-1529.0562269338407,-1113.143822811544,391.33752151345834,206.25548255629838,right_blink
1761185197.042836,-1574.9821983897127,-1166.089586484246,360.31879128096625,178.0117580909282,right_blink
1761185197.042836,-1531.5507402042858,-1112.5080398190767,349.90316990436986,233.61285073217005,right_blink
1761185197.056496,-1492.2780507695861,-1083.2844615653157,410.0632005915977,252.71999960578978,right_blink
1761185197.056496,-1560.4975658613257,-1148.8374279886484,367.1216693003662,167.73825291264802,right_blink
1761185197.0721865,-1534.538920268882,-1129.1879936214536,371.21685975184664,235.0040935156867,right_blink
1761185197.0721865,-1504.7169580222107,-1089.5338343912736,411.0617538797669,232.28144634794444,right_blink
1761185197.0729058,-1543.7989125591703,-1141.6156811742112,390.52222332311794,182.6828931355849,right_blink
1761185197.0729058,-1572.4989048191346,-1143.8297019479796,339.31551312981173,211.27068839687854,right_blink
1761185197.0872033,-1499.6157344826497,-1077.3081014361233,385.14798708679155,259.3471023272723,right_blink
1761185197.0872033,-1519.620459345635,-1102.7282014349476,403.2865018718876,235.57629820890725,right_blink
1761185197.1021729,-1592.1109401867725,-1190.8477241909131,335.392358076293,140.93065003026277,right_blink
1761185197.1021729,-1495.5018445313908,-1086.0519875325263,394.96522447047755,267.40284683182836,right_blink
1761185197.1029408,-1476.4657537569292,-1083.7070702603087,441.28762532165274,256.31778336316347,right_blink
1761185197.1029408,-1547.7968656118028,-1178.5995518360287,393.44308518851176,173.9726661387831,right_blink
1761185197.1171458,-1565.269678204786,-1153.0934341382235,329.9096647412516,176.69157340656966,right_blink
1761185197.1171458,-1481.6380353956483,-1058.0401368644089,402.2916884836741,295.79242739547044,right_blink
1761185197.1179805,-1530.3969810679555,-1134.7697943053208,400.0664480100386,192.73013436654583,right_blink
1761185197.1314182,-1557.1858844505623,-1166.4654464297928,359.0060863965191,166.62937257578596,right_blink
1761185197.1314182,-1478.0645609879866,-1109.6900252024643,419.31197318201885,233.58480148250237,right_blink
1761185197.1471677,-1513.9825601624325,-1131.6881167418323,421.3988373572938,214.92270070360973,right_blink
1761185197.1471677,-1550.0239760354161,-1151.3562506088056,373.21022642822936,184.767887360882,right_blink
1761185197.1478672,-1517.7897783173248,-1129.8144268640317,381.8755746255629,177.9949285411276,right_blink
1761185197.1478672,-1479.1715713748708,-1099.9326262180693,449.84451642027125,285.558191166725,right_blink
1761185197.1614323,-1507.994980333373,-1163.5109254647978,411.82095357077196,211.42215434508398,right_blink
1761185197.1614323,-1504.5954112736508,-1178.777197083924,416.85859881108627,138.77459770580754,right_blink
1761185197.17716,-1432.4303017286584,-1077.4707870841958,480.85576685285196,230.31986882118508,right_blink
1761185197.17716,-1472.6005671527237,-1144.441175590735,457.096182434354,196.2194610252045,right_blink
1761185197.1780684,-1496.693002667278,-1172.1164352628402,425.68102280655876,215.46498619718477,right_blink
1761185197.1780684,-1447.75267184712,-1130.3567123576067,418.34333909349516,248.33870680769905,right_blink
1761185197.1913705,-1466.2315175281838,-1175.796496819239,484.5133890095167,213.18738712416962,right_blink
1761185197.1913705,-1483.5435144230723,-1189.233957360033,438.8566903504543,177.60597894573584,right_blink
1761185197.2069304,-1400.0091090127826,-1137.9786284673028,453.84994927281514,174.74495547963306,right_blink
1761185197.2069304,-1358.346623506397,-1138.2591209639795,571.2454088819213,105.71388209750876,right_blink
1761185197.2220895,-1472.6791050517932,-1244.1656079092063,506.01407385477796,125.31095786532387,right_blink
1761185197.2220895,-1394.2309635812417,-1166.8057773257606,528.5282715880312,139.11492860177532,right_blink
1761185197.2230077,-1386.9830374671146,-1135.719728894066,491.2190296300687,333.56728689791635,right_blink
1761185197.2230077,-1425.8555576065555,-1235.9153886069544,544.7856166954152,95.01776822423562,right_blink
1761185197.2372375,-1420.35042487178,-1241.4691400411539,566.050687843468,38.53031929349527,right_blink
1761185197.2372375,-1370.4825988626108,-1168.7580051026307,601.8938890188001,325.70601719105616,right_blink
1761185197.237947,-1411.8758115721866,-1234.4530877242796,656.3804914732464,181.97418209398165,right_blink
1761185197.237947,-1447.1879469538108,-1295.342398902867,661.9267631075345,103.79157352028415,right_blink
1761185197.2514315,-1403.1094860760495,-1227.4370354074053,702.2915033292957,143.50931104971096,right_blink
1761185197.2514315,-1380.225038247183,-1214.2576279635541,781.8541349866427,236.34484764980152,right_blink
1761185197.2671747,-1470.2107710810378,-1305.978674376849,788.1147275124677,25.238714850973338,right_blink
1761185197.2671747,-1477.589593693614,-1293.244315027725,786.8132423278876,199.8883028817363,right_blink
1761185197.2678638,-1447.9845456443727,-1276.8934724214487,819.2381749437191,211.29873764654621,right_blink
1761185197.2678638,-1462.693572170101,-1283.221383146476,884.9257777654566,121.98618680471554,right_blink
1761185197.2814279,-1498.8845840413123,-1329.3455692999996,855.432926714886,114.51012679329142,right_blink
1761185197.2814279,-1454.2002593707293,-1266.0328029501252,870.5271629360504,220.4240935384296,right_blink
1761185197.2971272,-1489.699389750138,-1302.4594285185449,867.3407681738026,114.80931878974661,right_blink
1761185197.2971272,-1483.4126179246232,-1339.5704557788558,898.9691020990722,83.53627536026761,right_blink
1761185197.2978468,-1503.6566963847727,-1290.832079556305,861.82441573916,289.95257361466065,right_blink
1761185197.2978468,-1475.599966917187,-1290.6413446585648,898.2248620078899,238.64488612255082,right_blink
1761185197.3114223,-1537.7271849811077,-1347.4092860859819,876.8101948616095,124.95566736953333,right_blink
1761185197.3114223,-1519.3605362987146,-1319.8836224121042,888.4412837238051,206.20499390689656,right_blink
1761185197.3271856,-1469.556288588792,-1263.6991053777747,928.8135037454776,297.7240857225843,right_blink
1761185197.3271856,-1530.0342107722536,-1342.379120645579,861.1699332469143,164.81926099723205,right_blink
1761185197.32786,-1535.083075712435,-1323.4477470698766,853.5180979375727,131.1526815961115,right_blink
1761185197.32786,-1500.2795667247847,-1267.1585128367878,877.1879247571342,273.27635971223935,right_blink
1761185197.3415005,-1520.5573042845353,-1306.5396593702026,872.8272014087997,223.98821819620207,right_blink
1761185197.3415005,-1547.4097859663889,-1339.929486174602,820.8351122247986,187.5840320275165,right_blink
1761185197.3571792,-1490.7615213375539,-1261.3392285057344,824.2496408843435,208.7855248763226,right_blink
1761185197.3571792,-1484.9010981069878,-1284.7734416280873,877.9209451484494,247.51966871740296,right_blink
1761185197.357902,-1531.1524408590049,-1341.5488628554158,866.5740886828862,114.33809139532968,right_blink
1761185197.357902,-1556.284568561241,-1294.9123104079627,731.690856880974,311.0568290646188,right_blink
1761185197.371447,-1502.3402516003698,-1257.569409350399,798.844500485342,269.2148283603601,right_blink
1761185197.371447,-1506.5289395507425,-1292.0213677422144,807.7267628801055,206.6313425018452,right_blink
1761185197.3871996,-1542.499297324568,-1316.7121872496791,753.8572439183481,179.01592122903094,right_blink
1761185197.3871996,-1462.140066976659,-1232.3961427486502,836.0864242441021,234.63945327000692,right_blink
1761185197.3878229,-1508.7504401244223,-1292.1672238404863,816.0480402815156,202.86900314642116,right_blink
1761185197.3878229,-1550.2408902328461,-1317.6396824386902,757.8364974712022,200.6699419724755,right_blink
1761185197.4015317,-1519.9177813921124,-1263.1493400842883,733.4448699601926,223.48707160213962,right_blink
1761185197.4015317,-1483.4836760237813,-1251.4883320224471,750.2856394606642,268.2648937716149,right_blink
1761185197.417194,-1540.8874004436657,-1325.6094092442654,731.7955740797333,157.18238528771326,right_blink
1761185197.417194,-1507.7967656357214,-1279.107493195217,721.5145891015418,205.39717551646754,right_blink
1761185197.4178972,-1445.931340568699,-1229.407962684054,771.7825844059698,203.60950333764777,right_blink
1761185197.4178972,-1527.1844070060179,-1279.8517332863994,752.7165744318627,238.57008812343702,right_blink
1761185197.4314117,-1549.4929102417082,-1313.5968505865894,677.8063783193938,198.38112319959328,right_blink
1761185197.4314117,-1482.316827237606,-1218.9100635084324,697.149140890222,264.0986452209763,right_blink
1761185197.447122,-1465.1207672413439,-1239.19902076805,748.153896485921,144.51534413779154,right_blink
1761185197.447122,-1543.9428987074643,-1314.0905173807405,624.3744276524521,252.3927583596669,right_blink
1761185197.447868,-1496.62194456812,-1240.96051364718,627.3476481172256,229.33627513283864,right_blink
1761185197.447868,-1449.850755722262,-1185.6922721019946,673.80094546685,235.0919811646454,right_blink
1761185197.4615078,-1517.6027833195403,-1275.9061388331465,633.1407531485893,196.01002662768587,right_blink
1761185197.4615078,-1500.5937183210626,-1256.2155655664392,597.9894334650598,210.09822976076975,right_blink
1761185197.4771788,-1447.1168888546526,-1180.1347807678394,638.4551509856246,265.87135779997334,right_blink
1761185197.4771788,-1502.639443596825,-1269.8063620054163,608.2404992436059,136.9009078280069,right_blink
1761185197.4778683,-1497.874811053276,-1234.5166660235263,537.178660185542,257.45284299971536,right_blink
1761185197.4778683,-1472.9969965480268,-1197.084007367026,542.2499645254575,250.51906848186627,right_blink
1761185197.4914992,-1482.642198533751,-1216.43050983781,531.6323885512538,222.52217741357163,right_blink
1761185197.4914992,-1503.772633283399,-1246.6601211796515,512.128810282331,220.43905313825235,right_blink
1761185197.5071638,-1467.072995018214,-1191.1413063374348,509.91478950856254,243.86578646069393,right_blink
1761185197.5071638,-1454.7911635637283,-1196.3958657751791,550.9115728228353,248.07317391084507,right_blink
1761185197.5078907,-1491.1542108329013,-1245.5979895922355,520.1172365876846,191.32393198320642,right_blink
1761185197.5078907,-1494.1199514977634,-1221.1278241821565,441.43348141992465,222.76153101073578,right_blink
1761185197.5214665,-1436.5329719800502,-1159.7411063094623,487.6623847722076,272.3600842230953,right_blink
1761185197.5214665,-1473.356026943773,-1200.9136649216525,475.1972982198931,240.5410154000856,right_blink
1761185197.5372744,-1496.8538183653727,-1241.745892637875,403.9522040640004,186.3274256424047,right_blink
1761185197.5372744,-1434.124476408586,-1152.4707407956012,472.7588834487833,321.7604227378033,right_blink
1761185197.538028,-1458.2767503224313,-1177.4607522995211,484.89111890504137,254.14677143888548,right_blink
1761185197.538028,-1512.8007517764345,-1239.756265861448,405.33596704760566,183.19338947953656,right_blink
1761185197.5514488,-1463.52756986022,-1148.8131186389364,408.86643260577694,285.3711961689405,right_blink
1761185197.5514488,-1413.8392590489239,-1106.4774511405267,445.9064017669298,310.2377909743227,right_blink
1761185197.5671864,-1499.587685232982,-1218.5061543132178,365.7042472171597,213.6735741184093,right_blink
1761185197.5671864,-1506.6373966494575,-1195.988216680009,340.4038240169175,218.21007276466116,right_blink
1761185197.5678904,-1434.666761902161,-1103.4443922764622,399.2100109201856,333.4700494990684,right_blink
1761185197.5678904,-1478.386192384176,-1165.2911178437062,361.6801148648374,241.75648288568482,right_blink
1761185197.581488,-1509.5694782147184,-1194.9672239921056,307.10375481145456,219.10764875402674,right_blink
1761185197.581488,-1474.7397899273783,-1116.6350194201805,344.53641346795484,310.6790991690941,right_blink
1761185197.5970433,-1477.9224447896704,-1123.4565969393589,328.2865481604822,283.2207536944188,right_blink
1761185197.5970433,-1536.4967578956857,-1176.6641536089592,275.82697148201987,249.617752592545,right_blink
1761185197.597916,-1499.00800073985,-1131.3403060459532,295.47640584921464,284.73167327651754,right_blink
1761185197.597916,-1455.266130858101,-1091.3906947192736,330.74366243137047,313.08011494064704,right_blink
1761185197.6114895,-1536.2835835982114,-1169.9697326882742,240.2418234036304,238.80570182064548,right_blink
1761185197.6114895,-1538.3854073733091,-1144.7328877872787,222.58575571281835,275.3744435873814,right_blink
1761185197.6271536,-1450.707192812115,-1038.4299714467488,316.03463590564206,393.70113828545436,right_blink
1761185197.6271536,-1522.0270849671215,-1136.2208754881285,263.60497842682526,243.41325856605545,right_blink
1761185197.627818,-1566.9619829347357,-1158.8547500199638,222.8999073090963,256.96291610552,right_blink
1761185197.627818,-1487.5863462751731,-1061.3592980750836,262.41943014087155,363.40046884445474,right_blink
1761185197.6414313,-1487.0029218820855,-1074.8191980156116,285.28143857000396,332.0563673158176,right_blink
1761185197.6414313,-1583.5110402386636,-1163.5595441642217,191.57076538028196,234.3514809734188,right_blink
1761185197.6571107,-1496.741621366702,-1063.4499021503143,246.01248903525993,342.38971089338884,right_blink
1761185197.6571107,-1501.5847918093204,-1068.809178786818,262.61016503861174,318.9031391716562,right_blink
1761185197.657834,-1579.2213749894872,-1128.4792825798504,189.0351132103242,256.9217772060074,right_blink
1761185197.657834,-1516.6715482305735,-1061.161083377432,219.44423975003883,339.34543232945725,right_blink
1761185197.6714718,-1509.1543493196368,-1042.7981745949946,252.11974566290155,348.16037652501836,right_blink
1761185197.6714718,-1542.0804285295308,-1090.324823231902,245.5450015407987,299.26118460437283,right_blink
1761185197.6871407,-1563.4913557758555,-1102.3112025898881,187.7037088260986,281.4480411154218,right_blink
1761185197.6871407,-1509.659235813655,-1027.501983776223,214.0139050143771,358.21322760591283,right_blink
1761185197.6879272,-1538.6920791696757,-1050.3864316050895,242.01079608267173,297.43611342599615,right_blink
1761185197.6879272,-1596.1743414886296,-1103.9829378700815,166.42367807822302,263.1113116326742,right_blink
1761185197.7014098,-1519.0688241021708,-1015.4034074195661,208.1946206833236,341.41733690490946,right_blink
1761185197.7014098,-1512.39684258122,-1013.3165432442911,248.11431281035766,329.74510914320126,right_blink
1761185197.717124,-1565.6006593508646,-1095.426046771463,192.31126557150856,245.27198884403333,right_blink
1761185197.717124,-1566.909624335356,-1070.6155504654162,185.35131175396964,290.3377833100967,right_blink
1761185197.7179108,-1526.1484547182918,-1012.7405986511149,222.2379450169392,332.0601072157733,right_blink
1761185197.7179108,-1560.529355010949,-1061.3106793756597,209.36894926941022,260.0221542692743,right_blink
1761185197.7314,-1605.9840990724042,-1101.3874473008327,159.33656766219065,218.52422436093912,right_blink
1761185197.7314,-1491.4683624291793,-971.5381208392791,234.40757947275415,374.10032261768356,right_blink
1761185197.7472014,-1553.292648596689,-1050.30789370602,211.76248524105176,272.7340742186643,right_blink
1761185197.7472014,-1595.048631601967,-1088.4099944545887,184.11340486863628,228.22552484599873,right_blink
1761185197.7478178,-1549.5714481407776,-1032.2553966199048,192.4758211695589,299.03679060703143,right_blink
1761185197.7478178,-1527.0572504075244,-1020.2016990627162,223.3112963042222,302.7131122634746,right_blink
1761185197.761441,-1585.8671772107482,-1096.2301252619363,191.61564417975023,221.6844398234971,right_blink
1761185197.761441,-1574.7671541422606,-1078.5703176711686,173.94087698915973,246.2443628325127,right_blink
1761185197.7771423,-1520.5760037843138,-1013.739151939284,238.04276222968474,304.51200414216146,right_blink
1761185197.7771423,-1576.2294550249353,-1095.0483168759383,206.36580960499123,224.14903389429674,right_blink
1761185197.778027,-1585.6839221129194,-1083.521945212502,174.67763728043064,250.72476297942922,right_blink
1761185197.778027,-1526.0437375195324,-1027.2925493787043,222.69421281153336,293.80093066906556,right_blink
1761185197.79145,-1521.3052842756733,-1009.2624916923232,262.45682914042845,301.92399337282404,right_blink
1761185197.79145,-1620.4388124011457,-1107.6293403268792,186.82483233651146,193.24250066047534,right_blink
1761185197.8071263,-1552.7204439034685,-1053.034280773718,201.43662146339193,263.90791032323614,right_blink
1761185197.8071263,-1486.3596590897068,-994.0822377721779,260.37744476506487,321.3191145430319,right_blink
1761185197.8078496,-1590.3513172576204,-1113.2952887597494,207.4503805921413,214.63098850706592,right_blink
1761185197.8078496,-1562.3432064894587,-1071.498166854959,208.24697928270325,252.35535936011001,right_blink
1761185197.8214495,-1520.056157690473,-1003.4170280615799,264.39035741752014,308.2107651983388,right_blink
1761185197.8214495,-1578.813725894317,-1077.5829840828665,227.70941865211353,218.29983036359772,right_blink
1761185197.83722,-1596.4548339853063,-1100.2056389148347,172.36637910781428,212.54412433179095,right_blink
1761185197.83722,-1519.8878621924669,-1008.1629611053504,242.41096537793055,295.798037245404,right_blink
1761185197.837931,-1547.8136951616034,-1064.5531726372428,259.966055769939,246.2069638329558,right_blink
1761185197.837931,-1598.2612056639045,-1102.9095865827985,221.65826052380726,204.25650602998212,right_blink
1761185197.8514264,-1553.3562268959358,-1054.7321953536011,231.4268792080693,263.67977642593905,right_blink
1761185197.8514264,-1534.563229618594,-1044.2081168782897,252.45633665891364,261.72006884915754,right_blink
1761185197.8671875,-1573.1776966610923,-1073.7196674286388,228.270403645467,218.11657526576892,right_blink
1761185197.8671875,-1553.4310248950496,-1076.1917412993498,215.34904929855838,227.95625204918906,right_blink
1761185197.8679636,-1529.8434758745134,-1039.1368125383742,259.38263137685135,262.01178104570135,right_blink
1761185197.8679636,-1571.988408475183,-1087.8938882607035,241.06834129383788,200.57270457362756,right_blink
1761185197.88154,-1578.5818520970643,-1086.7681783740409,221.2319119288586,218.05673686647788,right_blink
1761185197.88154,-1524.323383539915,-1033.942091499921,264.210842219647,255.45947632333264,right_blink
1761185197.8971612,-1563.4876158758998,-1075.5335189071484,271.5859249322675,207.76079228846356,right_blink
1761185197.8971612,-1591.9258151389658,-1104.917912859004,204.09195043193176,182.19857609132305,right_blink
1761185197.898,-1530.572756365873,-1040.404638623353,241.78640208533034,247.08958022249863,right_blink
1761185197.898,-1518.4106017099693,-1020.3662546607666,282.01650590868667,258.2943204897456,right_blink
1761185197.911444,-1599.2373195523396,-1118.1982976016589,243.21878376835957,150.50666386680678,right_blink
1761185197.911444,-1576.3491318235174,-1080.7207601456903,230.4208461199887,199.5255325860344,right_blink
1761185197.9271352,-1503.978327780962,-1007.7253928105347,291.0109653021209,268.60522466758266,right_blink
1761185197.9271352,-1564.2879544664174,-1081.4051618375815,258.0250476929359,198.36616359977052,right_blink
1761185197.927851,-1572.096865573898,-1085.1936804926954,234.7254709689878,203.27291234163567,right_blink
1761185197.927851,-1528.0483238957822,-1018.3392288847826,299.84086909750476,262.8756979354657,right_blink
1761185197.9413793,-1530.2436451697722,-1047.0953196440823,305.33104223245755,222.4548592143692,right_blink
1761185197.9413793,-1547.697758262977,-1057.7876936173998,275.2136278892867,226.13492077076808,right_blink
1761185197.9571955,-1546.6169271757826,-1042.0988133032806,250.9192377771251,234.2430238747038,right_blink
1761185197.9571955,-1537.8655612794682,-1067.9938805964775,291.938460491132,223.92837979691103,right_blink
1761185197.957883,-1595.8601898923516,-1114.133026349824,251.547540969681,164.0563214062713,right_blink
1761185197.957883,-1532.2070926465094,-1056.6545039308257,284.01735238498077,232.70592499291524,right_blink
1761185197.9713497,-1517.3709095222875,-1011.1548810699023,297.03594413073733,237.25738323898986,right_blink
1761185197.9713497,-1554.3360806843266,-1067.1411834065802,276.0102265798487,180.82603280758485,right_blink
1761185197.9871907,-1557.2831218494102,-1083.5256851124577,261.6153516503982,182.63240448618308,right_blink
1761185197.9871907,-1502.2467541014776,-1022.0716490405612,301.4527659784071,224.46692539053038,right_blink
1761185197.987846,-1505.6500630611554,-1026.1556197921745,325.40682519460097,235.63800655817613,right_blink
1761185197.987846,-1577.6580968080088,-1099.17716642702,289.81045741634443,158.77932256879285,right_blink
1761185198.0014656,-1509.4198822164908,-1022.2025455390103,300.1662403936498,241.947217783425,right_blink
1761185198.0014656,-1489.2057229559869,-1016.3122031087987,342.3747512935661,249.59157329285517,right_blink
1761185198.0170698,-1567.9792357226834,-1109.8583207004704,257.8829314946197,141.99091166770086,right_blink
1761185198.0170698,-1535.2962500099093,-1067.6423300006427,275.50907998578623,202.70070764841512,right_blink
1761185198.017799,-1451.1634606067091,-977.147970772814,370.6371752587147,299.14150780579075,right_blink
1761185198.017799,-1540.5956882471219,-1087.018751671072,316.8013153965585,178.48859533527866,right_blink
1761185198.0316124,-1571.6667770789936,-1106.9860775345005,271.1894955369644,170.3169139320962,right_blink
1761185198.0316124,-1480.7348495563492,-990.8659238102846,356.9678409206681,280.38964942796156,right_blink
1761185198.0472972,-1525.445353526622,-1059.149017201271,340.83017261186615,226.68842596421018,right_blink
1761185198.0472972,-1581.3680775640532,-1116.881852817256,282.8131045992486,151.00781046086922,right_blink
1761185198.0480394,-1522.707746759057,-1041.7248233077116,289.25321232294664,230.82475531520322,right_blink
1761185198.0480394,-1515.2391665475443,-1053.9580360627733,331.0278948280029,213.4529200210236,right_blink
1761185198.0615487,-1570.9524561874568,-1123.9353041336872,293.6812538704835,143.59906864864752,right_blink
1761185198.0615487,-1543.9316790075973,-1087.1122491699643,296.77789103379473,191.0733586861752,right_blink
1761185198.077178,-1482.5075621353462,-1012.9014143492095,384.99091128865257,265.28419350693,right_blink
1761185198.077178,-1571.1506708851084,-1112.371533470694,299.0405305069871,150.10649457154796,right_blink
1761185198.0778487,-1571.0870925858617,-1115.3223145357333,260.68411656143144,162.11531332926825,right_blink
1761185198.0778487,-1492.6913097146899,-1018.8403754788451,348.852258016821,269.72719465428963,right_blink
1761185198.091522,-1536.5678159948438,-1096.5255773584358,337.1426312555559,171.18083082186058,right_blink
1761185198.091522,-1571.1170117855072,-1132.4024376333691,285.4833931676112,137.7124661183916,right_blink
1761185198.107165,-1509.8798899110407,-1044.664384672884,339.49502832768485,236.9469715426676,right_blink
1761185198.107165,-1523.6913404474035,-1078.3272241740488,360.4796069790609,185.9571755467914,right_blink
1761185198.1078906,-1567.4032911295071,-1110.176212196704,317.8671868839301,158.97379736648872,right_blink
1761185198.1078906,-1543.0864616176113,-1084.7336727981456,284.533458578866,206.67996120126918,right_blink
1761185198.1221693,-1495.245661384426,-1026.4361122888513,355.8122118343599,256.6562443091534,right_blink
1761185198.1221693,-1573.604045256041,-1113.721637354698,308.7979294913821,144.98657153220847,right_blink
1761185198.1228516,-1561.4979890994728,-1114.589294144418,286.7381296027452,153.75850687827915,right_blink
1761185198.1364338,-1470.3192281797528,-1010.7771511743777,366.03896826319396,274.317921849899,right_blink
1761185198.1364338,-1531.3955343561247,-1088.9335804483853,356.7340971734375,178.3857480864972,right_blink
1761185198.1520956,-1575.1935027372092,-1119.6456388845108,308.2612538477406,154.86925716511905,right_blink
1761185198.1520956,-1519.162321601063,-1025.0710488050245,341.76701755076647,258.50936473719776,right_blink
1761185198.1528423,-1506.7458537481725,-1039.4210449350066,341.0414769593626,227.00818741042167,right_blink
1761185198.1528423,-1558.6743646329269,-1107.8387747243978,304.86168478801847,167.57743721455336,right_blink
1761185198.1664405,-1532.3417290449142,-1077.938274578657,327.3684027213603,219.31521320156753,right_blink
1761185198.1664405,-1469.978897283785,-1012.7705178507604,369.3226004242897,248.1909807594493,right_blink
1761185198.182181,-1539.2156651634723,-1087.2319259685464,359.7933353371918,195.71644448116422,right_blink
1761185198.182181,-1557.9824831411242,-1114.024569251109,326.455867132172,186.57986888941377,right_blink
1761185198.1828673,-1479.4558037715033,-1004.5988364475779,388.54194629658014,291.48406264651567,right_blink
1761185198.1828673,-1523.6352419480681,-1080.675881346222,366.25962236057967,211.00515550002456,right_blink
1761185198.1964376,-1556.5800206577405,-1110.9802906871773,313.90476288087666,187.3802074799314,right_blink
1761185198.1964376,-1512.939128074795,-1053.0043615740724,333.54671744816005,226.35744481813163,right_blink
1761185198.2121356,-1490.6007056394592,-1040.8683862178586,385.16855653654784,249.12595574837178,right_blink
1761185198.2121356,-1569.6995897023007,-1132.8549655280076,319.9222619095817,146.31610596645623,right_blink
1761185198.2128878,-1535.9956113016233,-1096.2039459622465,316.047725555487,199.17585194017738,right_blink
1761185198.2128878,-1486.7822677846998,-1049.283161118161,383.56787935551256,247.32332396972924,right_blink
1761185198.2265532,-1543.8456613086164,-1108.788709313143,354.6958516975865,183.2700574286282,right_blink
1761185198.2265532,-1577.9049302050844,-1130.0425607613288,308.72126154229045,165.47561343945563,right_blink
1761185198.242118,-1513.253279671073,-1045.0234150686301,369.89106521755457,247.9366675624624,right_blink
1761185198.242118,-1515.5869772434235,-1073.9478013259359,364.93195787630975,206.8052478497848,right_blink
1761185198.2427964,-1580.309685876593,-1150.3427377208136,302.28115381859243,142.89783740695566,right_blink
1761185198.2427964,-1521.8774889688939,-1071.4271087558009,340.5328505653888,218.64203120954335,right_blink
1761185198.2728736,-1503.9858075808734,-1069.7179744760506,388.49706749711186,217.86413201875985,right_blink
1761185198.2728736,-1561.5129486992955,-1141.3557581272908,346.5353899942711,144.61445148661733,right_blink
1761185198.273566,-1517.0081392265856,-1072.825831339229,355.5410690875724,237.43128858692944,right_blink
1761185198.273566,-1520.018758690916,-1075.900029102806,373.4065711759031,210.23473610915244,right_blink
1761185198.2743826,-1563.424037576653,-1131.59461924294,343.74168472737074,142.50514791160822,right_blink
1761185198.2743826,-1532.3267694450915,-1087.7816912620328,339.9793453719467,212.77786807902157,right_blink
1761185198.2864609,-1501.2369811134413,-1053.782260764856,380.05611329711974,241.73217353597283,right_blink
1761185198.2864609,-1543.789562809281,-1116.0104561275803,376.71264273673296,172.94793355092406,right_blink
1761185198.3021483,-1555.6151264691725,-1124.5374280265532,344.44852581899613,175.53594432026148,right_blink
1761185198.3021483,-1519.487692897208,-1067.3693173038773,350.6156208459288,231.93363565206528,right_blink
1761185198.3029027,-1493.5140877049416,-1056.6806832305156,385.56872583180666,228.75098078977317,right_blink
1761185198.3029027,-1565.836273048073,-1129.8967046630569,337.92614029627293,161.4514810871333,right_blink
1761185198.3164785,-1536.5827755946666,-1092.4752657064237,346.729864791967,212.90876457747072,right_blink
1761185198.3164785,-1506.7682931479067,-1062.488747861702,381.82508597616106,218.00624821707606,right_blink
1761185198.3321686,-1552.522229205817,-1125.348986316938,367.4676100462675,161.88156958203763,right_blink
1761185198.3321686,-1541.8560345321894,-1095.8075165669434,367.49378934595734,218.82902620732784,right_blink
1761185198.332941,-1506.4317021518946,-1058.0307871145196,377.59899902623147,240.90565564576536,right_blink
1761185198.332941,-1546.1232603816316,-1117.1660852138884,376.7762210359797,164.17412825487554,right_blink
1761185198.346451,-1534.2640376221389,-1112.7230840665288,364.04186168685555,207.2839550441131,right_blink
1761185198.346451,-1516.2601592354476,-1083.8211372089572,357.33248116634786,219.37879150081426,right_blink
1761185198.362148,-1506.2783662537113,-1069.5534188780002,395.35604401584715,224.2593609429896,right_blink
1761185198.362148,-1564.2767347665504,-1133.8348193163984,352.3958132248372,161.6347361849621,right_blink
1761185198.3629456,-1533.6245147297159,-1094.206839385908,358.23005715571344,222.46794886421412,right_blink
1761185198.3629456,-1503.7389741837978,-1075.4475012081675,394.28269272856414,226.34622511826456,right_blink
1761185198.3764355,-1553.7937951907516,-1124.0138420327567,381.4436161806807,173.88664843980223,right_blink
1761185198.3764355,-1548.1540260575712,-1120.7002906720154,354.7145511973649,197.99778345413506,right_blink
1761185198.3922813,-1506.3157652532682,-1065.7649002228864,368.9897493282333,228.08153869770467,right_blink
1761185198.3922813,-1540.4348725490272,-1122.031695056241,373.3205534769222,161.08123099152,right_blink
1761185198.3928828,-1533.1233681356534,-1098.8854542304762,372.56883358582854,221.25996117852628,right_blink
1761185198.3928828,-1524.8133104341105,-1092.7632380030118,356.7677562730387,218.98610200546682,right_blink
1761185198.4066455,-1511.1215366963297,-1096.6265546572395,385.1161979371682,190.28236984554678,right_blink
1761185198.4066455,-1551.1683854218572,-1122.4206446516328,374.4649628633633,189.72886465210468,right_blink
1761185198.422204,-1528.9832988847047,-1107.1431533326395,376.4321502400562,217.60607892181724,right_blink
1761185198.422204,-1512.987746774219,-1080.578643947374,398.9575676731765,239.87344325799495,right_blink
1761185198.4228745,-1548.6888317512348,-1120.0158889801241,385.31441263481975,195.06570188887417,right_blink
1761185198.4228745,-1545.0910479938611,-1127.5330878910609,357.93460505921394,204.18357798084617,right_blink
1761185198.4364605,-1497.2091088611633,-1068.8054388868622,384.23358154762536,232.72649444267154,right_blink
1761185198.4364605,-1533.6282546296716,-1100.3851541127078,411.95745991915464,186.04506319575012,right_blink
1761185198.4521246,-1549.616326940246,-1120.4197981753387,387.4087566100061,199.36284693796188,right_blink
1761185198.4521246,-1524.9666463322937,-1094.775304179173,361.9437778117135,208.73503622692078,right_blink
1761185198.4529111,-1513.3355574700981,-1080.301891350653,405.307917797938,233.91578262858093,right_blink
1761185198.4529111,-1565.4772426523268,-1148.3306715446524,350.5819617463276,175.57334331981838,right_blink
1761185198.4664586,-1546.3513942789286,-1104.2372510670684,353.9478717064485,185.274643804878,right_blink
1761185198.4664586,-1468.0304094068706,-1029.9703177469783,434.542715751566,281.85008036065847,right_blink
1761185198.4818609,-1567.0928794331849,-1143.0461929072626,381.91110367514193,169.80267768818885,right_blink
1761185198.4818609,-1588.3317712815478,-1161.7045537861995,356.58824107516557,163.10077696759254,right_blink
1761185198.497207,-1492.990501711145,-1048.183630531188,405.1957207992673,277.8409076081589,right_blink
1761185198.497207,-1530.4493396673352,-1120.4796365746297,394.28269272856414,195.13675998803228,right_blink
1761185198.497976,-1568.3120868187398,-1158.3311640261672,352.6202072221786,172.03913786169142,right_blink
1761185198.497976,-1532.0088779488578,-1094.3564353841357,382.45712906867266,205.18587116897106,right_blink
1761185198.5122447,-1513.9937798622996,-1087.4151810663752,410.0463710417971,224.07984574511647,right_blink
1761185198.5122447,-1562.073933692649,-1154.0078396773897,382.86851806379855,162.10222367942333,right_blink
1761185198.5129204,-1529.1777736824006,-1112.1097404737957,380.71433568932116,208.6527584278956,right_blink
1761185198.5129204,-1512.3444839818403,-1093.8926877896301,385.87165772821754,208.86593272536993,right_blink
1761185198.5265303,-1543.3856536140665,-1125.8052541115321,387.43119600974023,169.342669993639,right_blink
1761185198.5265303,-1562.0552341928706,-1135.6636303947307,369.584393421188,188.86120786238462,right_blink
1761185198.542103,-1505.2050149664283,-1076.0945039005019,401.8672098387033,243.76667911186814,right_blink
1761185198.542103,-1536.107808300294,-1129.100105972495,388.02210020273924,177.03938410244882,right_blink
1761185198.5429392,-1572.3885777704418,-1156.5322721474804,345.2039856100455,147.41563655342907,right_blink
1761185198.5429392,-1509.4759807158262,-1078.6338959704153,375.74774854816496,236.8553439937532,right_blink
1761185198.5564506,-1508.368970328942,-1083.667801310774,401.6278562415391,218.23812201432884,right_blink
1761185198.5564506,-1585.5605054143816,-1164.8872086484917,353.0166366174817,137.2468485739082,right_blink
1761185198.5720992,-1554.668931780383,-1122.2336496538483,362.661838603206,189.25763725768775,right_blink
1761185198.5720992,-1484.620605610311,-1062.4214296624996,413.0158516066149,244.51091920305043,right_blink
1761185198.5728536,-1548.565415052697,-1129.0926261725836,372.6211921852082,167.92150801047683,right_blink
1761185198.5728536,-1548.9955035476014,-1130.3380128578283,361.5735277161002,192.96013821382076,right_blink
1761185198.5864308,-1486.9468233827502,-1060.8581514810212,402.05420483648777,244.62311620172113,right_blink
1761185198.5864308,-1531.7396051520482,-1105.08620835701,414.8558823848143,197.37696006149054,right_blink
1761185198.6021683,-1573.4058305583894,-1126.530794702936,361.9475177116692,186.6434471886605,right_blink
1761185198.6021683,-1529.4059075796977,-1097.4493326474912,370.8036008067429,207.83372033759952,right_blink
1761185198.6028156,-1480.918104654178,-1063.2666470524855,425.06580926384777,257.0096648549661,right_blink
1761185198.6028156,-1544.4590049013495,-1145.0096403839998,382.76380086503923,180.66708705946803,right_blink
1761185198.6164837,-1535.2438914105296,-1119.1706715901382,373.9114576699212,201.05328171793371,right_blink
1761185198.6164837,-1491.4160038297996,-1079.8493634560145,416.3481024671346,230.44889536965638,right_blink
1761185198.6320963,-1535.3411288093776,-1129.870525363367,404.77685200423,199.93505163118243,right_blink
1761185198.6320963,-1551.7892088145018,-1147.2685399572365,349.80780245549977,187.7579373754561,right_blink
1761185198.632852,-1492.0069080227986,-1065.6788825239055,412.17811401654035,253.21740629989654,right_blink
1761185198.632852,-1526.1147956186906,-1127.327393393498,395.0867712190375,173.27330484706908,right_blink
1761185198.6465073,-1570.780420789495,-1157.2877319385298,356.97345077060163,158.45208132266998,right_blink
1761185198.6465073,-1510.6577891018242,-1090.8259698259644,400.6068635536358,253.21740629989654,right_blink
1761185198.6621933,-1521.9522869680077,-1107.7228378257714,411.22069962788373,208.04689463507384,right_blink
1761185198.6621933,-1560.8696859069169,-1143.1359505061992,383.76235415320843,206.61077305208892,right_blink
1761185198.663007,-1522.8610826572403,-1107.5769817274995,398.7817923752591,271.33722158521414,right_blink
1761185198.663007,-1518.5489780083299,-1093.3803214957006,429.56116901058704,286.22576330881566,right_blink
1761185198.6765041,-1574.9803284397349,-1154.980213665869,387.98470120318234,224.6296110386029,right_blink
1761185198.6765041,-1584.760166823864,-1168.2456388087012,369.7265096195042,235.65483610797673,right_blink
1761185198.6921377,-1501.121044214815,-1081.7828917331062,425.51085735857487,293.686863720417,right_blink
1761185198.6921377,-1543.4193127136678,-1138.3152194633149,413.07195010595024,232.64421664364636,right_blink
1761185198.6932273,-1576.2631141245365,-1167.5537573168986,365.45554387010634,226.94086921121925,right_blink
1761185198.6932273,-1523.6689010476694,-1099.356681624893,391.38801016286016,282.1380526572466,right_blink
1761185198.706588,-1527.8725485978648,-1101.854934795294,419.91970692481846,255.2369522759691,right_blink
1761185198.706588,-1597.6254226714373,-1175.8525953185745,374.7716346597299,198.095020852983,right_blink
1761185198.7221851,-1562.653618185781,-1131.1570509481244,376.67898363713175,251.62046901881695,right_blink
1761185198.7221851,-1510.8597436994314,-1085.5227916887961,416.50517826527357,282.71025735046715,right_blink
1761185198.7229185,-1549.1750187454745,-1145.3649308797903,400.57694435399026,230.17588267289102,right_blink
1761185198.7229185,-1565.727815949358,-1150.496073618997,368.27542843669653,224.0648861452937,right_blink
1761185198.7364128,-1497.5419599572197,-1070.7240075641312,423.22203858569264,298.08498606830835,right_blink
1761185198.7364128,-1550.8916328251362,-1136.3293325868435,411.8938816199079,213.60064606927335,right_blink
1761185198.752183,-1573.0355804627761,-1149.2731263334863,385.09375853743404,227.63649060297757,right_blink
1761185198.752183,-1524.106469342485,-1089.3935881429352,391.2234545648098,282.6167598515749,right_blink
1761185198.7529204,-1537.9590587783605,-1124.9450771217234,409.02537835389376,238.76643287111074,right_blink
1761185198.7529204,-1580.2648070771247,-1172.299690360669,378.23852191865444,188.58445526566356,right_blink
1761185198.766427,-1547.806215361692,-1125.6219990137033,369.7639086190611,242.80552482325584,right_blink
1761185198.766427,-1496.5060076694936,-1069.4337420794182,430.48118439968675,303.5190607039258,right_blink
1761185198.7822044,-1592.2212672354653,-1183.130440632347,375.590672750026,183.32241602800786,right_blink
1761185198.7822044,-1569.467715905048,-1139.0631994544528,378.15624411962926,244.06587110832334,right_blink
1761185198.7828228,-1515.3251842465252,-1096.2263853619806,396.4518347028643,267.9787914250046,right_blink
1761185198.7828228,-1533.5010980311781,-1107.5732418275438,405.20694049913436,242.9663405213505,right_blink
1761185198.7964387,-1598.6239759596065,-1178.765977384057,362.1008536098525,180.84660225734115,right_blink
1761185198.7964387,-1521.346423175186,-1100.0784823163413,391.5563056608662,268.59213501773775,right_blink
1761185198.812149,-1507.523752938956,-1076.1206832001917,426.5281101465225,274.99858364183456,right_blink
1761185198.812149,-1584.7040683245286,-1164.232726156246,373.64218487311155,180.13602126576006,right_blink
1761185198.812851,-1538.8154958682135,-1112.0499020745046,385.05635953787714,269.22417811024934,right_blink
1761185198.812851,-1512.8344108760357,-1102.4009601888247,424.69555916823447,237.50982648599893,right_blink
1761185198.82647,-1534.0920022241771,-1134.3733649100177,425.0171905644238,205.99742945935577,right_blink
1761185198.82647,-1566.2177428435534,-1156.9436611426063,351.1766058392823,185.51399740204215,right_blink
1761185198.8421557,-1508.428808728233,-1077.444607784506,417.03624405898154,299.6707036495209,right_blink
1761185198.8421557,-1540.2740568509325,-1133.176596924197,416.1311882697046,219.39375110063702,right_blink
1761185198.8428557,-1566.5917328391224,-1146.1129108709283,391.9302956564352,196.81971496809274,right_blink
1761185198.8428557,-1512.202367783524,-1131.0336342495866,402.9293414261192,217.04509392846376,right_blink
1761185198.8564982,-1490.7764809373766,-1103.4032533769496,448.8852320816368,276.9395917188376,right_blink
1761185198.8564982,-1568.4130641175434,-1173.3057234487496,378.97528220992535,155.93886855244637,right_blink
1761185198.8721318,-1536.0928487004712,-1144.9535418846644,373.22705597802997,227.30363950692117,right_blink
1761185198.8721318,-1488.154811068438,-1095.9907716647722,443.2118038488552,257.7576448461041,right_blink
1761185198.8728533,-1520.1795743890107,-1196.7885552705266,453.83311972301453,75.29166590794921,right_blink
1761185198.8728533,-1530.0304708722979,-1204.80316087557,453.27213472966105,192.88160031475127,right_blink
1761185198.886479,-1495.8477852772921,-1086.5699636763893,404.1485488116741,319.54079211410135,right_blink
1761185198.886479,-1453.4821985792369,-1125.6893172129057,448.75433558318764,227.7748669013381,right_blink
1761185198.9021611,-1528.4559729909524,-1216.7334417342208,387.09834491368383,135.7284491918981,right_blink
1761185198.9021611,-1451.5224910024554,-1107.5021837283857,518.2940353592858,284.22865673247725,right_blink
1761185198.9028876,-1462.8169888686389,-1150.013626524713,446.5178754096851,272.06650207657367,right_blink
1761185198.9028876,-1490.843799136579,-1168.1409216099419,399.0398454722017,210.9939358001575,right_blink
1761185198.916428,-1455.4867849554867,-1157.7626992329024,420.7125657154247,225.53466682787985,right_blink
1761185198.916428,-1404.1828373633325,-1117.6111333086155,510.48138435184956,216.49906853493303,right_blink
1761185198.932119,-1443.4630065979436,-1145.7239612755366,525.4260245747864,191.46791813150048,right_blink
1761185198.932119,-1455.3409288572147,-1189.2189977602102,414.96059958357364,131.6556981401518,right_blink
1761185198.932881,-1365.4075546227396,-1104.1287939683534,544.4733350491151,247.16250827163458,right_blink
1761185198.932881,-1415.357658430934,-1151.7265007044189,533.511688278988,239.32367796450853,right_blink
1761185198.9464805,-1459.9372659027576,-1210.2035764115863,508.08036858029664,166.47416672762483,right_blink
1761185198.9464805,-1410.2489550914615,-1161.1697480925359,547.1922423169017,200.70921092201024,right_blink
1761185198.9621437,-1383.396473409608,-1144.1644229940139,616.3579520974308,197.99404355417937,right_blink
1761185198.9621437,-1464.2418907517567,-1223.5138803538866,566.9127347832546,166.25351263023913,right_blink
1761185198.9629045,-1434.6854614019394,-1194.806408294011,561.2093873508275,227.27372030727565,right_blink
1761185198.9629045,-1412.560213264078,-1182.1917257434689,592.0635619852692,224.01626744586974,right_blink
1761185198.976465,-1418.9217830887064,-1203.4867160911672,621.4442160371691,179.6760135712102,right_blink
1761185198.976465,-1434.509686104022,-1248.3991746590473,583.4131733877584,143.75801439676434,right_blink
1761185198.9921625,-1378.9646919621155,-1153.95548107801,602.7073172591627,268.528556718491,right_blink
1761185198.9921625,-1428.9895937694237,-1212.739228581544,595.8782599400729,205.5823005642742,right_blink
1761185198.992843,-1465.5022370368242,-1260.9502789103426,561.6394758457318,152.21392819657922,right_blink
1761185198.992843,-1393.0491551952437,-1188.7776895654388,589.7223846130073,226.35370491817594,right_blink
1761185199.00644,-1401.160998199135,-1218.7043690108694,600.6204530838877,165.07170424424112,right_blink
1761185199.00644,-1415.6157115278766,-1222.9566352604888,590.8555742995813,125.64193901140243,right_blink
1761185199.0220432,-1480.2823216617107,-1254.3643150883727,543.7702338574454,270.5331430947408,right_blink
1761185199.0220432,-1412.02914747037,-1206.6656310535036,562.2116805389524,251.897221615538,right_blink
1761185199.0228155,-1436.6975275781006,-1237.6282627866603,561.1645085513592,146.49188126437366,right_blink
1761185199.0228155,-1445.6994667714462,-1244.5283782049082,552.1102107586339,192.32435522135347,right_blink
1761185199.0364842,-1417.28744680807,-1191.754649930168,587.747717436403,289.27004187274724,right_blink
1761185199.0364842,-1459.0022909138352,-1242.8454232248478,552.3458244558424,199.1347130406648,right_blink
1761185199.0522246,-1487.9416367709637,-1269.7315640063025,560.5623846584931,176.16798741277307,right_blink
1761185199.0522246,-1426.1958885025233,-1208.120452136267,590.4965439038351,236.75062679499388,right_blink
1761185199.053023,-1404.0295014651492,-1232.2203674507327,639.3770363247022,171.33229677006602,right_blink
1761185199.053023,-1503.3799437880516,-1279.1374123948626,576.9955050637946,168.51615210343152,right_blink
1761185199.0664852,-1473.2026910455897,-1232.8411908433773,568.3862553657964,274.0187298534438,right_blink
1761185199.0664852,-1444.2521254885942,-1220.133010793943,640.4279482122511,216.98525552917272,right_blink
1761185199.0821364,-1472.4135721549392,-1265.9318256513216,621.4180367374793,173.98762573860586,right_blink
1761185199.0821364,-1485.260128502734,-1265.2773431590758,607.4756897026673,157.64052303228527,right_blink
1761185199.083018,-1416.0308404229581,-1188.3588207704015,666.3304953053594,285.96397031191736,right_blink
1761185199.083018,-1462.4841377725825,-1254.854241982568,637.1405761511996,178.90933408029377,right_blink
1761185199.096459,-1509.6854151133448,-1284.8557194271125,592.8826000755653,180.5324506610632,right_blink
1761185199.096459,-1447.546977349557,-1224.3478780440055,644.8709493596107,234.9629546161741,right_blink
1761185199.1122096,-1454.5443301666528,-1219.6206445000134,669.5468092672527,234.06537862680852,right_blink
1761185199.1122096,-1496.1581969736144,-1287.9673161902465,658.2971902005374,151.97831449937075,right_blink
1761185199.112931,-1487.5003285761923,-1248.2121796612628,618.2540813749656,250.53963793162256,right_blink
1761185199.112931,-1438.152348660864,-1210.7271624053828,676.790995481424,219.0347207048908,right_blink
1761185199.1271574,-1514.8352573523298,-1276.0893939309753,669.2027384713292,200.9149054195732,right_blink
1761185199.1271574,-1496.3003131719306,-1266.9677779390477,623.5011610127985,193.03493621293455,right_blink
1761185199.1279268,-1448.8148034345359,-1224.136573696509,650.5817765919492,241.83876068471,right_blink
1761185199.14155,-1474.9417445249856,-1241.8113408870995,668.5407761791721,223.13552100630477,right_blink
1761185199.14155,-1511.4057690929621,-1267.9981203768402,615.5688332067803,207.73087308881804,right_blink
1761185199.1572251,-1472.95959754847,-1210.1306483624503,619.3236927622929,255.51931472262368,right_blink
1761185199.1572251,-1466.482090825215,-1235.1692785657942,652.1263552736491,206.69492080109194,right_blink
1761185199.1579337,-1494.7968733897433,-1278.9709868468344,618.0708262771368,159.9461713549681,right_blink
1761185199.1579337,-1469.2870157919824,-1227.3416679585353,602.01543576736,246.36777953105047,right_blink
1761185199.1714544,-1433.0698246210814,-1189.860390602611,648.6220690151677,230.23385112220421,right_blink
1761185199.1714544,-1489.5198745522648,-1255.1889630286023,618.1344045763835,212.75729862926528,right_blink
1761185199.1871536,-1488.540020763874,-1244.8668391508982,546.4704416254535,218.28113086381927,right_blink
1761185199.1871536,-1434.8649765998125,-1177.414003550075,595.0405223499984,269.2858864595182,right_blink
1761185199.1878965,-1480.9517637537792,-1249.983022290282,571.5838698279113,209.22309317113832,right_blink
1761185199.1878965,-1487.575126575306,-1262.5453462414443,558.0716112880036,174.6963367802091,right_blink
1761185199.2014728,-1438.586177055724,-1199.341036990285,581.5918421093374,245.79557483782992,right_blink
1761185199.2014728,-1461.2911096867174,-1217.9283397700638,589.1314804200083,207.17736789537594,right_blink
1761185199.217157,-1493.3607518067583,-1250.4617294846103,544.4060168499127,228.99594423687086,right_blink
1761185199.217157,-1471.6842916635796,-1216.2453847900033,539.8994374033064,226.76696386327967,right_blink
1761185199.2178729,-1439.4837530450895,-1213.6162351211533,571.2958975313231,218.0529969665222,right_blink
1761185199.2178729,-1482.9152112305164,-1236.149132354185,545.7149818344042,178.96356262965128,right_blink
1761185199.2314696,-1483.0498476289213,-1227.4389053573832,494.62046863976866,220.7943436340429,right_blink
1761185199.2314696,-1437.0116791743785,-1179.3774510268122,523.4550972981378,260.01467446936294,right_blink
1761185199.247183,-1477.410078495741,-1227.3042689589784,521.2410765243694,199.08796429121867,right_blink
1761185199.247183,-1484.2877545142546,-1239.5337418140844,476.99058024864644,195.35180423548445,right_blink
1761185199.2479045,-1461.1938722878695,-1211.2226991495118,492.855235860683,240.2792224031873,right_blink
1761185199.2479045,-1449.8881547218189,-1189.3255849089473,525.7289564711973,218.91317395633087,right_blink
1761185199.2615087,-1486.3783585894853,-1244.2310561584309,455.53103430289775,170.42537103081122,right_blink
1761185199.2615087,-1463.0713020656258,-1184.7741266628727,467.9250627560541,248.04325471119955,right_blink
1761185199.2771883,-1433.1072236206383,-1158.549948173575,481.87114969082177,248.12927241018042,right_blink
1761185199.2771883,-1479.5006825709715,-1214.5399904102087,444.70776383113116,210.17302775988355,right_blink
1761185199.2779093,-1489.1608441565186,-1218.0779357682914,420.54801011737436,198.20534790167585,right_blink
1761185199.2779093,-1418.58893199265,-1138.5227839108557,475.83869106229395,269.67483605491,right_blink
1761185199.2915027,-1462.8244686685503,-1190.6831685928628,456.1406379956752,216.37378188641742,right_blink
1761185199.2915027,-1467.929432108067,-1215.5684628980234,444.16173843760043,203.18315474269912,right_blink
1761185199.3071797,-1441.0769504262134,-1168.8047538520768,417.4177138544619,246.1770446333103,right_blink
1761185199.3071797,-1456.036550248973,-1150.602660767734,435.78810243681073,239.85661370819435,right_blink
1761185199.307863,-1504.932002269663,-1205.538051216863,380.9611690863967,199.03186579188332,right_blink
1761185199.307863,-1480.2411827621982,-1172.3800982097164,390.61011097207665,242.12299308134243,right_blink
1761185199.3214664,-1422.4185895472765,-1134.9661390529945,435.19345834385604,272.5246398211457,right_blink
1761185199.3214664,-1483.7978276200593,-1197.6319027105346,404.8927889028564,192.65159646747634,right_blink
1761185199.3371053,-1482.3018676377833,-1204.5581974284723,379.2258555069566,186.24888774333522,right_blink
1761185199.3371053,-1436.4955729804933,-1125.9978589592502,423.18089968618006,266.0770522975363,right_blink
1761185199.337892,-1463.7370042577386,-1156.7510562948883,431.1281870920211,256.8357595070265,right_blink
1761185199.337892,-1523.661421247758,-1213.3320027245209,342.3803611434996,179.49462842335925,right_blink
1761185199.3514524,-1460.958258590661,-1131.3646153956652,381.439876280725,270.9725813395344,right_blink
1761185199.3514524,-1435.8635298879817,-1136.9071471299976,435.18597854394466,238.6860250220634,right_blink
1761185199.3671277,-1499.381990735419,-1185.8586976500228,362.08589401002973,210.98458605026826,right_blink
1761185199.3671277,-1483.6145725222304,-1155.210217513144,351.565555434674,257.2995071015321,right_blink
1761185199.36788,-1455.2997899577022,-1117.2539728628471,414.43701358977705,258.9263635822572,right_blink
1761185199.36788,-1494.909070388414,-1166.100806184113,369.30390092451125,211.4932124442421,right_blink
1761185199.3814802,-1517.3222908228636,-1174.0219142902642,327.58905681874603,229.81124242721125,right_blink
1761185199.3814802,-1444.3531027873978,-1111.3972895322368,395.3784834155813,271.4737279335968,right_blink
1761185199.3972948,-1489.0935259573162,-1138.9304330060259,387.61445110756904,223.3150362041779,right_blink
1761185199.3972948,-1510.5680315028876,-1149.9332186756656,341.22473205719143,228.84634823864326,right_blink
1761185199.398042,-1481.2509557502344,-1124.7524722740054,325.6443088417873,253.93733704136685,right_blink
1761185199.398042,-1482.402844936587,-1127.3891017427668,378.94162311032414,231.75225050421432,right_blink
1761185199.4115112,-1541.96823153086,-1185.615604152903,334.40689443796873,210.79385115252808,right_blink
1761185199.4115112,-1493.4991281051189,-1123.8249770849943,336.6508344113827,285.21038047084585,right_blink
1761185199.427171,-1476.1459923107177,-1083.8940652580932,370.0743203153834,274.1814155015163,right_blink
1761185199.427171,-1523.9045147448778,-1155.2438766127452,338.5320040890947,212.01679843803868,right_blink
1761185199.4279149,-1538.1647532759234,-1151.4291786579415,301.6154516264796,253.3576525482349,right_blink
1761185199.4279149,-1490.6605440387502,-1073.3587670829147,346.3820540960878,339.5436470271088,right_blink
1761185199.4414675,-1520.1421753894538,-1113.5701714064926,339.5716962767765,254.87231203028932,right_blink
1761185199.4414675,-1553.3150879964232,-1146.8066623127088,297.4753823755309,222.73909161100164,right_blink
1761185199.4571047,-1500.481521322392,-1079.4622838106006,313.7327274829149,290.69307380588725,right_blink
1761185199.4571047,-1488.0239145699888,-1086.2576820300892,367.920137940906,294.4479333613999,right_blink
1761185199.4578977,-1564.0897397687659,-1167.9520566621795,275.60070753470063,206.14515550760552,right_blink
1761185199.4578977,-1526.675780612044,-1100.5702791605145,288.7389760790393,312.7510037445463,right_blink
1761185199.4714453,-1493.293433607556,-1063.1937190033495,346.44189249537885,319.1798917683773,right_blink
1761185199.4714453,-1567.1601976323873,-1126.2259928565472,287.8451399896294,234.25424357457086,right_blink
1761185199.4872787,-1551.5610749172047,-1098.2627608878538,288.75019577890635,286.1191761600785,right_blink
1761185199.4872787,-1503.3051457889378,-1061.7201984208077,325.65178864169866,324.25867590820417,right_blink
1761185199.4879146,-1532.6857998408377,-1112.5940575180575,311.71692140679806,258.6234316858463,right_blink
1761185199.4879146,-1557.0774273518473,-1107.8630840741098,290.78844125475734,260.2802073662169,right_blink
1761185199.5015235,-1517.5504247201607,-1079.5221222098917,295.71388949640095,286.2687721583061,right_blink
1761185199.5015235,-1516.5855305315927,-1073.1081937858835,336.03375091869384,299.88574789697304,right_blink
1761185199.5173612,-1583.204368442297,-1129.0346577232704,269.4560519075021,219.39562105061486,right_blink
1761185199.5173612,-1545.188285392709,-1084.462530051358,295.3361596008763,322.71409722650424,right_blink
1761185199.5178146,-1507.0188664449379,-1077.6521722320467,306.5895185675472,304.7214385396801,right_blink
1761185199.5178146,-1579.0231602918357,-1147.6780590023845,280.97120387107134,222.47355871414766,right_blink
1761185199.5315585,-1570.8701783884317,-1101.0564661547542,280.3653400782496,284.3689029808156,right_blink
1761185199.5315585,-1522.165461265482,-1041.7753119571134,312.3302649995312,324.67380480328575,right_blink
1761185199.5471137,-1549.7285239389166,-1115.3466238854453,311.12975711375475,226.59118856536224,right_blink
1761185199.5471137,-1556.7109171561897,-1118.4881398482248,284.8420003252104,275.8157517821528,right_blink
1761185199.5478315,-1516.013325838372,-1063.1824993034825,282.70277755055577,324.5092492052354,right_blink
1761185199.5478315,-1532.6409210413694,-1077.3305408358574,308.16401644889265,287.06163094891235,right_blink
1761185199.5614438,-1566.703929837793,-1120.8928955197334,276.6852785218507,239.67335861036554,right_blink
1761185199.5614438,-1530.5540568660945,-1070.6809987146407,290.22371636144817,302.58595566498116,right_blink
1761185199.5771575,-1515.2279468476772,-1064.708378485404,317.83913763426244,301.84919537371024,right_blink
1761185199.5771575,-1570.6869232906029,-1130.968186000362,296.6226851856336,239.692058110144,right_blink
1761185199.5778513,-1550.2446301328018,-1082.7047770721838,269.8001227034256,323.428418118041,right_blink
1761185199.5778513,-1498.14034395013,-1023.9883477678522,320.0307190082967,349.05047271447256,right_blink
1761185199.5915484,-1548.6102938521653,-1113.4280552081764,307.412296557799,243.82090766122565,right_blink
1761185199.5915484,-1565.7539952490479,-1117.5157658597454,265.7124120518565,278.83011114643887,right_blink
1761185199.6070764,-1525.8904016213492,-1052.4228071309626,323.65842196531594,318.40947237750515,right_blink
1761185199.6070764,-1525.445353526622,-1071.8777667004615,326.9345743265003,286.8634162512608,right_blink
1761185199.607848,-1568.4766424167901,-1117.9944730540738,275.26411653868854,267.4047167818062,right_blink
1761185199.607848,-1547.3162884674966,-1064.6560198860243,275.2753362385556,343.38078438164666,right_blink
1761185199.6213913,-1518.8930488042533,-1064.6859390856698,301.4321965286508,295.65966094704345,right_blink
1761185199.6213913,-1584.917242622003,-1113.3345577092841,278.5851476993412,244.74840285023674,right_blink
1761185199.6371443,-1554.4295781832188,-1077.2482630368322,288.63051898032427,327.6171060684137,right_blink
1761185199.6371443,-1517.498066120781,-1049.3710487671196,302.0642396211624,307.6460403050296,right_blink
1761185199.6377988,-1572.3436989709735,-1110.297758945264,308.1453169491142,252.97618275275454,right_blink
1761185199.6377988,-1570.0922791976482,-1080.4309178991243,284.96167712379247,337.1014923560433,right_blink
1761185199.6514006,-1554.3473003841937,-1047.9498867839575,265.1589068584144,337.89809104660526,right_blink
1761185199.6514006,-1568.1363115208223,-1070.6847386145964,290.5864866571501,288.13498223619536,right_blink
1761185199.6671183,-1601.1671079294756,-1103.9735881201923,269.0858018118888,278.4897802504711,right_blink
1761185199.6671183,-1570.7131025902927,-1063.212418503128,272.122600575909,331.630018720869,right_blink
1761185199.6678553,-1525.000305431895,-1038.7310333931819,328.5240318076685,349.8134123054333,right_blink
1761185199.6678553,-1590.1531025599688,-1108.9663545610383,268.89506691414863,275.01915309159085,right_blink
1761185199.681396,-1606.8629755619913,-1095.0838459255174,253.1987068001181,303.685486251954,right_blink
1761185199.681396,-1555.162598574534,-1042.033365054056,287.8301803898066,337.3745050528087,right_blink
1761185199.6971512,-1591.3610902456567,-1085.1170125436038,285.81811421364546,283.2656324938871,right_blink
1761185199.6971512,-1577.7927332064137,-1074.5330956690013,272.67236586939543,325.6536585916765,right_blink
1761185199.6978154,-1546.0409825826064,-1057.7185054682195,274.22816425096244,334.19932999042794,right_blink
1761185199.6978154,-1575.7844069302082,-1065.347901377827,306.4848013687879,284.95606727385893,right_blink
1761185199.7115536,-1614.9785584658384,-1097.3352656988427,270.6902188928798,285.4572138679214,right_blink
1761185199.7115536,-1570.3054534951225,-1047.9461468840018,289.49443587008864,329.74510914320126,right_blink
1761185199.7271638,-1565.7315558493137,-1063.2198983030394,307.50205415673554,320.0587682579644,right_blink
1761185199.7271638,-1614.2978966739029,-1122.9348808955401,264.4670253666118,232.5376294949092,right_blink
1761185199.7278218,-1569.9576427992433,-1082.461683575064,277.5117964120582,313.9103727308102,right_blink
1761185199.7278218,-1546.1681391810998,-1043.9369741315022,323.4938663672656,326.97758317599073,right_blink
1761185199.7416253,-1594.3941491097212,-1098.3824376864359,297.49034197535366,272.5134201212786,right_blink
1761185199.7416253,-1611.6089086057618,-1110.5184130426496,244.3725429046899,254.37490533618256,right_blink
1761185199.757136,-1555.5440683700144,-1050.7735112505034,294.18801031447947,315.08096141694114,right_blink
1761185199.757136,-1554.197704385966,-1068.2500637434423,326.10431653633714,290.84266980411485,right_blink
1761185199.7578921,-1588.8029986759648,-1121.85030990839,278.96287759486586,240.16328550456092,right_blink
1761185199.7578921,-1560.6415520096198,-1083.075027167797,295.78120769560337,284.3352438812144,right_blink
1761185199.7714858,-1553.8648532899097,-1076.5451618451625,334.20867974031717,290.13582871248946,right_blink
1761185199.7714858,-1612.8505553910509,-1124.5430378764868,298.0625466685742,239.99125010659918,right_blink
1761185199.7872145,-1578.2303015012294,-1085.535881338641,284.67370482720435,282.5625313022174,right_blink
1761185199.7872145,-1535.154133811593,-1046.835396597162,310.57625192031264,301.8604150735773,right_blink
1761185199.7879193,-1571.3750648824498,-1103.506100625731,315.7073946595192,234.7965290681459,right_blink
1761185199.7879193,-1604.888308385387,-1135.2728108493611,284.942977624014,230.21515162242576,right_blink
1761185199.8014815,-1537.0540029890835,-1051.5177513416857,327.58157701883465,322.9422311238013,right_blink
1761185199.8014815,-1550.700897927396,-1082.2597289774567,350.5445627467707,268.878237364348,right_blink
1761185199.8171682,-1633.640659244731,-1159.2717488650233,267.28690993320197,197.154436014127,right_blink
1761185199.8171682,-1573.7050225548446,-1076.7097174432129,295.6278717974201,281.0403920202516,right_blink
1761185199.8178828,-1526.3765886155888,-1052.7481784271076,338.793797085993,279.21158094191924,right_blink
1761185199.8178828,-1578.970801692456,-1122.3477166024968,309.94794872775674,187.5915118274279,right_blink
1761185199.831474,-1576.5922253206372,-1121.4912795126438,302.34099221788347,241.66298538679257,right_blink
1761185199.831474,-1529.9481930732727,-1059.5024377470836,333.5317578483373,291.3812153977342,right_blink
1761185199.8471515,-1563.483875975944,-1095.715889018029,329.7394992932677,230.04685612441972,right_blink
1761185199.8471515,-1584.4983738269657,-1124.1503483811393,296.0691799921915,225.7534509752877,right_blink
1761185199.8479376,-1544.694618598558,-1066.806462360546,314.7462403709069,261.6602304498665,right_blink
1761185199.8479376,-1517.340990322642,-1062.6963123092428,353.3831468131393,250.09271988691762,right_blink
1761185199.8613873,-1594.192194512114,-1141.6979589732364,312.67807569541037,199.80602508271113,right_blink
1761185199.8613873,-1571.5396204805002,-1087.1814373191446,319.76518611144274,249.62897229241207,right_blink
1761185199.8772075,-1526.5486240135506,-1071.0774281099439,336.538637412712,275.61005728458986,right_blink
1761185199.8772075,-1607.3304630564526,-1142.606754662469,293.469949522987,183.91145027102903,right_blink
1761185199.8779285,-1574.8531718412414,-1114.9576742900535,295.3361596008763,222.5707961129956,right_blink
1761185199.8779285,-1531.657327353023,-1074.5891941683367,345.9407459013164,251.95892996480688,right_blink
1761185199.8915317,-1570.4961883928627,-1112.01063312497,335.5700033241883,213.32950332248583,right_blink
1761185199.8915317,-1586.0579121084884,-1138.3432687129825,303.7845936007798,198.97202739259228,right_blink
1761185199.907158,-1508.1857152311131,-1050.6276551522315,349.78536305576563,288.25091913482174,right_blink
1761185199.907158,-1537.6075081825256,-1089.8405061876401,356.44986477680504,242.7662558737211,right_blink
1761185199.9079266,-1574.2697474481538,-1104.7066085115075,334.24981863982975,235.133120064158,right_blink
1761185199.9079266,-1562.1524715917185,-1104.5495327133685,302.13155782036483,209.47740636812523,right_blink
1761185199.9215329,-1507.041305844672,-1049.9282938605174,378.8855246109888,283.2170137944631,right_blink
1761185199.9215329,-1559.0072157289833,-1129.3787285191938,338.50582478940487,187.75606742547825,right_blink
1761185199.9371767,-1596.6717481827363,-1121.827870508656,299.53232735116035,215.2667714995332,right_blink
1761185199.9371767,-1537.8543415796012,-1060.4187132362276,366.86174625344574,260.19792956719175,right_blink
1761185199.9379282,-1573.349732059054,-1125.0554041704163,349.0224234648049,185.59440525108948,right_blink
1761185199.9379282,-1572.0931256739423,-1114.0152195012197,347.7882564794272,226.72582496376708,right_blink
1761185199.9514582,-1530.5540568660945,-1078.0448617273942,338.6741202874109,260.9496494582854,right_blink
1761185199.9514582,-1536.3696012971923,-1104.2279013171792,360.71335072629154,202.58103084983304,right_blink
1761185199.9671342,-1571.072132986039,-1129.6031225165352,339.91950697265565,208.51625207951292,right_blink
1761185199.9671342,-1540.9659383427352,-1092.4285169569775,338.3749282909557,225.22612508153543,right_blink
1761185199.9679036,-1542.4057998256758,-1079.2004908137023,369.78260811883956,245.5375217408873,right_blink
1761185199.9679036,-1589.4350417684764,-1146.5411294158548,337.36515530291945,181.44685620022938,right_blink
1761185199.981449,-1538.9239529669285,-1084.9973357450217,348.15476667508483,253.99717544065788,right_blink
1761185199.981449,-1513.6048302669078,-1063.8706408953294,363.095666998066,253.59700614539906,right_blink
1761185199.9972548,-1543.5277698123828,-1123.2452925918624,359.84943383652717,185.9197765472345,right_blink
1761185199.9972548,-1554.5791741814464,-1139.2558043021709,343.8725812258199,214.39537480985746,right_blink
1761185199.9979796,-1545.1546262931079,-1060.6767663331702,372.15744459070265,268.90441666403785,right_blink
1761185199.9979796,-1533.093448936008,-1092.3537189578637,373.48884897492826,235.11442056437954,right_blink
1761185200.0114965,-1573.5404669567943,-1135.9646923411638,315.8083719583228,192.21028827270493,right_blink
1761185200.0114965,-1529.1441145827994,-1092.7800675528124,337.563370000571,250.31337398430333,right_blink
1761185200.0273118,-1513.9788202624768,-1074.3049617717043,391.35809096321464,261.6677102497779,right_blink
1761185200.0273118,-1576.7829602183774,-1134.9698789529502,355.4363518888131,183.1746899797581,right_blink
1761185200.0280943,-1562.085153392516,-1106.9019297854975,357.5793145634234,230.1627930230461,right_blink
1761185200.0280943,-1527.352702504024,-1077.9401445286348,375.6953899487853,241.56574798794463,right_blink
1761185200.0415208,-1559.542021422647,-1117.5830840589479,366.8056477541104,200.2585529773496,right_blink
1761185200.0415208,-1550.8168348260224,-1114.7856388920918,351.06814874056727,226.87542096199468,right_blink
1761185200.0571306,-1525.5014520259574,-1089.070086796768,365.6948974672705,232.53014969499782,right_blink
1761185200.0571306,-1533.706792528741,-1095.0127878263593,396.2237008055672,225.84320857422426,right_blink
1761185200.057866,-1568.9815289108083,-1126.6822606511414,390.68116907123476,225.67491307621822,right_blink
1761185200.057866,-1559.8636528188363,-1108.899036361836,340.7983834622428,227.4251862554811,right_blink
1761185200.0715387,-1527.375141903758,-1088.419344204478,370.9457170050591,233.39780648471788,right_blink
1761185200.0715387,-1541.1865924401209,-1122.4449540013447,383.8558516521007,218.50552486116067,right_blink
1761185200.0872712,-1562.9976889817044,-1135.21297245007,346.9019001899287,209.58960336679593,right_blink
1761185200.0872712,-1501.4239761112258,-1071.7206909023225,404.47766000777483,263.53766022762284,right_blink
1761185200.0889337,-1573.5404669567943,-1141.5296634752303,390.6250705718994,190.2580604958348,right_blink
1761185200.0889337,-1566.8909248355776,-1127.1273087458685,360.67221182677895,214.90774110378698,right_blink
1761185200.1015444,-1503.0882315915078,-1054.3937344076112,375.4747358513996,253.18935705022886,right_blink
1761185200.1015444,-1525.217219629325,-1092.4135573571548,365.7360363667831,216.80387038132176,right_blink
1761185200.1172252,-1539.1483469642699,-1103.8763507213444,355.04366239346564,204.06951103219762,right_blink
1761185200.1172252,-1534.9671388138086,-1085.4536035396159,340.59268896467984,209.35772956954315,right_blink
1761185200.1179583,-1517.7897783173248,-1062.393380412832,403.0116192251444,235.350034261588,right_blink
1761185200.1179583,-1558.2442761380225,-1110.271579645574,380.16831029579043,207.2633855943568,right_blink
1761185200.132152,-1562.447923688218,-1096.6658236067742,348.36420107260346,215.65946099488065,right_blink
1761185200.132152,-1504.2251611780375,-1060.003584341146,377.38208482880145,246.63705232786015,right_blink
1761185200.1329038,-1542.3833604259416,-1105.1890556057915,385.6528735808097,189.8709808504209,right_blink
1761185200.146477,-1555.7572426674888,-1109.3253849567845,374.13772161724046,210.53392810560763,right_blink
1761185200.146477,-1529.8621753742918,-1071.1185670094565,362.02418566076085,247.31584416981786,right_blink
1761185200.1621475,-1545.9549648836255,-1098.8050463814288,382.51883741794154,189.5007307548076,right_blink
1761185200.1621475,-1540.7527640452608,-1096.2170356120914,368.2025003875606,251.6765675181523,right_blink
1761185200.1629083,-1522.1505016656592,-1072.075981398113,362.9965596492402,244.95222739782184,right_blink
1761185200.1629083,-1515.8599899401888,-1074.271302672103,400.6536123030819,230.19458217266947,right_blink
1761185200.1765187,-1540.7004054458812,-1109.5834380537271,406.0951667386107,217.52380112279207,right_blink
1761185200.1765187,-1557.1335258511826,-1099.201475776732,350.082685102243,214.60667915735394,right_blink
1761185200.192156,-1526.084876419045,-1065.8004292724654,386.4719116711058,247.79829126410186,right_blink
1761185200.192156,-1526.9188741091639,-1093.1764969481155,397.6953514381312,234.40196962282062,right_blink
1761185200.1928728,-1557.9675235413015,-1123.5669239880517,362.80582475150004,208.503162429668,right_blink
1761185200.1928728,-1514.797858352773,-1073.2690094839782,395.63466656254604,247.712273565121,right_blink
1761185200.206489,-1507.9014828344807,-1096.2132957121357,411.37590547604486,226.42850291728973,right_blink
1761185200.206489,-1531.4852919550613,-1104.2615604167804,400.2534430078231,244.7427930003032,right_blink
1761185200.2221088,-1539.387700561434,-1120.705900521949,354.9557747445069,194.93854529038072,right_blink
1761185200.2221088,-1502.3178122006357,-1055.1491941986606,418.75846798857674,273.4353054603562,right_blink
1761185200.2228801,-1568.0054150223732,-1108.427808967419,373.47575932508335,201.07198121771216,right_blink
1761185200.2228801,-1558.3415135368705,-1118.2674857508391,350.13504370162264,195.77254298049957,right_blink
1761185200.2364252,-1497.1380507620052,-1064.6373203862458,414.37530524050817,259.32466292753816,right_blink
1761185200.2364252,-1507.13854324352,-1069.8133419249207,430.3072790517472,259.1227083299309,right_blink
1761185200.2521036,-1569.1610441086814,-1153.366446834989,344.05770627362654,163.336390664801,right_blink
1761185200.2521036,-1507.7257075365633,-1053.9187671132386,406.82444722997025,278.85068059619516,right_blink
1761185200.2528794,-1514.2480930592865,-1062.1465470157564,413.93025714578107,243.42260831594467,right_blink
1761185200.2528794,-1573.458189157769,-1144.8170355362818,346.8551514404826,174.14470153674483,right_blink
1761185200.2664948,-1519.016465502791,-1086.295081029646,380.3384757437743,242.3791762283072,right_blink
1761185200.2664948,-1476.9949496006593,-1052.9800522243604,438.161068958696,271.0118502890691,right_blink
1761185200.2821095,-1553.8648532899097,-1150.3072086712345,372.297690839041,168.64330870192498,right_blink
1761185200.2821095,-1553.427284995094,-1117.594303758815,350.7409074944444,203.4692570893094,right_blink
1761185200.282828,-1502.8189587946981,-1052.576143029146,406.6598916319199,273.62230045814067,right_blink
1761185200.282828,-1537.0091241896152,-1109.2767662573606,399.7934353132732,216.49906853493303,right_blink
1761185200.2964797,-1589.5023599676788,-1164.8554194988683,345.61350465519354,143.74305479694158,right_blink
1761185200.2964797,-1464.541082748212,-1037.0218991134316,409.97718289261684,306.86253126431257,right_blink
1761185200.3120956,-1498.4507556464523,-1093.1016989490017,413.57122675003484,237.1133970906958,right_blink
1761185200.3120956,-1574.037873650901,-1152.4576511457562,367.84346999181435,180.69700625911355,right_blink
1761185200.3128958,-1531.2010595584288,-1092.7464084532112,381.6848397278227,251.38485532160848,right_blink
1761185200.3128958,-1494.7071157908067,-1050.7473319508135,425.4715884090401,276.838614420034,right_blink
1761185200.3265388,-1570.7318020900711,-1143.1041613565758,373.73007252207026,167.09873002022505,right_blink
1761185200.3265388,-1539.5372965596616,-1110.9933803370222,355.6700956360437,219.98465529363602,right_blink
1761185200.342111,-1461.1714328881353,-1032.0029533728957,431.6386834359728,300.56827963888645,right_blink
1761185200.342111,-1540.0534027535468,-1128.5746500287205,407.71454341942444,208.7238165270537,right_blink
1761185200.3428814,-1576.184576225467,-1150.0192363746464,353.6393299601041,182.66793353576213,right_blink
1761185200.3428814,-1498.443275846541,-1045.8667625086382,417.4345434042625,287.96481678821146,right_blink
1761185200.3565,-1513.2906786706299,-1086.3250002292916,421.50355455605313,241.35818354040384,right_blink
1761185200.3565,-1569.9202437996864,-1155.59542720858,369.17861427599564,152.53555959276855,right_blink
1761185200.372093,-1511.2898321943358,-1079.7203369075432,396.5771213513799,266.21729854587466,right_blink
1761185200.372093,-1492.0517868222669,-1061.2527109263465,426.9937276910059,271.9019464785233,right_blink
1761185200.3728383,-1565.8624523477629,-1149.1029608855024,372.9297339315526,177.35727559868246,right_blink
1761185200.3728383,-1555.5926870694384,-1131.6226684926078,375.25221180403605,216.59630593378097,right_blink
1761185200.386544,-1489.1159653570503,-1058.5487632583827,441.4073021202348,294.38248511217535,right_blink
1761185200.386544,-1516.1741415364668,-1102.2943730400875,410.0968596911989,219.03846060484648,right_blink
1761185200.4020796,-1586.6862153010443,-1170.6186053305864,330.75488213123754,154.27835297212005,right_blink
1761185200.4020796,-1488.0912327691913,-1044.9504870194942,418.4330966924317,301.8510653236881,right_blink
1761185200.4028037,-1498.465715246275,-1067.445985252969,431.50030713761225,273.3866867609322,right_blink
1761185200.4028037,-1586.6562961013988,-1156.8520335936919,369.4478870728053,163.16061536688358,right_blink
1761185200.4164944,-1512.1612288840115,-1085.644338437356,400.7284103021957,269.7477641040459,right_blink
1761185200.4164944,-1487.1113789808005,-1079.312687812373,435.02329289587215,270.8772138906643,right_blink
1761185200.4321084,-1573.9219367522746,-1168.247508758679,352.91378936870024,150.82268541306257,right_blink
1761185200.4321084,-1541.3100091386586,-1106.9954272843897,358.2543665054254,233.35853753518313,right_blink
1761185200.4328268,-1497.7102554552257,-1071.4813373051584,424.5515730199404,278.25603650324047,right_blink
1761185200.4328268,-1573.5404669567943,-1150.819574965164,381.5651629292406,159.94056150503457,right_blink
1761185200.4464483,-1544.0476159062237,-1121.139728916809,393.5066634877585,227.86462450027466,right_blink
1761185200.4464483,-1512.5913173789158,-1083.6584515608847,414.49872193904594,259.9118272205815,right_blink
1761185200.4621503,-1529.1927332822233,-1099.1079782778397,406.12508593825623,234.4805075218901,right_blink
1761185200.4621503,-1585.1191972196102,-1172.866285203956,350.7857862939127,155.00763346347958,right_blink
1761185200.462828,-1529.0580968838185,-1106.546639289707,375.43172700190917,228.27975339535624,right_blink
1761185200.462828,-1526.9188741091639,-1117.7102406574413,404.74880275456235,208.11795273423195,right_blink
1761185200.4764445,-1567.8445993242785,-1175.0840458776802,385.5668558818288,154.78323946613818,right_blink
1761185200.4764445,-1529.895834473893,-1088.99902869761,398.00202323449776,243.87139631062746,right_blink
1761185200.492179,-1505.2386740660295,-1091.3402060698718,420.93882966274396,240.88321624603122,right_blink
1761185200.492179,-1544.4515251014382,-1146.369094017893,379.6017154525034,176.81499010510743,right_blink
1761185200.4928913,-1551.3740799194202,-1133.9937650645152,362.8282641512342,185.2709039049223,right_blink
1761185200.4928913,-1473.333587544039,-1077.5437151333317,410.16417789040133,262.4213000908494,right_blink
1761185200.50645,-1479.8110942672938,-1077.2482630368322,463.5774290575646,257.13682145345956,right_blink
1761185200.50645,-1591.7986585404724,-1180.3834841148928,363.4528274438344,144.3975372891873,right_blink
1761185200.522156,-1527.0946494070813,-1106.5391594897956,383.36779470788315,234.01302002742887,right_blink
1761185200.522156,-1492.0592666221783,-1073.0259159868583,440.24793313397095,247.98902616184205,right_blink
1761185200.522905,-1521.7839914700016,-1121.427701213397,416.52574771502987,191.06774883624166,right_blink
1761185200.522905,-1554.3622599840164,-1159.346546864137,362.9329813499935,178.2324121883139,right_blink
1761185200.536528,-1485.222729503177,-1087.4095712164417,420.2207688712515,238.6280565727502,right_blink
1761185200.536528,-1545.2518636919558,-1129.3488093195483,412.4754360630177,198.36055374983698,right_blink
1761185200.552192,-1554.3024215847254,-1158.4115718752146,373.06063043000177,181.38888775091618,right_blink
1761185200.552192,-1520.007538991049,-1100.155150265433,414.8540124348365,222.09021896868944,right_blink
1761185200.5528476,-1511.106577096507,-1118.7125338455662,431.38811013894156,206.464916953817,right_blink
1761185200.5528476,-1547.3948263665661,-1167.320013569668,395.1297800685279,171.24253917112947,right_blink
1761185200.566394,-1511.0355189973488,-1116.760306068696,406.33826023573056,244.77645209990442,right_blink
1761185200.566394,-1515.1793281482533,-1102.155996741727,418.12642489606515,231.6269638556987,right_blink
1761185200.582193,-1568.2821676190943,-1162.5853002257645,378.9808920598589,159.77226600702852,right_blink
1761185200.582193,-1535.7412981046364,-1112.564138318412,380.4170136428438,214.52440135832876,right_blink
1761185200.5829632,-1503.5744185857475,-1085.2666085418314,407.41535142296925,239.87344325799495,right_blink
1761185200.5829632,-1520.392748686485,-1145.2396442312747,406.82444722997025,199.47130403667688,right_blink
1761185200.5963671,-1579.6776427840814,-1158.0824606791139,358.43014180334285,173.09378964919597,right_blink
1761185200.5963671,-1481.4641300477087,-1070.4753042170778,432.4390220264904,280.92258517164737,right_blink
1761185200.6121905,-1528.0483238957822,-1124.371002478525,417.57291970262304,193.37152720894665,right_blink
1761185200.6121905,-1578.2377813011408,-1152.7344037424773,384.3925272957422,174.02128483820707,right_blink
1761185200.6129124,-1518.403121910058,-1098.40487708617,391.59557461040094,229.58497847989202,right_blink
1761185200.6129124,-1507.8416444351897,-1093.2999136466533,410.8822386818938,228.3283720947802,right_blink
1761185200.6264932,-1550.5400822293013,-1144.9030532352626,389.9724580296315,183.70762572344393,right_blink
1761185200.6264932,-1558.4611903354526,-1145.7220913255587,370.17342766420916,190.57782194204628,right_blink
1761185200.6421993,-1486.6812904858962,-1052.4976051300764,444.1972674871795,285.22721002064645,right_blink
1761185200.6421993,-1546.3252149792388,-1148.0370893981308,422.1916961479001,180.9700189558789,right_blink
1761185200.642865,-1570.3615519944578,-1162.83213362284,385.96328527713194,163.57574426196516,right_blink
1761185200.642865,-1499.6325640324503,-1092.4621760565788,399.4306650175713,263.3450553799048,right_blink
1761185200.6565633,-1508.6494628256187,-1106.557858989574,420.8528119637631,224.6670100381598,right_blink
1761185200.6565633,-1561.9804361937568,-1153.1308331377804,379.5269174533896,191.84564802702516,right_blink
1761185200.6722252,-1536.178866399452,-1113.046585412696,382.3916808194481,228.668702990748,right_blink
1761185200.6722252,-1495.8029064778239,-1080.0307486038655,446.0447780652903,244.57449750229716,right_blink
1761185200.6729355,-1552.5409287055954,-1142.1504868678749,416.2115961187519,192.43655222002417,right_blink
1761185200.6729355,-1548.7748494502157,-1122.5571510000154,374.32097671506926,212.57965338137,right_blink
1761185200.6864667,-1508.5297860270366,-1097.1894096005708,427.06104589020833,258.0418772427365,right_blink
1761185200.6864667,-1528.1792203942314,-1142.5282167633995,418.30967999389395,202.14159260503948,right_blink
1761185200.7021706,-1576.0985585264862,-1167.4247307684273,362.0503649604507,181.81897624582052,right_blink
1761185200.7021706,-1511.8882161872461,-1092.8174665523693,409.82010709447786,224.80538633652031,right_blink
1761185200.7029068,-1524.155088041909,-1120.8891556197777,431.7097415351309,225.34393193013966,right_blink
1761185200.7029068,-1562.9341106824577,-1159.3577665640041,385.5780755816959,177.230119000189,right_blink
1761185200.7164717,-1533.3365424331278,-1113.420575408265,389.8976600305177,230.90142326429486,right_blink
1761185200.7164717,-1488.70831626188,-1093.7711410410702,444.07011088868603,240.27735245320946,right_blink
1761185200.73221,-1575.9863615278155,-1178.6032917359844,391.88728680694476,170.46090008039027,right_blink
1761185200.73221,-1581.2110017659143,-1169.997781937942,364.1895877351053,161.16350879054517,right_blink
1761185200.7328725,-1477.0510480999947,-1055.856035290286,440.1843548347242,299.3715116530657,right_blink
1761185200.7328725,-1538.194672475569,-1146.1484399205074,419.1735968836583,185.28212360478938,right_blink
1761185200.7465348,-1582.4489086512476,-1188.8917565140873,364.69073432916775,166.0403383327648,right_blink
1761185200.7465348,-1505.739820660092,-1110.2827993454412,411.0954129793681,221.74240827281028,right_blink
1761185200.762126,-1491.6703170267865,-1091.4748424682766,449.7809381210245,239.80238515883684,right_blink
1761185200.762126,-1570.4176504937932,-1189.1460697110742,374.58650961192325,154.19233527313918,right_blink
1761185200.7629373,-1518.4405209096149,-1136.4359197355807,393.4917038879357,208.5779604287818,right_blink
1761185200.7629373,-1500.9190896172076,-1098.5956119839102,440.6294029294513,222.89429745916277,right_blink
1761185200.776506,-1562.8630525832996,-1177.8927107444033,385.9408458773978,148.97517483495176,right_blink
1761185200.776506,-1520.3029910875484,-1151.1412063613534,395.78800246072933,181.25425135251135,right_blink
1761185200.792212,-1494.9128102883697,-1118.8770894436166,458.3527888194658,157.80881853029132,right_blink
1761185200.792212,-1505.4219291638583,-1132.6511409804225,444.43288118438795,158.2613464249298,right_blink
1761185200.792925,-1521.3838221747428,-1181.7373278988525,437.1886949702166,71.94445544760674,right_blink
1761185200.792925,-1485.189070403576,-1120.1673549283296,439.90760223800316,273.97011115401983,right_blink
1761185200.806526,-1442.999259003438,-1119.5801906352863,534.6804070151411,65.8072796203196,right_blink
1761185200.806526,-1523.1228756541386,-1196.3528569256887,424.0803456255235,128.04669468291104,right_blink
1761185200.8222067,-1494.1087317978963,-1159.2418296653777,435.09809089498594,162.60711017344147,right_blink
1761185200.8222067,-1490.4511096412316,-1141.5296634752303,451.9388603954576,239.89962255768478,right_blink
1761185200.8228836,-1502.4487086990848,-1201.7345729619265,428.6766826710664,142.5462868111208,right_blink
1761185200.8228836,-1477.9448841894045,-1177.619698047638,488.72077645966783,136.4764291830361,right_blink
1761185200.8364863,-1445.8490627696738,-1150.819574965164,486.921884580981,165.35967654082924,right_blink
1761185200.8364863,-1489.482475552708,-1208.1859003854915,468.26726360199973,227.5916118035093,right_blink
1761185200.8521676,-1480.9330642540008,-1190.077304800041,505.1800761646591,249.51116544380784,right_blink
1761185200.8521676,-1476.3853459078819,-1180.4994210135192,508.35151132708415,310.91284291632473,right_blink
1761185200.8528976,-1492.0966656217352,-1212.329709536396,604.8371902839281,275.5371292354539,right_blink
1761185200.8528976,-1490.3052535429597,-1269.4305020598695,665.0234002708457,64.93588293064386,right_blink
1761185200.8665235,-1460.6366271944717,-1214.8055233070627,687.9415071993135,206.5771139524877,right_blink
1761185200.8665235,-1478.1842377865687,-1208.3953347830102,718.0963205420412,314.61534387245774,right_blink
1761185200.8821914,-1561.868239195086,-1308.1683858009055,695.6756203076802,254.31693688686937,right_blink
1761185200.8821914,-1528.1680006943643,-1276.2595593789592,777.6991061358713,286.86154630128294,right_blink
1761185200.8829038,-1499.6063847327605,-1245.4614832438529,818.3368590543978,287.3664327953011,right_blink
1761185200.8829038,-1528.8636220861226,-1299.7835301002488,865.3436615974642,276.14673292823136,right_blink
1761185200.8965428,-1572.2427216721699,-1344.8119255667552,832.9262087815441,186.84914168622345,right_blink
1761185200.8965428,-1528.0221445960924,-1279.4496940411627,879.7198370271362,426.8048627432436,right_blink
1761185200.9120996,-1559.6055997218937,-1311.6464927596971,842.98653966235,367.45639034640044,right_blink
1761185200.9120996,-1625.8093087375164,-1370.0263310680166,843.3044311585836,318.5310191260651,right_blink
1761185200.9128497,-1580.889370369725,-1312.9404981443658,877.2066242569126,351.879707030952,right_blink
1761185200.9128497,-1550.6223600283265,-1300.0041841976345,893.4826688640751,401.1267096474767,right_blink
1761185200.9264996,-1620.4762114007026,-1348.5929644219577,870.725377633702,318.21312762983143,right_blink
1761185200.9264996,-1586.0653919083998,-1324.3771122088656,837.51132612722,291.6186990449205,right_blink
1761185200.9421127,-1583.5858382377774,-1282.9651999995112,807.2106566862203,525.0557744791731,right_blink
1761185200.9421127,-1621.8412748845294,-1339.0113407354802,786.3607144332491,415.2410920802504,right_blink
1761185200.9428885,-1634.291401837021,-1337.4144034544006,765.5182519801892,391.8143587578088,right_blink
1761185200.9428885,-1584.7152880243957,-1283.7842380898073,784.9208529503085,321.65009568911046,right_blink
1761185200.956499,-1571.0796127859503,-1282.8791823005304,765.1068629850633,446.241122812964,right_blink
1761185200.956499,-1650.7656611418352,-1342.956935188733,651.5261013307609,341.43416645471007,right_blink
1761185200.9721265,-1590.0745646608993,-1273.7014678092673,676.5684714340605,434.8718269476667,right_blink
1761185200.9721265,-1564.8938182592392,-1270.9264620421454,755.8356509949081,367.5424080453813,right_blink
1761185200.9728496,-1641.2850147541612,-1324.1040995121002,650.4938889429905,338.66290058754385,right_blink
1761185200.9728496,-1612.6299012936652,-1290.613295408897,618.0128578278236,464.0729658016935,right_blink
1761185200.9865088,-1539.33908186201,-1216.2940034894273,663.0973517936654,490.20738669205457,right_blink
1761185200.9865088,-1602.4087547147647,-1303.2242380594835,629.7374441889115,367.1310190502554,right_blink
1761185201.0021615,-1593.8930025156587,-1288.021544739604,629.9206992867403,364.1017000861466,right_blink
1761185201.0021615,-1529.7686778753996,-1219.4878780515864,643.6274326243438,449.7715883711353,right_blink
1761185201.002896,-1582.7630602475256,-1255.7200288223103,629.8907800870948,453.2833544295281,right_blink
1761185201.002896,-1631.808108266443,-1324.190117211081,560.1640853132121,336.5722965123132,right_blink
1761185201.0164285,-1556.8679929543287,-1221.9636918222532,585.7412611101754,440.3545202827081,right_blink
1761185201.0164285,-1528.399874491617,-1207.8567891893908,639.3564668749459,439.6888180905953,right_blink
1761185201.0324616,-1593.6199898188934,-1288.492772134021,541.6441007326357,327.73491291701794,right_blink
1761185201.0324616,-1593.70974741783,-1270.6160503458232,450.125008916948,404.7394530046731,right_blink
1761185201.0328171,-1526.3803285155445,-1178.1432840414345,520.7081407806836,491.8267633728683,right_blink
1761185201.0328171,-1569.5051149046049,-1216.8101096833125,496.49228856759146,421.95795240066946,right_blink
1761185201.0464914,-1609.316349932924,-1273.3760965131223,431.83315823366866,358.0916808573529,right_blink
1761185201.0464914,-1519.6260691955686,-1201.8542497605085,499.30843323422596,393.9199224328622,right_blink
1761185201.062242,-1538.8977736672387,-1190.2792593976483,469.7557437843643,480.8987757023424,right_blink
1761185201.062242,-1592.1950879357755,-1237.488016538322,401.6259862915613,397.17737529426813,right_blink
1761185201.0629065,-1564.1196589684114,-1196.1546422280371,399.2810690193437,426.7300647441298,right_blink
1761185201.0629065,-1552.6007671048865,-1187.5379127301276,384.78147689113393,434.4604379525408,right_blink
1761185201.0764945,-1586.8058920996264,-1218.2948499657214,366.51206560758874,403.5314653189853,right_blink
1761185201.0764945,-1582.3180121527985,-1195.8030916322023,345.83041885262355,398.0861709835008,right_blink
1761185201.0920684,-1530.426900267601,-1139.9102867944166,391.52077661128715,456.6343047898263,right_blink
1761185201.0920684,-1563.2108632791787,-1190.6831685928628,365.32277742167935,430.11093430407345,right_blink
1761185201.092854,-1607.6072156531736,-1191.6892016809434,321.8838394363411,439.1390527971089,right_blink
1761185201.092854,-1571.0384738864377,-1144.3757273415104,333.59720609756187,474.9373751729727,right_blink
1761185201.1064107,-1577.6468771081418,-1176.617404859513,323.5780141162686,423.121061286889,right_blink
1761185201.1064107,-1615.5283237593248,-1203.634442139417,281.72105381218717,396.84452419821173,right_blink
1761185201.1218908,-1540.0683623533696,-1123.7501790858805,316.3824466015212,453.75458182394505,right_blink
1761185201.1218908,-1563.89526497107,-1130.0780898109078,326.59985328046605,486.22065333928913,right_blink
1761185201.137849,-1608.7179659400135,-1181.2960197040811,306.4567521191202,427.81463573127985,right_blink
1761185201.137849,-1585.9868540093303,-1150.879413364455,303.2778371567838,410.62605553492904,right_blink
1761185201.1386204,-1557.5224754465744,-1093.1652772482485,332.4752361108549,482.58173068240285,right_blink
1761185201.1386204,-1618.5576427234337,-1176.6435841592029,253.81392034282908,409.84815634414554,right_blink
1761185201.139352,-1629.781082490459,-1176.3574818125926,233.17341248737648,412.11079581733793,right_blink
1761185201.1514647,-1559.5682007223368,-1073.2895789337344,284.8924889746122,498.9849318880588,right_blink
1761185201.1514647,-1580.646276872605,-1127.783661188092,293.92434736760333,442.38154605869204,right_blink
1761185201.1671593,-1630.4505245825276,-1167.6883937153034,254.30384723702446,388.02210020273924,right_blink
1761185201.1671593,-1581.8729640580714,-1092.4490864067338,276.7357671712525,481.1156898997724,right_blink
1761185201.1678698,-1599.4317943500355,-1113.1980513609014,281.2984451171942,431.0533890929073,right_blink
1761185201.1678698,-1618.5464230235666,-1142.0102406195365,274.50678679766133,401.0107727488503,right_blink
1761185201.1814904,-1598.0480313664302,-1125.0684938202612,245.2495494442992,420.3909343192354,right_blink
1761185201.1814904,-1560.3685393128544,-1093.1858466980048,272.1805690252222,460.49762144405395,right_blink
1761185201.1971097,-1580.3358651762828,-1113.0895942621864,289.6646013180725,419.81124982610345,right_blink
1761185201.1971097,-1593.7770656170323,-1136.2246153880842,243.7648091618903,413.4945588009432,right_blink
1761185201.1978295,-1575.6273311320692,-1116.3545269235037,257.68097689701244,399.69432796444744,right_blink
1761185201.1978295,-1565.5071618519723,-1107.8873934238218,306.4642319190316,419.48213863000274,right_blink
1761185201.2114935,-1610.8197897151113,-1132.608132130932,269.41678295796737,397.6747819883749,right_blink
1761185201.2114935,-1586.5852380022407,-1116.8968124170788,217.28631747560576,418.3751282431185,right_blink
1761185201.227085,-1565.3837451534346,-1111.3879397823475,281.156328918878,400.8948358502239,right_blink
1761185201.227085,-1585.36229071673,-1127.0207215971313,284.0846705841832,369.1842241259292,right_blink
1761185201.2278593,-1555.7759421672672,-1103.4443922764622,291.4971522963606,398.1422694828361,right_blink
1761185201.2278593,-1561.2698552021757,-1103.0891017806716,291.13064210070297,409.8294568443671,right_blink
1761185201.2414546,-1603.1006362065673,-1151.4609678075649,282.4391146036796,345.22642500977963,right_blink
1761185201.2414546,-1616.4296396486461,-1163.3837688663043,241.65924548683688,343.1694800341502,right_blink
1761185201.2571523,-1545.6632526870817,-1087.0000521712936,289.09613652480766,411.422654225491,right_blink
1761185201.2571523,-1562.7508555846289,-1117.1922645135783,310.2415308742784,390.8195453695953,right_blink
1761185201.2578948,-1630.349547283724,-1194.4174586986192,233.60350098228082,282.5419618524611,right_blink
1761185201.2578948,-1564.822760160081,-1099.0761891282164,292.91083447961137,387.87624410446733,right_blink
1761185201.2714424,-1551.2880622204393,-1092.9090941012837,318.96297757094726,379.7382218008861,right_blink
1761185201.2714424,-1611.908100602217,-1152.859690390993,264.8204459124245,309.3346051350236,right_blink
1761185201.2871225,-1581.4391356632113,-1134.9941883026622,254.3262866367586,349.10844116378576,right_blink
1761185201.2871225,-1515.8038914408535,-1060.1176512897946,300.62250818824396,400.5993837537244,right_blink
1761185201.2878673,-1572.1342645734549,-1128.0192748853005,291.7514654933475,343.81648272648454,right_blink
1761185201.2878673,-1618.2023522276431,-1165.9605599357747,262.65504383808,304.5624927915633,right_blink
1761185201.3014612,-1542.4693781249225,-1062.8440383574925,319.81941466080025,388.893496892415,right_blink
1761185201.3014612,-1560.3647994128987,-1113.699197954964,311.1278871637769,332.02831806614995,right_blink
1761185201.3171408,-1605.1837604818866,-1141.4941344256513,270.3031392474659,301.39105762913823,right_blink
1761185201.3171408,-1569.5125947045162,-1095.8823145660572,280.9319349215366,342.6346743404865,right_blink
1761185201.3178627,-1521.2342261765152,-1071.969394249376,336.9294569580816,365.7659555664286,right_blink
1761185201.3178627,-1597.4010286740959,-1149.4152425318025,282.4204151039012,264.4258864670992,right_blink
1761185201.3315008,-1590.8674234515056,-1128.509201779496,258.4027775884606,308.90077674016356,right_blink
1761185201.3315008,-1532.7344185402617,-1066.5614989134483,313.1698725395836,349.95739845372736,right_blink
1761185201.3473704,-1577.3888240111992,-1114.349940547254,297.10700222989544,286.74560940265656,right_blink
1761185201.3473704,-1602.3227370157838,-1139.9345961441286,256.56648671021685,263.5395301776007,right_blink
1761185201.3478627,-1530.2773042693734,-1070.787585863378,308.11352779949084,340.5291106654331,right_blink
1761185201.3478627,-1563.46143657621,-1123.0601675440557,306.17625962244347,272.9004997666925,right_blink
1761185201.3614047,-1609.7389586279169,-1149.2319874339737,265.61330470303074,234.891896517016,right_blink
1761185201.3614047,-1541.2651303391904,-1075.0697713126428,314.48257742403075,317.72320073563606,right_blink
1761185201.3772097,-1543.2921561151743,-1095.9645923650824,349.20380861265585,277.32854131422937,right_blink
1761185201.3772097,-1577.5159806096926,-1132.3949578334577,291.1942203999497,240.46434745099396,right_blink
1761185201.3778832,-1590.9422214506194,-1119.1519720903598,261.6527506499551,263.40863367915154,right_blink
1761185201.3778832,-1512.348223881796,-1045.7900945595466,330.41829113522545,322.9777601733804,right_blink
1761185201.3914475,-1564.209416567348,-1119.5371817857958,312.2685566502623,221.0280873812735,right_blink
1761185201.3914475,-1555.7684623673558,-1120.535735073965,312.6088875462301,260.84306230954826,right_blink
1761185201.4071956,-1524.1102092424408,-1074.5274858190678,333.64582479698583,304.9177832873538,right_blink
1761185201.4071956,-1547.3536874670535,-1079.9092018553056,328.74655585503206,262.3465020917356,right_blink
1761185201.4079769,-1580.1675696782768,-1127.88089858694,265.0336202098988,217.44900312367827,right_blink
1761185201.4079769,-1551.3329410199076,-1072.1077705477364,295.65966094704345,285.0888337222859,right_blink
1761185201.4214027,-1507.8341646352783,-1060.6150579839014,352.1882487772964,288.0695339869708,right_blink
1761185201.4214027,-1583.7204746361822,-1131.7591748409905,302.6495339642279,206.38637905474752,right_blink
1761185201.4371817,-1545.1583661930636,-1110.924192187842,327.2767751724459,266.8979603378102,right_blink
1761185201.4371817,-1498.2899399483576,-1051.3475858937018,374.6463480112143,291.15869135037065,right_blink
1761185201.4378877,-1551.2843223204836,-1115.1540190377273,309.0260633886792,219.15439750347286,right_blink
1761185201.4378877,-1554.523075682111,-1104.289609666448,296.25430503999814,252.80975720472634,right_blink
1761185201.4515097,-1509.6442762138322,-1042.816874094773,340.09341232059523,308.42580944579095,right_blink
1761185201.4515097,-1547.0208363709971,-1107.5021837283857,338.661030637566,219.26659450214356,right_blink
1761185201.4672236,-1567.8894781237468,-1133.9395365151577,332.811827106867,211.90273148939013,right_blink
1761185201.4672236,-1518.0066925147548,-1070.3500175685622,334.86877208249643,273.9065328547731,right_blink
1761185201.4679227,-1527.315303504467,-1098.7508178320713,338.5114346393384,241.4479411393404,right_blink
1761185201.4679227,-1577.5945185087621,-1158.9407677189447,303.528410453815,175.03105782624334,right_blink
1761185201.4814568,-1529.0019983844832,-1077.5867239828221,326.323100683745,276.3823466254398,right_blink
1761185201.4814568,-1511.443168092519,-1075.3240845096298,362.46549385553226,274.9163058428094,right_blink
1761185201.497175,-1576.5024677217007,-1139.9570355438627,334.4835623870604,189.56804895401,right_blink
1761185201.497175,-1563.0687470808625,-1113.2429301603697,321.30415494320914,233.2613001363352,right_blink
1761185201.4979212,-1495.4176967823878,-1057.3538652225398,360.98823337303475,290.7286028554663,right_blink
1761185201.4979212,-1548.602814052254,-1128.3820451810025,346.24180784774944,192.28695622179657,right_blink
1761185201.5114813,-1556.2471695616841,-1119.836373782251,320.7244704500772,208.0618542348966,right_blink
1761185201.5114813,-1514.435088057071,-1070.0209063724615,336.31611336534843,267.720738328062,right_blink
1761185201.5271292,-1526.930093809031,-1094.0198443881236,356.64994942443445,221.67882997356355,right_blink
1761185201.5271292,-1557.5673542460427,-1143.113511106465,327.022461975459,189.29503625724465,right_blink
1761185201.5279288,-1542.8770272200927,-1093.1858466980048,329.78998794266954,247.31958406977355,right_blink
1761185201.5279288,-1532.827916039154,-1104.6935188616626,363.35559004498646,240.7448399476707,right_blink
1761185201.5414834,-1557.672071444802,-1133.9133572154678,336.6938432608731,169.6381220901385,right_blink
1761185201.5414834,-1534.7651842162013,-1075.937428102363,335.3175600771792,228.60886459145695,right_blink
1761185201.5571387,-1495.7131488788873,-1027.258890279103,353.8861633571796,268.5360365184024,right_blink
1761185201.5571387,-1541.1903323400766,-1089.4048078428023,335.4073176761158,195.33123478572816,right_blink
1761185201.5578644,-1570.0660998979583,-1102.408439988736,309.0933815878816,187.85891467425972,right_blink
1761185201.5578644,-1506.558858750388,-1037.3080014600419,320.78804874932393,229.78693307749927,right_blink
1761185201.5715764,-1514.072317761369,-1048.340706329327,355.86831033369526,186.77434368710965,right_blink
1761185201.5715764,-1548.4158190544695,-1085.3058774913661,346.0697724497877,184.16763341799378,right_blink
1761185201.5871644,-1547.9819906596094,-1065.7723800227977,320.51877595251426,202.07427440583706,right_blink
1761185201.5871644,-1497.05577296298,-1022.748570932541,369.02153847785667,223.5899188509211,right_blink
1761185201.5878692,-1544.0850149057806,-1086.633541975636,343.9155900753103,150.7778066135943,right_blink
1761185201.5878692,-1551.7929487144575,-1090.9718259242363,312.96043814206496,172.18125406000763,right_blink
1761185201.601565,-1484.620605610311,-1012.7405986511149,362.28971855761483,233.7063482310623,right_blink
1761185201.601565,-1546.1382199814543,-1095.040837076027,351.1784757892601,137.71059616841376,right_blink
1761185201.6172168,-1539.2418444631621,-1089.2701714443974,343.64631727850065,164.3760828524828,right_blink
1761185201.6172168,-1484.2054767152295,-1012.9126340490766,367.3834622972645,243.4861866151914,right_blink
1761185201.6179783,-1504.4832142749801,-1065.0318798315711,361.3435238688253,174.43641373328865,right_blink
1761185201.6179783,-1564.8938182592392,-1105.8678474477492,343.16387018421665,131.29292784444988,right_blink
1761185201.6314924,-1527.1133489068598,-1063.4237228506245,342.5093876919709,196.6140204705298,right_blink
1761185201.6314924,-1493.7235221024603,-1029.4729110528715,392.30241570202634,201.14303931687027,right_blink
1761185201.6471608,-1536.2574042985216,-1092.5762430052273,360.09439728362486,137.56474007014185,right_blink
1761185201.6471608,-1530.0790895717219,-1093.0325107998215,339.625924826134,161.1859481902793,right_blink
1761185201.647921,-1481.4042916484177,-1019.5359968706034,375.7458785981871,222.9990146579221,right_blink
1761185201.647921,-1519.1286625014618,-1076.4984130957164,368.84202327998355,152.2625468960032,right_blink
1761185201.661452,-1539.9486855547875,-1096.813549655024,341.2527813068591,151.50708710495383,right_blink
1761185201.661452,-1520.71811998263,-1061.9427224681713,357.09873741911724,171.05928407330066,right_blink
1761185201.677179,-1479.0070157768205,-1051.2466085948981,408.129672314506,183.76372422277927,right_blink
1761185201.677179,-1512.722213877365,-1080.3804292497225,394.55757537530735,167.90654841065407,right_blink
1761185201.6778593,-1530.692433164455,-1078.6077166707255,352.53231957321987,152.5205999929458,right_blink
1761185201.6778593,-1501.6221908088773,-1050.8950579990633,367.7537123928778,178.3408692870289,right_blink
1761185201.6915445,-1527.2592050051317,-1089.3973280428909,358.7405534996651,132.8075873265043,right_blink
1761185201.6915445,-1530.307223469019,-1097.404453848023,350.23976090038195,148.56004593987018,right_blink
1761185201.7071593,-1478.988316277042,-1020.8935805545188,393.2523502907716,214.49448215868324,right_blink
1761185201.7071593,-1526.6608210122213,-1077.6316027822904,395.3242548662238,133.96321641281247,right_blink
1761185201.7078767,-1562.6236989861354,-1132.1406446364708,347.06084593804553,91.34331651777029,right_blink
1761185201.7078767,-1495.7916867779568,-1033.3773666066118,387.0628158641048,212.55721398163587,right_blink
1761185201.7215314,-1502.8376582944766,-1071.3710102564655,376.9763056836091,141.27846072614193,right_blink
1761185201.7215314,-1535.6627602055669,-1120.0794672793709,354.8211383461021,133.0955596230924,right_blink
1761185201.7371504,-1513.9825601624325,-1082.3363969265483,360.50578627875075,156.89628294110298,right_blink
1761185201.7371504,-1507.4601746397093,-1072.2648463458754,397.7551898374222,157.80133873037994,right_blink
1761185201.7378716,-1527.5845763012767,-1094.8875011778437,393.0578754930757,133.48824911843985,right_blink
1761185201.7378716,-1543.0154035184532,-1114.3835996468551,345.97627495089546,124.75932262185961,right_blink
1761185201.7514668,-1465.0684086419642,-1039.1742115379311,386.62524756928906,203.15884539298713,right_blink
1761185201.7514668,-1513.8853227635846,-1085.6387285874225,391.2103649149649,135.33201979659498,right_blink
1761185201.7671728,-1559.710316920653,-1141.6699097235687,343.7772137769498,101.25779130030423,right_blink
1761185201.7671728,-1509.6068772142753,-1075.9075089027174,372.7240394339897,164.88096934650093,right_blink
1761185201.7678912,-1507.041305844672,-1070.8324646628462,405.41076504671946,160.06771810352802,right_blink
1761185201.7678912,-1560.6415520096198,-1146.2213679696433,372.2004534401931,95.31883017066866,right_blink
1761185201.7814894,-1523.8558960454538,-1084.9618066954426,350.87180399289355,166.93791432213038,right_blink
1761185201.7814894,-1493.9778352994472,-1065.4582284265198,382.21590552153066,189.13422055914998,right_blink
1761185201.797124,-1539.847708255984,-1122.1738112545572,376.265724692028,104.26841076463461,right_blink
1761185201.797124,-1544.320628602989,-1107.5769817274995,362.13264275947586,142.16855691559613,right_blink
1761185201.797956,-1490.9223370356485,-1067.4889941024594,406.05028793914244,204.5463482765481,right_blink
1761185201.797956,-1524.5141184376553,-1107.7976358248852,394.14618638018146,149.28184663131833,right_blink
1761185201.8114667,-1556.4192049596459,-1132.5258543319069,354.27885285252705,127.51188898924738,right_blink
1761185201.8114667,-1508.7728795241565,-1087.4338805661537,361.6314961654134,184.58276231307536,right_blink
1761185201.8271077,-1504.0119868805632,-1088.9223607485183,409.0010690041818,170.47211978025734,right_blink
1761185201.8271077,-1557.3728794483468,-1132.9148039272986,375.5588836004026,114.27264314610511,right_blink
1761185201.827891,-1533.272964133881,-1102.5617758869193,358.4899802026339,163.3737896643579,right_blink
1761185201.827891,-1492.7885471135378,-1064.1978821414523,404.7001840551384,196.63271997030824,right_blink
1761185201.8414989,-1547.9445916600525,-1114.7164507429115,385.8249089787714,115.61900713015348,right_blink
1761185201.8414989,-1550.375526631251,-1123.2322029420175,358.38900290383026,141.00918792933226,right_blink
1761185201.85728,-1499.8793974295259,-1059.6239844956435,393.1588527918793,208.8360135257244,right_blink
1761185201.85728,-1524.1999668413773,-1109.9854772989638,395.7954822606407,139.5880259461701,right_blink
1761185201.8578444,-1560.9706632057205,-1142.9152964088134,344.35689827008173,122.5415619481355,right_blink
1761185201.8578444,-1498.828485541977,-1076.4834534958936,379.2763441563584,196.056775377132,right_blink
1761185201.8714223,-1507.6284701377153,-1084.3110641031526,406.8730659293942,168.3441167054698,right_blink
1761185201.8714223,-1545.05738889426,-1130.244515358936,376.92020718427375,128.40946497861296,right_blink
1761185201.8872044,-1517.8383970167488,-1084.4569202014245,368.81210408033803,185.09512860700488,right_blink
1761185201.8872044,-1487.6873235739768,-1056.628324631136,408.37650571158156,195.6079873824492,right_blink
1761185201.8878767,-1533.7292319284752,-1110.5165430926718,388.0912883519195,149.48754112888128,right_blink
1761185201.8878767,-1554.8895858777687,-1126.0333880088292,359.95976088522,146.55919946357608,right_blink
1761185201.9015107,-1493.7796206017956,-1067.5263931020163,401.0949204978533,189.8298419509083,right_blink
1761185201.9015107,-1482.111132740043,-1068.5473857899196,425.86427790438756,207.3587530432269,right_blink
1761185201.9171216,-1543.4342723134905,-1120.4833764745854,394.3892798773013,143.68321639765054,right_blink
1761185201.9171216,-1532.7007594406605,-1085.971579683479,364.8291106275283,175.95481311529875,right_blink
1761185201.917852,-1473.356026943773,-1050.5771665028296,416.8436392112635,214.94701005332172,right_blink
1761185201.917852,-1531.2272388581187,-1115.7673626304604,390.0135969291441,153.20500168483704,right_blink
1761185201.9314337,-1532.4127871440724,-1117.3119413121603,362.1176831596531,150.5945515157655,right_blink
1761185201.9314337,-1494.703375890851,-1057.593218819704,396.4985834523104,194.0895880004391,right_blink
1761185201.94731,-1510.3436375055462,-1086.6971202748828,416.8062402117066,180.24073846451938,right_blink
1761185201.94731,-1549.9716174360365,-1124.6683245250024,363.2920117457397,141.56643302273005,right_blink
1761185201.947812,-1499.4268695348874,-1079.071464265231,399.89441261207685,187.41386657953262,right_blink
1761185201.947812,-1491.5469003282487,-1065.6265239245258,437.13259647088125,186.2731970930472,right_blink
1761185201.961466,-1557.0512480521575,-1121.53802826209,365.42749462043867,142.53506711125374,right_blink
1761185201.961466,-1519.19972060062,-1082.3550964263268,383.02746381191537,176.32132331095636,right_blink
1761185201.977178,-1493.824499401264,-1065.7835997226648,421.8139662523754,192.0550824245438,right_blink
1761185201.977178,-1547.1816520690918,-1142.9414757085033,380.80970313819125,123.36060003843158,right_blink
1761185201.9779449,-1534.7464847164229,-1110.3557273945771,379.99814484780654,168.73680620081723,right_blink
1761185201.9779449,-1492.8970042122528,-1051.4560429924168,433.65448951208964,202.16029210481793,right_blink
1761185201.9914656,-1528.0707632955164,-1107.6629994264804,421.1482640602626,149.98120792303234,right_blink
1761185201.9914656,-1565.0845531569794,-1146.0007138722576,349.7012153067626,124.07492092996836,right_blink
1761185202.0071955,-1513.9451611628756,-1078.1252695764415,385.3462017844431,185.54017670173198,right_blink
1761185202.0071955,-1504.471994575113,-1083.7912180093117,425.2658939114772,193.55852220673114,right_blink
1761185202.0080595,-1572.1118251737207,-1159.9804599066265,362.8656631507911,105.00143115594983,right_blink
1761185202.0080595,-1514.2967117587104,-1094.4349732832052,381.62126142857596,182.83996893372387,right_blink
1761185202.0213895,-1469.8367810854688,-1037.1359660620801,452.4624463892542,234.04667912703007,right_blink
1761185202.0213895,-1570.45504949335,-1146.1241305707954,393.6076407865621,113.3114888574928,right_blink
1761185202.0372646,-1535.7861769041047,-1103.0068239816464,372.70160003425553,180.40529406256974,right_blink
1761185202.0372646,-1491.5132412286475,-1063.0983515544794,420.86029176367447,213.83251986652613,right_blink
1761185202.0378911,-1511.7797590885311,-1105.2582437549718,416.2489951183088,160.4080489994958,right_blink
1761185202.0378911,-1526.544884113595,-1123.1461852430366,368.3109574862756,148.58622523956,right_blink
1761185202.0514972,-1479.1678314749151,-1070.3724569682963,420.2207688712515,209.8757057134062,right_blink
1761185202.0514972,-1484.631825310178,-1061.0451464788057,451.8640623963438,229.53635978046805,right_blink
1761185202.0671887,-1567.1714173322544,-1156.1807215516455,372.84745613252744,109.54540960211307,right_blink
1761185202.0671887,-1509.0458922209218,-1079.9428609549068,396.03857575776055,205.0587145704776,right_blink
1761185202.0679097,-1476.6172197051346,-1061.8716643690132,440.16565533494577,221.26370107848197,right_blink
1761185202.0679097,-1544.5786816999316,-1148.8766969381832,386.7561440677382,122.14139265287668,right_blink
1761185202.0814695,-1529.835996074602,-1129.8593056635,366.58312370674685,159.7460867073387,right_blink
1761185202.0814695,-1462.4093397734687,-1039.6005601328798,438.2171674580313,234.7385606188327,right_blink
1761185202.0972111,-1541.0968348411843,-1137.8252925691195,402.172011685092,117.84050770383328,right_blink
1761185202.0972111,-1571.034733986482,-1138.083345666062,361.3397839688696,129.66233146376908,right_blink
1761185202.0979297,-1486.0829064929858,-1058.352418510709,416.5220078150742,205.14847216941416,right_blink
1761185202.0979297,-1487.575126575306,-1081.1732880403288,430.38581695081666,204.29203507956117,right_blink
1761185202.1113987,-1576.8540183175355,-1168.9038612009026,354.90341614512727,120.15176587644964,right_blink
1761185202.1113987,-1503.2228679899126,-1099.1210679276846,388.3044626493938,194.1307268999517,right_blink
1761185202.1272244,-1482.5898399343714,-1063.4873011498712,444.2608457864262,213.85121936630458,right_blink
1761185202.1272244,-1552.6456459043548,-1143.824092098046,392.1229005041532,133.40971121937037,right_blink
1761185202.1279132,-1542.319782126695,-1140.5367200369947,355.5990375368856,148.80313943699002,right_blink
1761185202.1279132,-1457.6858461294323,-1046.7587286480702,423.6614768304862,238.08951097913086,right_blink
1761185202.142134,-1536.8258690917864,-1137.6607369710691,402.8751128767617,138.7353287562728,right_blink
1761185202.142134,-1538.097435076721,-1122.3832456520759,385.47709828289226,178.7522582821548,right_blink
1761185202.1429229,-1503.5239299363457,-1085.560190688353,418.03479734715074,198.15111935231835,right_blink
1761185202.156495,-1487.2104863296263,-1075.4475012081675,452.3222001409158,207.3550131432712,right_blink
1761185202.156495,-1558.7360729821958,-1174.8615218303166,354.942685094662,105.93640614487231,right_blink
1761185202.172124,-1498.8827140913345,-1074.344230721239,408.6700878581032,211.988749188371,right_blink
1761185202.172124,-1470.388416328933,-1062.1820760653354,445.6090797204524,228.2161750961095,right_blink
1761185202.1728747,-1570.7561114397831,-1170.2053463854827,373.9151975698769,108.13920721877366,right_blink
1761185202.1728747,-1520.0954266400076,-1111.8554272768088,373.1111190794036,182.054589943029,right_blink
1761185202.18646,-1450.9297168594785,-1031.649532827083,459.484108556062,272.2123581748456,right_blink
1761185202.18646,-1555.1345493248664,-1164.401021654252,381.64557077828795,110.00915719661862,right_blink
1761185202.2021608,-1526.3971580653451,-1129.713449565228,382.6291644666344,172.0466176616028,right_blink
1761185202.2021608,-1465.6163039854728,-1045.1281322673894,427.0142971407622,254.48523238487542,right_blink
1761185202.2028725,-1528.8804516359232,-1123.0751271438785,421.939252900891,151.0022006109357,right_blink
1761185202.2028725,-1566.451486590784,-1157.863676531706,389.60781778395176,125.5035627130419,right_blink
1761185202.216528,-1500.0907017770223,-1094.9847385766916,402.3421771330759,208.34608663152903,right_blink
1761185202.216528,-1489.69751980016,-1072.4107024441473,429.74442410841584,221.20760257914662,right_blink
1761185202.23218,-1533.416950282175,-1144.1045845947228,391.2234545648098,136.76066157966852,right_blink
1761185202.23218,-1534.0190741750412,-1135.611271795351,363.81372778955847,151.23781430814415,right_blink
1761185202.2328792,-1447.4590897005983,-1043.733149583917,458.9904417619109,258.7075794348493,right_blink
1761185202.2328792,-1522.7993743079714,-1130.8578589516692,420.11044182255864,158.01451302785426,right_blink
1761185202.24653,-1552.8045916524716,-1154.378089773003,385.23961463570595,141.77960732020438,right_blink
1761185202.24653,-1497.4989511077292,-1088.7615450504236,425.1256476631388,222.69234286155552,right_blink
1761185202.2621715,-1507.0207363949157,-1111.515096380841,424.7217384679243,197.77338945679367,right_blink
1761185202.2621715,-1570.3896012441255,-1156.3976357490756,371.4767827987671,148.52264694031328,right_blink
1761185202.2629137,-1503.0676621417515,-1096.7836304553784,396.623870100826,208.96317012421787,right_blink
1761185202.2629137,-1484.9441069564782,-1091.3757351194508,434.03782925754786,213.9933355646208,right_blink
1761185202.2764912,-1558.1115096895956,-1154.6099635702558,389.83221178129315,137.48246227111667,right_blink
1761185202.2764912,-1539.797219606582,-1133.5805061194114,367.8752591414377,169.66430138982832,right_blink
1761185202.2922132,-1478.2459461358376,-1057.6717567187734,440.2909419834614,229.151150085032,right_blink
1761185202.2922132,-1517.2867617732845,-1110.3108485951088,422.7620308911428,199.14219284057617,right_blink
1761185202.292991,-1570.045530448202,-1159.842083608266,358.85836034826934,125.06973431818187,right_blink
1761185202.292991,-1479.0949034257792,-1048.7595751243643,426.4346126476303,262.5372369894758,right_blink
1761185202.3065183,-1512.1930180336349,-1107.801375724841,438.8436007006094,202.12663300521672,right_blink
1761185202.3065183,-1567.3341029803269,-1168.7280859029852,373.38039187621325,125.33900711499155,right_blink
1761185202.3222325,-1491.7993435752578,-1071.1877551586367,412.3912883140147,242.75690612383187,right_blink
1761185202.3222325,-1491.9115405739285,-1097.6176281454973,432.1753590796143,196.49060377199203,right_blink
1761185202.3231475,-1558.6425754833035,-1153.798405279871,398.88276967406273,127.44831069000065,right_blink
1761185202.3231475,-1538.5144339217804,-1110.7334572901018,389.53301978483796,190.66757954098284,right_blink
1761185202.3365388,-1484.5701169609092,-1075.4512411081232,425.2827234612778,205.874012760818,right_blink
1761185202.3365388,-1520.9630834297277,-1113.40748575842,416.7594914622605,173.0040320502594,right_blink
1761185202.3521774,-1564.3870618152432,-1168.9375203005038,361.0536816222593,139.88721794262528,right_blink
1761185202.3521774,-1473.2456998950802,-1060.2896866877563,419.96084582433105,223.85919164773077,right_blink
1761185202.352872,-1510.4689241540618,-1107.5657620276324,438.836120900698,184.6014618128538,right_blink
1761185202.352872,-1560.0300783668645,-1171.7761043668725,377.8084334237501,125.12957271747291,right_blink
1761185202.3665073,-1490.9728256850503,-1072.8146116393618,394.8960363212973,219.63684459775686,right_blink
1761185202.3665073,-1494.3798745446838,-1102.7786900843494,426.67022634483874,190.40204664412886,right_blink
1761185202.3822,-1531.9808286991902,-1149.867770426441,378.26844111829996,160.68480159621686,right_blink
1761185202.3822,-1528.0913327452727,-1115.9468778283335,384.4691952448338,191.50531713105738,right_blink
1761185202.3828645,-1491.2196590821259,-1071.0306793604977,436.8651936240494,217.22460912633687,right_blink
1761185202.3828645,-1519.8037144434638,-1118.377812799532,424.88255416601896,172.50288545619696,right_blink
1761185202.396485,-1541.6746493843384,-1158.77995202085,381.5857323789969,138.23418216221035,right_blink
1761185202.396485,-1484.65613465989,-1094.9398597772233,420.1927196215838,196.95809126645327,right_blink
1761185202.4122305,-1501.9606517548673,-1128.3932648808695,452.96920283325016,203.21868379227817,right_blink
1761185202.4122305,-1558.6911941827275,-1156.3490170496516,391.257113664411,134.08663311135024,right_blink
1761185202.4129052,-1502.446838749107,-1125.506062115077,403.2247935226187,174.61218903120607,right_blink
1761185202.4129052,-1464.95060179336,-1098.380567736458,464.35345829837024,219.176836903207,right_blink
1761185202.4264548,-1527.085299657192,-1175.88251451822,405.65572849381715,107.81009602267295,right_blink
1761185202.4264548,-1462.4336491231807,-1139.5269470489584,434.11636715661734,209.37829901929945,right_blink
1761185202.442144,-1484.4055613628589,-1146.2662467691116,457.15789078362286,174.24941873550415,right_blink
1761185202.442144,-1505.6145340115763,-1142.8143191100098,440.9416845757514,143.33540570177138,right_blink
1761185202.4428887,-1477.4493474452756,-1137.1221913774498,436.77543602511287,177.66768729500473,right_blink
1761185202.4428887,-1421.3919870094396,-1134.90069080377,475.13184997066855,113.35636765696108,right_blink
1761185202.4565856,-1458.5441531692632,-1190.7224375423975,487.73905272129923,127.07058079447597,right_blink
1761185202.4565856,-1451.9058307479136,-1188.6393132670783,463.27262721117586,172.76467845309526,right_blink
1761185202.472176,-1404.166007813532,-1132.9297635271214,487.84750982001424,179.39178117457777,right_blink
1761185202.472176,-1403.115095925983,-1166.2036534328945,519.1055936496705,109.38085400406271,right_blink
1761185202.4728591,-1427.102814241778,-1234.7223605210893,512.3924732292071,28.21380526572466,right_blink
1761185202.4728591,-1376.0232606469654,-1203.9729030854069,532.1877636946738,124.95379741955549,right_blink
1761185202.4869359,-1347.4840840850957,-1168.3466161075048,562.7577059324831,109.48557120282203,right_blink
1761185202.4869359,-1394.1168966325931,-1220.133010793943,558.8345508789644,52.62413227651268,right_blink
1761185202.5021844,-1389.9169889823534,-1226.8573509142734,521.547748320736,24.253251212649047,right_blink
1761185202.5021844,-1324.4276008582674,-1172.8980743535794,577.1488409619778,96.74373205378652,right_blink
1761185202.5029192,-1325.818843641784,-1220.6117179882713,603.2533426526934,56.41639083158225,right_blink
1761185202.5029192,-1359.335827044677,-1296.512987588998,570.357182642445,4.330804148688912,right_blink
1761185202.516388,-1303.4093631072901,-1220.5930184884928,584.8343353709206,58.64537120517343,right_blink
1761185202.516388,-1293.8127798209898,-1219.373811102938,624.8176057972014,66.16257011611015,right_blink
1761185202.5320742,-1348.1647458770312,-1293.6931030224077,572.4926655171439,-12.364109253510833,right_blink
1761185202.5320742,-1305.1783357863314,-1261.223291607108,571.2510187318549,57.42616381961852,right_blink
1761185202.5329287,-1270.4421449978836,-1230.8403443670832,633.6549893924966,59.389611296355724,right_blink
1761185202.5329287,-1326.1105558383279,-1278.4530107029714,605.007355731912,2.7600461672991514,right_blink
1761185202.5464697,-1331.0995823792182,-1296.9019371843897,569.983192646876,10.08651018049568,right_blink
1761185202.5464697,-1263.272756782826,-1238.33136397833,612.2852010456845,96.91576745174825,right_blink
1761185202.5622084,-1300.3127259439789,-1260.149940319825,600.5232156850398,28.340961864218116,right_blink
1761185202.5622084,-1325.8263234416954,-1300.237927944865,562.589410434477,-2.494513270445168,right_blink
1761185202.5628505,-1294.2241688161157,-1267.1884320364334,569.6353819509968,71.53306645248085,right_blink
1761185202.5628505,-1272.547708672937,-1242.3554963306524,618.2092025754973,75.66939580347389,right_blink
1761185202.5765245,-1330.5572968856432,-1307.8635839545168,569.6653011506423,3.6090034572407603,right_blink
1761185202.5765245,-1314.9918332700618,-1279.2383896936662,556.6392296049744,23.7147056190297,right_blink
1761185202.5921652,-1275.5358887375332,-1233.8472239314578,611.3203068571165,81.63453623279929,right_blink
1761185202.5921652,-1318.1819679322653,-1293.0423604301177,583.7647239835933,31.239384329877794,right_blink
1761185202.5928006,-1336.952525809873,-1298.6671699634753,539.9891950022429,36.97639086190611,right_blink
1761185202.5928006,-1302.362191119697,-1242.9688399233855,573.420160706155,74.77181981410831,right_blink
1761185202.606426,-1302.3434916199185,-1234.6700019217096,582.2014458021149,103.88320106919855,right_blink
1761185202.606426,-1366.5800132588483,-1300.0658925469033,540.86807149183,15.075536721386015,right_blink
1761185202.6221597,-1300.4099633428268,-1223.2969661564566,590.3394681056961,47.79218153376132,right_blink
1761185202.6221597,-1339.2525642826222,-1255.7405982720666,562.7689256323501,134.34842610824853,right_blink
1761185202.6229067,-1386.868970518466,-1262.9735647863708,510.825455147773,86.97511336952448,right_blink
1761185202.6229067,-1368.8725719316863,-1249.6370815443806,509.22477796673775,110.22233149409294,right_blink
1761185202.6364872,-1354.0363888074644,-1205.6334186657332,544.5369133483618,133.82110021449625,right_blink
1761185202.6364872,-1384.277219849173,-1240.623922651168,540.9877482904121,93.65083479043096,right_blink
1761185202.6521823,-1406.2304325890727,-1268.4936571209691,495.6863401271403,94.41003448143601,right_blink
1761185202.6521823,-1370.129178316798,-1212.3016602867283,522.7968749059364,122.48920334875584,right_blink
1761185202.6528647,-1401.0394514505751,-1227.743707203772,543.9160899557173,114.52695634309202,right_blink
1761185202.6528647,-1427.633880035486,-1258.3697479409166,474.8887564735487,93.03001139778644,right_blink
1761185202.6828825,-1421.0030374140479,-1208.8833917272277,476.42585535533726,164.45462075155228,right_blink
1761185202.6828825,-1393.6045303386636,-1168.7168662031181,516.4091257816181,171.94564036279917,right_blink
1761185202.683587,-1448.270647990983,-1247.4754193699919,472.13993000611663,126.44227760192007,right_blink
1761185202.683587,-1447.5301477997564,-1219.964715295937,449.94362376909703,132.9534434247762,right_blink
1761185202.6843596,-1390.3620370770805,-1168.7280859029852,509.29209616594017,184.9380528088659,right_blink
1761185202.6843596,-1453.6411443273537,-1203.2885013935156,498.63338129222393,122.19749115221202,right_blink
1761185202.6964953,-1468.4698476516642,-1214.6540573588572,445.90079191699624,180.45017286203802,right_blink
1761185202.6964953,-1419.5369966314174,-1160.649901998695,472.31196540407836,196.34474767372012,right_blink
1761185202.712265,-1430.7417368986644,-1184.1813525198959,519.4197452459484,190.19261224661022,right_blink
1761185202.712265,-1503.5351496362127,-1252.3036302127875,448.2157899895683,117.14862621203065,right_blink
1761185202.7128992,-1447.9789357944392,-1177.6701866970398,459.9964748499915,217.6172986216843,right_blink
1761185202.7128992,-1447.1935568037443,-1168.6009293044917,492.7205994622782,192.2009385228157,right_blink
1761185202.726483,-1484.3756421632133,-1197.6562120602466,467.27058026380837,168.31793740577996,right_blink
1761185202.726483,-1470.8035452240147,-1161.2595056914724,450.8337199585512,226.49582111649215,right_blink
1761185202.7421403,-1431.8412674856372,-1145.5818450772204,478.6810150286183,213.52210817020386,right_blink
1761185202.7421403,-1457.0781123866327,-1183.624107426498,469.6042778361589,194.26162339840084,right_blink
1761185202.74293,-1476.275018859189,-1197.7983282585628,445.89331211708486,192.01020362507552,right_blink
1761185202.74293,-1431.145646093879,-1144.7254079873674,473.83036478608847,228.42934939358383,right_blink
1761185202.7564611,-1449.115865380969,-1168.0623837108724,502.3882408477366,211.3267868962139,right_blink
1761185202.7564611,-1504.5748418238945,-1219.964715295937,441.9065787643194,139.84981894306839,right_blink
1761185202.7721336,-1464.5728718978353,-1138.4722952614538,458.7697876645252,239.95572105702013,right_blink
1761185202.7721336,-1441.5874467701651,-1155.548678459134,488.07190381735563,222.770880760625,right_blink
1761185202.77286,-1490.1350880949758,-1203.4792362912558,443.3613998470828,163.25411286577582,right_blink
1761185202.77286,-1474.057258185465,-1168.152141309809,437.919845411554,196.18767187558115,right_blink
1761185202.786446,-1427.514203236904,-1127.1890170951374,493.28532435558736,236.72818739525974,right_blink
1761185202.786446,-1487.5358576257713,-1186.6908253901638,460.12737134844065,157.90979582909495,right_blink
1761185202.802218,-1500.517050371971,-1180.9986976576038,412.5595838120207,199.41520553734154,right_blink
1761185202.802218,-1444.7027834332548,-1119.5072625861503,472.54009930137545,239.7014078600332,right_blink
1761185202.8028796,-1464.0268465043046,-1150.0211063246243,485.4464940484613,197.88932635542005,right_blink
1761185202.8028796,-1510.9925101478584,-1210.1848769118078,432.130480280146,164.65657534915954,right_blink
1761185202.8165343,-1466.4727410753258,-1156.7716257446446,456.15933749545366,225.38881072960794,right_blink
1761185202.8165343,-1470.8072851239704,-1142.0925184185617,460.79681344050914,200.30156182684004,right_blink
1761185202.832132,-1513.7637760150246,-1185.0564891095273,430.4213460003957,190.0130970487371,right_blink
1761185202.832132,-1505.304122315254,-1172.3557888600044,394.7838393226266,185.78327019885182,right_blink
1761185202.8471475,-1463.2414675136097,-1121.1490786666982,454.8092336114496,239.27879916504025,right_blink
1761185202.8471475,-1511.5123562416993,-1176.522037410643,430.03613630495965,188.25160416960716,right_blink
1761185202.847866,-1504.013856830541,-1183.8859004233964,413.21032640431076,203.47673688922077,right_blink
1761185202.847866,-1489.3796283039264,-1126.8262467994355,440.70607087854296,248.10496306046844,right_blink
1761185202.862322,-1515.4803900946863,-1140.544199836906,406.8300570799038,215.01806815247983,right_blink
1761185202.862322,-1562.03840464307,-1172.3333494602703,362.4598840055987,193.08355491235852,right_blink
1761185202.8629825,-1501.7848764569499,-1104.9702714583836,401.68395474087447,253.8980680918321,right_blink
1761185202.8629825,-1511.5908941407688,-1134.537920508068,426.44583234749734,255.47256597317755,right_blink
1761185202.8765545,-1559.024045278784,-1178.0366968926974,382.16167697217315,194.60195429436862,right_blink
1761185202.8765545,-1535.3093396597542,-1131.957389538642,360.6086335275322,259.567756424658,right_blink
1761185202.89241,-1488.4371735150926,-1087.1982668689452,408.1165826646611,285.86299301311374,right_blink
1761185202.89241,-1556.308877910953,-1167.2321259207092,377.4307035282254,212.48241598252207,right_blink
1761185202.8928835,-1579.2531641391106,-1170.081929686945,354.96138459444046,218.20446291472763,right_blink
1761185202.8928835,-1497.9776583020575,-1069.9124492737465,408.9057015553117,306.6680564666167,right_blink
1761185202.9064991,-1540.8556112940423,-1132.9522029268555,386.1521502248943,263.69286607578397,right_blink
1761185202.9064991,-1578.778196844738,-1156.3377973497845,360.78814872540534,232.35250444710255,right_blink
1761185202.9221509,-1537.5345801333897,-1094.558389981743,366.4017385588959,291.3606459479779,right_blink
1761185202.9221509,-1550.6017905785702,-1112.853980564978,391.4777677617967,261.8378756977618,right_blink
1761185202.923018,-1559.3868155744858,-1120.199144077953,364.169018285349,242.47267372719944,right_blink
1761185202.923018,-1546.2186278305016,-1096.0244307643734,340.7497647628188,301.16292373184115,right_blink
1761185202.9365573,-1541.1585431904532,-1095.6878397683613,361.1995377205312,268.4948976188898,right_blink
1761185202.9365573,-1553.619889842812,-1102.4271394885145,372.5912729855627,276.3225082261488,right_blink
1761185202.9521618,-1567.2406054814346,-1093.2980436966754,350.4959440473467,287.34399339556694,right_blink
1761185202.9521618,-1568.6655073645525,-1089.8947347369976,361.25937611982226,276.49080372415483,right_blink
1761185202.952869,-1572.1398744233884,-1101.7427377966233,345.7612307034433,254.04018429014832,right_blink
1761185202.952869,-1583.4867308889516,-1109.7162045021541,327.28238502237946,248.88660215120763,right_blink
1761185202.9665344,-1544.1916020545177,-1067.7283476996236,344.2428313214332,332.7837778571993,right_blink
1761185202.9665344,-1552.1762884599157,-1085.0253849946894,373.8403995707631,278.3495340021327,right_blink
1761185202.9821668,-1632.3821829096414,-1155.2195672630332,324.66071515344083,212.2842012848705,right_blink
1761185202.9821668,-1590.3157882080413,-1082.485992924776,327.65263511799276,298.89654435869306,right_blink
1761185202.982886,-1538.533133421559,-1035.1912180851214,362.6954977028072,323.83419726323336,right_blink
1761185202.982886,-1595.5441683460958,-1109.0093634105287,323.91647506225854,237.84267758205533,right_blink
1761185202.9965115,-1619.722621559631,-1126.1306254076771,296.9106574822217,244.8961288984865,right_blink
1761185202.9965115,-1545.238774042111,-1048.969009521883,341.74083825107664,316.17488215398043,right_blink
1761185203.0121987,-1589.3882930190302,-1081.6482553347014,342.2719040447846,259.941746420227,right_blink
1761185203.0121987,-1639.286038227845,-1127.3049539937638,296.30105378944427,235.69597500748932,right_blink
1761185203.0129032,-1562.6854073354043,-1042.2932881009765,324.81031115166843,315.0117732677609,right_blink
1761185203.0129032,-1573.9574658018537,-1065.6676628240384,356.0122964819893,281.62942626327276,right_blink
1761185203.0264525,-1610.0961190736853,-1123.2658620416187,309.6936355307698,242.64844902511686,right_blink
1761185203.0264525,-1595.8695396422409,-1076.6741883936338,291.7271561436355,305.807879476808,right_blink
1761185203.0421736,-1565.583829801064,-1050.779121100437,337.8700417969376,300.79641353618354,right_blink
1761185203.0421736,-1624.0571656082757,-1116.5826608208008,309.60761783178896,236.72818739525974,right_blink
1761185203.0428684,-1619.8011594587006,-1106.1446000444703,291.0277948519215,257.25649825204164,right_blink
1761185203.0428684,-1549.4050225927494,-1040.778628618922,346.9093799898401,323.0039394730702,right_blink
1761185203.05643,-1570.1839067465626,-1081.4201214374043,364.1278793858364,269.18303921073675,right_blink
1761185203.05643,-1631.024599225726,-1135.5289939963259,281.4237317657098,211.22206969745457,right_blink
1761185203.0721836,-1565.389355003368,-1063.3751041512005,323.9725735615939,299.3266328535974,right_blink
1761185203.0721836,-1545.7847994356416,-1048.2546886303462,366.03896826319396,312.09839120227844,right_blink
1761185203.0728981,-1620.2088085538708,-1119.0996134909801,318.4076024275273,226.63793731480837,right_blink
1761185203.0728981,-1597.9526639175601,-1096.0842691636644,316.2982988525182,263.6741665760055,right_blink
1761185203.0865188,-1556.6529487068765,-1047.6712642372586,349.88634035456926,320.6777217006311,right_blink
1761185203.0865188,-1592.5372887817211,-1097.6363276452757,328.32955700997263,235.09759101457894,right_blink
1761185203.1021805,-1604.9387970347889,-1105.4190594530664,303.2610076069832,232.34128474723548,right_blink
1761185203.1021805,-1537.7664539306425,-1030.6696790386923,365.89685206487775,331.0372445778921,right_blink
1761185203.102893,-1557.3074311991222,-1064.7663469347171,367.4302110467106,270.6789991930127,right_blink
1761185203.102893,-1610.8141798651777,-1112.6071471679024,319.4061557156965,219.86123859509826,right_blink
1761185203.1164927,-1549.9360883864574,-1047.2224762425758,351.14668663963675,303.4854016043246,right_blink
1761185203.1164927,-1545.3247917410918,-1061.8080860697664,360.78814872540534,279.52760248817503,right_blink
1761185203.1321692,-1616.1921560014598,-1122.6525184488855,316.4740741504356,232.28892614785582,right_blink
1761185203.1321692,-1579.4625985366292,-1076.3862160970457,319.79884521104395,265.2337048575282,right_blink
1761185203.132855,-1533.177596685011,-1029.8356813485734,375.4298570519313,301.0619464330375,right_blink
1761185203.132855,-1593.8051148667,-1095.9384130653925,343.6369675286114,244.7427930003032,right_blink
1761185203.147224,-1598.5622676103376,-1104.2858697664924,307.6628698548302,244.77645209990442,right_blink
1761185203.147224,-1546.04659243254,-1037.8951657530852,350.6455400455743,306.2491876715794,right_blink
1761185203.1480331,-1595.529208746273,-1102.4794980878942,347.4161364338361,236.27191960066557,right_blink
1761185203.161461,-1592.2530563850887,-1108.994403810706,330.90447812946513,263.58440897706896,right_blink
1761185203.161461,-1557.610363095533,-1056.1757967364974,361.17522837081924,310.4715347215533,right_blink
1761185203.1771543,-1560.748139158357,-1056.819059528876,378.8238162617199,276.78999572061,right_blink
1761185203.1771543,-1608.6338181910105,-1130.3754118573852,318.4730506767519,210.67230440396816,right_blink
1761185203.1778507,-1579.3391818380915,-1074.7444000164978,312.59018804645166,271.18762558698654,right_blink
1761185203.1778507,-1545.5566655383445,-1041.4630303108133,363.25461274618283,282.796275049448,right_blink
1761185203.1914768,-1585.4688778654672,-1092.5725031052716,358.9200686975382,232.52827974501997,right_blink
1761185203.1914768,-1608.49544189265,-1104.1923722676001,324.11655970988795,212.26924168504775,right_blink
1761185203.2071617,-1547.4041761164553,-1054.9528494509868,394.0302494815551,288.37620578333735,right_blink
1761185203.2071617,-1572.891594314482,-1099.1061083278619,344.5887720673345,235.1910885134712,right_blink
1761185203.2080803,-1607.3659921060316,-1127.1553579955362,314.99494371796027,224.5847322391346,right_blink
1761185203.2080803,-1566.2083930936642,-1065.9556351206265,331.45050352299586,279.23215039167553,right_blink
1761185203.2215056,-1542.8190587707795,-1050.487408903893,382.9003072134219,290.74356245528907,right_blink
1761185203.2215056,-1621.7197281359695,-1144.6169508886524,324.1689183092676,181.15327405370772,right_blink
1761185203.2371526,-1576.1527870758437,-1089.539444241207,347.6966289305128,258.80107693374157,right_blink
1761185203.2371526,-1549.4910402917303,-1063.9136497448198,375.0053784069605,274.43759864848107,right_blink
1761185203.2381372,-1602.0216750693507,-1122.7273164479993,370.62221565889195,213.91105776559561,right_blink
1761185203.2381372,-1576.2799436743371,-1110.4342652936466,320.89276594808325,252.53674450796098,right_blink
1761185203.2514904,-1556.2565193115734,-1066.7073550117202,350.1874023010023,254.06636358983815,right_blink
1761185203.2514904,-1554.7269002296962,-1067.2384208054282,376.5985757880844,245.07190419640392,right_blink
1761185203.267181,-1592.9524176768027,-1120.9433841691352,336.7387220603414,218.72430900856853,right_blink
1761185203.267181,-1543.6493165609427,-1060.3757043867372,359.76154618756846,268.85018811468035,right_blink
1761185203.2679515,-1554.091117237229,-1071.292472357396,399.44188471743837,259.9043474206701,right_blink
1761185203.2679515,-1606.7975273127668,-1128.1389516838826,336.68262356100604,198.67470534611493,right_blink
1761185203.281417,-1556.585630507674,-1077.093057188671,338.4403765401803,267.6496802289039,right_blink
1761185203.281417,-1531.5170811046846,-1033.1866317088716,386.4307727715932,299.7342819487676,right_blink
1761185203.2972257,-1597.97884321725,-1110.322068294976,352.9175292686559,210.68726400379092,right_blink
1761185203.2972257,-1578.6435604463331,-1094.3115565846674,335.7252091723494,243.01121932081878,right_blink
1761185203.2979279,-1542.3515712763183,-1049.8591057113372,390.41376622440293,281.4947898648679,right_blink
1761185203.2979279,-1565.2995974044316,-1085.9678397835232,384.14195399871096,237.72674068342894,right_blink
1761185203.3114264,-1600.8174272836186,-1131.8751117396168,318.2823157790117,212.40761798340827,right_blink
1761185203.3114264,-1555.392602421809,-1067.2683400050737,341.50335460389033,290.141438562423,right_blink
1761185203.3271952,-1542.751740571577,-1060.630017583724,393.2074714913033,273.2483104625717,right_blink
1761185203.3271952,-1615.911663504783,-1135.4467161973007,330.9156978293322,197.54525555949658,right_blink
1761185203.3279536,-1589.5154496175237,-1097.367054848466,329.70771014364436,239.3722966639325,right_blink
1761185203.3279536,-1556.791325005237,-1069.833911374677,383.6034084050916,249.967433238402,right_blink
1761185203.341427,-1574.9522791900672,-1112.2929955716245,357.4502880149521,198.3942128494382,right_blink
1761185203.341427,-1590.4691241062246,-1127.544307590928,322.51962242880836,209.0304883234203,right_blink
1761185203.3571782,-1568.527131066192,-1078.57779747108,362.17004175903276,251.1529815243557,right_blink
1761185203.3571782,-1560.92765435623,-1071.2176743582822,388.21470505045727,244.80263139959425,right_blink
1761185203.3579543,-1622.1984353302978,-1129.9976819618605,318.71240427391604,194.51967649534345,right_blink
1761185203.3579543,-1563.3211903278716,-1072.6724954410456,346.656936742831,251.73640591744334,right_blink
1761185203.3715365,-1540.6386970966123,-1068.7792595871724,397.3138816426508,248.69586725346744,right_blink
1761185203.3715365,-1607.8035604008473,-1127.1590978954919,355.9692876324989,196.89825286716223,right_blink
1761185203.3872159,-1561.0510710547678,-1091.278497720603,341.5482334033586,242.31185802910477,right_blink
1761185203.3872159,-1530.7354420139454,-1057.5969587196596,392.4370521004312,271.7860095798969,right_blink
1761185203.3879635,-1591.0936873988248,-1127.7986207879148,364.46634033182636,186.36669459193945,right_blink
1761185203.3879635,-1586.0597820584662,-1114.3200213476084,347.0010075387545,222.00794116966426,right_blink
1761185203.4014053,-1518.3750726603903,-1044.2791749774478,384.635620792862,287.30285449605435,right_blink
1761185203.4014053,-1573.8602284030057,-1107.1543730325066,373.5991760236211,202.08923400565982,right_blink
1761185203.417195,-1584.2982891793363,-1132.9522029268555,334.82015338307247,194.4635779960081,right_blink
1761185203.417195,-1546.0503323324956,-1090.8895481252111,356.5527120255865,248.32561715785414,right_blink
1761185203.4179733,-1522.3431065133773,-1074.9800137137063,415.12702513160184,269.07458211202174,right_blink
1761185203.4179733,-1602.2498089666478,-1160.2684322032146,352.0797916785814,158.8111117184162,right_blink
1761185203.431428,-1563.1154958303086,-1094.3938343836926,361.02563237259164,239.5555517617613,right_blink
1761185203.431428,-1543.4810210629366,-1077.1042768885382,385.48457808280364,257.8623620448634,right_blink
1761185203.447193,-1583.5989278876223,-1132.9970817263238,356.69482822390273,189.81862225104123,right_blink
1761185203.447193,-1574.9223599904217,-1114.7987285419367,347.60687133157626,215.44815664738417,right_blink
1761185203.447878,-1511.8938260371797,-1053.4643692686222,412.8718654583208,278.33831430226564,right_blink
1761185203.447878,-1563.242652428802,-1115.3447539354675,380.2449782448821,199.4301651371643,right_blink
1761185203.46153,-1561.339043351356,-1122.069094055798,338.60119223827496,230.1123043736443,right_blink
1761185203.46153,-1534.142490873579,-1084.0829302058555,362.0054861609824,255.88769486825913,right_blink
1761185203.4771323,-1508.2436836804263,-1060.678636283148,426.90770999202505,264.14539397042245,right_blink
1761185203.4771323,-1572.061336524319,-1130.6446846541949,370.7568520572968,197.5789146590978,right_blink
1761185203.4779007,-1543.5520791620947,-1085.174980992917,362.32711755717173,244.64555560145527,right_blink
1761185203.4779007,-1510.1996513572522,-1059.6202445956878,411.93689046939835,246.80721777584404,right_blink
1761185203.4915235,-1568.1307016708888,-1137.3765045744367,393.99659038195387,194.84504779148847,right_blink
1761185203.4915235,-1565.6212288006209,-1120.6479320726357,359.1893414943479,240.42320855148137,right_blink
1761185203.5071824,-1501.4669849607162,-1051.0708332969807,398.3984526298009,288.57068058103323,right_blink
1761185203.5071824,-1542.1795358783565,-1108.0220298222266,392.5679485988803,237.67812198400497,right_blink
1761185203.507995,-1573.8303092033602,-1121.885838957969,363.6323426417075,221.2562212785706,right_blink
1761185203.507995,-1517.1783046745695,-1051.4186439928599,407.83048031805083,290.6164058567956,right_blink
1761185203.5214531,-1524.011101893615,-1079.2696789628826,420.0375137734227,253.4156209975481,right_blink
1761185203.5214531,-1569.5705631538294,-1126.7664084001444,384.4710651948117,225.82637902442366,right_blink
1761185203.5372052,-1548.1895551071502,-1091.8469625138678,366.17921451153234,238.61309697292745,right_blink
1761185203.5372052,-1499.215565187391,-1049.2869010181166,413.5487873503007,288.3649860834703,right_blink
1761185203.538034,-1566.0700167953037,-1137.1857696766965,375.3905881023966,176.47465920913965,right_blink
1761185203.538034,-1557.6776812947355,-1123.1312256432138,367.43582089664415,245.93956098612398,right_blink
1761185203.5514245,-1516.8192742788233,-1068.9625146850012,405.7361363428645,267.9713116250932,right_blink
1761185203.5514245,-1542.0860383794643,-1114.6453926437534,405.90443184087053,210.51522860582918,right_blink
1761185203.5671327,-1580.2629371271469,-1141.7970663220622,361.58287746598944,199.99115013051778,right_blink
1761185203.5671327,-1542.4001899757423,-1082.4111949256621,395.07742146914825,252.17023431230336,right_blink
1761185203.5678926,-1540.6573965963908,-1101.0994750042446,401.2183371963911,238.98708696849644,right_blink
1761185203.5678926,-1566.6235219887458,-1129.4815757679753,379.65781395183876,212.75916857924312,right_blink
1761185203.581524,-1529.2170426319353,-1098.0813757400028,366.3437701095827,236.1896418016404,right_blink
1761185203.581524,-1528.9365501352586,-1087.489979065489,412.93918365752324,244.75775260012597,right_blink
1761185203.5971828,-1555.560897919815,-1126.710309900809,397.74023023759946,212.16078458633274,right_blink
1761185203.5971828,-1579.1484469403513,-1135.1961429002695,356.94914142088965,200.832627620548,right_blink
1761185203.5979617,-1509.5077698654495,-1063.2629071525298,396.5696415514685,287.30285449605435,right_blink
1761185203.5979617,-1556.5332719082944,-1133.6927031180821,385.9857246768661,203.19998429249972,right_blink
1761185203.6115696,-1587.4510248419829,-1144.0933648948558,362.1625619591214,193.52486310712993,right_blink
1761185203.6115696,-1529.2544416314922,-1080.0924569531344,390.1033545280807,268.47993801906705,right_blink
1761185203.6272004,-1538.9520022165962,-1106.376473841723,412.797067459207,227.64023050293326,right_blink
1761185203.6272004,-1594.758789355401,-1149.938828525599,371.4823926487006,187.11467458307743,right_blink
1761185203.6278813,-1544.5169733506627,-1095.2053926740773,382.09996862290427,241.09265064354986,right_blink
1761185203.6278813,-1515.4018521956168,-1078.1402291762643,418.04414709703997,262.35772179160267,right_blink
1761185203.6415083,-1570.8122099391185,-1139.8672779449262,385.70897208014503,202.00695620663464,right_blink
1761185203.6415083,-1558.9604669795372,-1113.8039151537232,379.9495261483826,235.31076531205326,right_blink
1761185203.65713,-1525.5743800750934,-1071.4420683556236,417.90203089872375,280.00630968250334,right_blink
1761185203.65713,-1572.4802053193562,-1132.043407237623,397.38119984185323,204.12747948151082,right_blink
1761185203.6579676,-1573.0150110130198,-1138.554573060479,360.2701725815423,196.65515937004238,right_blink
1761185203.6579676,-1503.3967733378522,-1060.3121260874905,404.8310805535875,290.683724055998,right_blink
1761185203.6715047,-1519.549401246477,-1085.1936804926954,430.7859862460755,245.16914159525186,right_blink
1761185203.6715047,-1570.8084700391628,-1149.8378512267955,385.0208304882981,208.4321043305099,right_blink
1761185203.687132,-1554.8652765280567,-1103.5266700754873,372.4211075375788,228.16755639668554,right_blink
1761185203.687132,-1502.0878083533607,-1058.9508025036193,443.2211535987444,292.4339972352609,right_blink
1761185203.6878932,-1574.2454380984418,-1147.2236611577682,392.7923425962217,184.85951490979642,right_blink
1761185203.6878932,-1548.784199200105,-1112.6108870678581,382.10370852285996,237.80527858249843,right_blink
1761185203.7014928,-1506.811301997397,-1064.5456928373314,415.5571136265062,279.624839887023,right_blink
1761185203.7014928,-1551.4395281686448,-1123.961483433377,414.2182294423692,213.10697927512228,right_blink
1761185203.7172556,-1558.395742086228,-1140.9817681317218,368.73356618126854,199.71813743375242,right_blink
1761185203.7172556,-1517.7168502681889,-1076.7976050921716,409.7752282950096,272.4330122722313,right_blink
1761185203.7178757,-1521.6400053217076,-1096.076789363753,433.43009551474825,247.8992685629055,right_blink
1761185203.7178757,-1593.6555188684724,-1157.826277532149,366.9608536022715,174.39901473373175,right_blink
1761185203.7315269,-1533.3832911825739,-1097.1090017515235,383.22567850956693,239.40221586357802,right_blink
1761185203.7315269,-1521.262275426183,-1074.284392321948,412.93544375756755,246.97551327385008,right_blink
1761185203.747291,-1575.8909940789454,-1155.0101328655146,376.9314268841408,174.55235063191503,right_blink
1761185203.747291,-1548.8702168990858,-1136.710802382324,370.9999455544166,225.93483612313867,right_blink
1761185203.7480648,-1515.3046147967689,-1072.679975240957,419.9926349739544,267.55618273001164,right_blink
1761185203.7480648,-1552.4081622571684,-1130.596065954771,402.6918577789329,209.45683691836894,right_blink
1761185203.7615304,-1568.6019290653057,-1135.9403829914518,370.6708343583159,221.49557487573475,right_blink
1761185203.7615304,-1538.2638606247492,-1093.5299174939282,388.3904803483747,254.50019198469818,right_blink
1761185203.7771864,-1520.59657323407,-1094.8388824784197,435.9358284850605,237.0423389915377,right_blink
1761185203.7771864,-1574.7952033919282,-1145.3985899793915,381.1724734338932,210.11505931057036,right_blink
1761185203.7778463,-1560.288131463807,-1127.3797519928776,359.95976088522,224.96994193457067,right_blink
1761185203.7778463,-1498.1796128996648,-1075.2941653099842,423.87091122800484,270.4209460960701,right_blink
1761185203.7915204,-1563.8784354212694,-1138.348878562916,391.9733045059256,194.5346360951662,right_blink
1761185203.7915204,-1587.7689163382165,-1142.451548814308,363.5276254429482,212.56469378154725,right_blink
1761185203.8071873,-1503.363114238251,-1056.6694635306485,429.28254646388814,290.3658325597644,right_blink
1761185203.8071873,-1546.3270849292167,-1114.2078243489377,411.41330447560176,223.11869145650417,right_blink
1761185203.8080456,-1583.07160199387,-1162.5983898756094,357.2558132172562,192.0550824245438,right_blink
1761185203.8080456,-1516.0114558883943,-1077.841037179809,403.1668250733055,291.11381255090237,right_blink
1761185203.82152,-1524.4374504885636,-1099.382860924583,437.76463956339285,237.0348591916263,right_blink
1761185203.82152,-1591.1722252978943,-1162.7143267742358,378.43860656628385,167.43158111628145,right_blink
1761185203.8371322,-1532.90084408829,-1094.206839385908,389.9724580296315,270.91835279017687,right_blink
1761185203.8371322,-1520.8359268312342,-1080.4851464484818,422.53576694382355,265.6750130522996,right_blink
1761185203.8382003,-1568.972179160919,-1149.4376819315366,391.5432160110213,183.90958032105118,right_blink
1761185203.8382003,-1546.394403128419,-1106.2343576434068,379.8934276490472,233.84098462946713,right_blink
1761185203.851436,-1522.8031142079271,-1077.515665883664,410.3586526880972,259.1675871293992,right_blink
1761185203.851436,-1533.0728794862516,-1113.347647359129,438.88286965014413,225.774020425044,right_blink
1761185203.867169,-1573.6657536053099,-1160.204853903968,362.9591606496833,196.76735636871308,right_blink
1761185203.867169,-1507.8771734847687,-1066.8606909099035,405.6201994442381,286.1696648094803,right_blink
1761185203.868085,-1528.0053150462918,-1100.8937805066817,428.0745587782003,228.50040749274194,right_blink
1761185203.868085,-1571.8032834273763,-1151.8798366026022,380.91816023690626,182.92598663270473,right_blink
1761185203.88142,-1524.2130564912222,-1095.9645923650824,408.34284661198035,259.7996302219108,right_blink
1761185203.88142,-1511.7479699389078,-1080.5150656481273,430.1128042540513,254.62734858319163,right_blink
1761185203.897194,-1555.88626921596,-1133.924576915335,407.5499878213741,210.41425130702555,right_blink
1761185203.897194,-1574.7877235920168,-1143.367824303452,367.0057324017398,196.5354825714603,right_blink
1761185203.8979251,-1505.3789203143679,-1081.521098736208,414.1808304428123,270.44712539575994,right_blink
1761185203.8979251,-1527.5153881520964,-1109.428232205566,423.0032544382848,234.41692922264338,right_blink
1761185203.9114263,-1579.2195050395094,-1153.1738419872709,378.5994222643785,184.28731021657586,right_blink
1761185203.9114263,-1508.5914943763055,-1069.1158505831845,420.26938757067546,288.5445012813434,right_blink
1761185203.927102,-1521.49040932348,-1104.2409909670241,428.5270866728388,226.54069991596043,right_blink
1761185203.927102,-1579.249424239155,-1176.0283706164919,388.36430104868487,173.17980734817684,right_blink
1761185203.927918,-1524.082159992773,-1091.012964823749,396.44996475288644,262.74293148703873,right_blink
1761185203.927918,-1522.0775736165233,-1088.395034854766,420.142230972182,253.88310849200934,right_blink
1761185203.9414244,-1566.4701860905625,-1145.5706253773533,400.19360460853204,212.3589992839843,right_blink
1761185203.9414244,-1551.170255371835,-1125.842653111089,386.0119039765559,230.2918195715174,right_blink
1761185203.957182,-1493.6692935531028,-1080.496366148349,427.2293413882144,269.6916656047106,right_blink
1761185203.957182,-1523.4575967001729,-1111.9414449757896,431.38811013894156,221.00190808158368,right_blink
1761185203.9578469,-1581.3362884144299,-1159.2549193152227,382.14110752241686,189.60170805361122,right_blink
1761185203.9578469,-1497.285776810255,-1082.9273011195473,411.12907207896933,280.1297263810411,right_blink
1761185203.9714484,-1537.5869387327693,-1119.1631917902268,429.043192866724,235.86801040545106,right_blink
1761185203.9714484,-1566.354249191936,-1158.3910024254583,390.2791298259981,203.3196610910818,right_blink
1761185203.9873204,-1534.1686701732688,-1113.4748039576225,395.07368156919256,232.40112314652652,right_blink
1761185203.9873204,-1511.0598283470608,-1078.6899944697507,436.1190835828893,255.78297766949981,right_blink
1761185203.9879036,-1571.638727829326,-1153.2299404866062,391.3487412133254,190.63018054142594,right_blink
1761185203.9879036,-1562.965899832081,-1146.0493325716816,373.2738047274761,216.19239673856646,right_blink
1761185204.0014622,-1489.9929718966596,-1074.512526219245,430.7859862460755,254.6722273826599,right_blink
1761185204.0014622,-1542.7741799713112,-1130.4352502566762,418.0965056964196,188.386240568012,right_blink
1761185204.0171523,-1563.3810287271626,-1157.0408985414542,391.40483971266076,191.0527892364189,right_blink
1761185204.0171523,-1515.4766501947306,-1094.9361198772676,407.90527831716463,266.74462443962693,right_blink
1761185204.017845,-1516.9464308773167,-1123.1835842425935,431.6012844364159,226.87355101201683,right_blink
1761185204.017845,-1569.226492357906,-1164.2850847556256,391.37492051301524,186.11612129490823,right_blink
1761185204.0315144,-1535.9675620519556,-1109.7984823011793,395.357913965825,255.96623276732862,right_blink
1761185204.0315144,-1502.7161115459166,-1090.661414227914,420.23946837102994,244.75401270017028,right_blink
1761185204.0472884,-1545.1714558429085,-1147.1488631586544,406.6561517319642,192.67590581718832,right_blink
1761185204.0472884,-1558.9230679799803,-1141.4529955261387,384.5645626937039,222.5090877637267,right_blink
1761185204.047994,-1502.8395282444544,-1086.0987362819724,433.9349820087664,265.00183106027544,right_blink
1761185204.047994,-1540.5863384972326,-1131.8900713394396,418.369518393185,207.60932634025812,right_blink
1761185204.0614944,-1567.7043530759402,-1150.2567200218327,368.65876818215474,196.1689723758027,right_blink
1761185204.0614944,-1505.3340415148996,-1077.1715950877406,424.8432852164842,283.5031161410734,right_blink
1761185204.077269,-1539.5017675100826,-1115.0231225392781,421.41753685707226,219.23293540254235,right_blink
1761185204.077269,-1574.1669001993723,-1172.1762736621313,396.9099724474363,190.93685233779252,right_blink
1761185204.0779529,-1522.9826294058003,-1108.7961891130544,410.4708496867679,272.9491184661165,right_blink
1761185204.0779529,-1515.9441376891918,-1092.7071395036764,430.4045164505951,248.57993035484105,right_blink
1761185204.091512,-1572.6485008173622,-1161.1660081925802,395.51498976396397,172.65248145442456,right_blink
1761185204.091512,-1568.84128266247,-1146.0642921715043,365.42749462043867,205.75059606228024,right_blink
1761185204.1072235,-1503.6810057344846,-1076.442314596381,432.0425926311873,267.1186144351959,right_blink
1761185204.1072235,-1539.3446917119436,-1135.3569585983641,421.4137969571166,190.8732740385458,right_blink
1761185204.1079152,-1583.9654380832799,-1173.1262082508765,380.3796146432869,179.24218517635018,right_blink
1761185204.1079152,-1515.4130718954839,-1104.1624530679546,405.6201994442381,251.02582492586225,right_blink
1761185204.1214411,-1527.3957113535143,-1115.277435736265,424.38701742189005,238.82627127040178,right_blink
1761185204.1214411,-1594.4371579592116,-1182.2665237425826,394.82310827216133,171.42953416891396,right_blink
1761185204.137215,-1554.6633219304495,-1125.2816681177355,379.92334684869274,244.45856060367078,right_blink
1761185204.137215,-1519.7999745435081,-1089.9545731362887,441.48957991926,259.73979182261974,right_blink
1761185204.1379473,-1566.7805977868848,-1162.6470085750334,402.871372976806,178.32964958716184,right_blink
1761185204.1379473,-1568.4635527669452,-1146.6215372649021,389.0225234408863,200.48107702471316,right_blink
1761185204.152176,-1510.719497451093,-1077.8260775799863,436.79974537482485,267.15227353479713,right_blink
1761185204.152176,-1548.43264860427,-1137.8365122689866,447.4995991480537,192.56744871847332,right_blink
1761185204.1531546,-1594.0500783137977,-1167.10122942226,403.7932583158836,195.0713117388077,right_blink
1761185204.1665564,-1519.005245802924,-1078.5964969708584,409.926694243215,268.30977257108316,right_blink
1761185204.1665564,-1537.891740579158,-1126.2316027064808,413.4272406017408,209.87009586347267,right_blink
1761185204.1822417,-1563.472656276077,-1167.475219417829,398.710734276101,182.52020748751238,right_blink
1761185204.1822417,-1539.3690010616556,-1133.2925338228233,397.7794991871342,228.06096924794838,right_blink
1761185204.182927,-1504.1802823785692,-1094.8575819781981,441.8093413654715,222.903647209052,right_blink
1761185204.182927,-1593.0440452257171,-1186.7506637894548,397.46908749081194,129.30891091795638,right_blink
1761185204.196464,-1563.4090779768303,-1151.894796202425,379.8765980992466,227.97121164901182,right_blink
1761185204.196464,-1495.5897321803495,-1072.4406216437928,452.97668263316154,313.99639042979106,right_blink
1761185204.212172,-1562.5227216873318,-1176.836189006921,420.4694722183049,217.2676179758273,right_blink
1761185204.212172,-1577.8301322059706,-1191.706031230744,373.60478587355465,224.66514008818194,right_blink
1761185204.2128432,-1497.8411519536749,-1086.2071933806874,437.25788311939687,331.1326120267622,right_blink
1761185204.2128432,-1521.043491278775,-1137.926269867923,436.77917592506856,262.5129276397638,right_blink
1761185204.2265284,-1573.181436561048,-1196.9867699681781,413.3786219023168,234.25798347452655,right_blink
1761185204.2265284,-1546.3551341788843,-1144.3775972914882,422.77325059100986,296.3852015384473,right_blink
1761185204.2421443,-1535.2775505101308,-1137.7317950702272,433.00561686977744,281.32088451692834,right_blink
1761185204.2421443,-1552.4885701062158,-1160.1038766051643,407.2676253747195,266.4884412926622,right_blink
1761185204.2428994,-1560.3984585125,-1167.5761967166327,395.8983295094222,240.4250785014592,right_blink
1761185204.2428994,-1513.1298629725352,-1119.6605984843336,439.1652320967987,282.446594403591,right_blink
1761185204.256486,-1562.6199590861797,-1161.577397187706,431.8387680836022,239.62847981089726,right_blink
1761185204.256486,-1576.2107555251569,-1165.6613679393195,405.0012460015714,265.90501689957455,right_blink
1761185204.272224,-1534.2079391228035,-1116.4068855228834,412.1855938164517,277.49496686225757,right_blink
1761185204.272224,-1533.4225601321086,-1159.5017527122982,441.9103186642751,251.74201576737687,right_blink
1761185204.2729995,-1554.4856766825542,-1177.3485553008504,406.9796530781314,211.2314194473438,right_blink
1761185204.2729995,-1548.1128871580586,-1139.205315652769,395.3410844160244,290.65567480633035,right_blink
1761185204.2865446,-1531.8779814504087,-1134.0629532136954,437.2130043199286,262.5166675397195,right_blink
1761185204.2865446,-1571.13197138533,-1185.4977973042987,421.51664420589805,209.29789117025211,right_blink
1761185204.3022268,-1557.9563038414344,-1185.927885799203,396.68744840007275,223.93211969686672,right_blink
1761185204.3022268,-1502.5010672984645,-1136.0899789896794,454.708256312646,263.1786298318766,right_blink
1761185204.3029227,-1556.4827832588926,-1168.1446615098976,458.74734826479107,239.56490151165053,right_blink
1761185204.3029227,-1586.5740183023736,-1196.0143959796987,380.8377523878589,233.33422818547115,right_blink
1761185204.3165276,-1518.8930488042533,-1129.3918181690387,427.7547973319888,195.0002536396496,right_blink
1761185204.3165276,-1518.1151496134698,-1140.8321721334942,477.2224540458992,243.36463986663148,right_blink
1761185204.3321304,-1547.8211749615148,-1208.9955887258984,440.9042855761945,160.1705653523095,right_blink
1761185204.3321304,-1551.1384662222117,-1163.7278396622278,400.62182315345854,348.0332199265249,right_blink
1761185204.3330448,-1522.6441684598103,-1128.509201779496,429.36295431293547,331.0690337275155,right_blink
1761185204.3330448,-1538.617281170562,-1178.1414140914567,435.3280947422609,244.37067295471206,right_blink
1761185204.3465288,-1526.0025986200199,-1191.5938342320733,508.3234620774165,188.72470151400194,right_blink
1761185204.3465288,-1495.716888778843,-1150.095904323738,424.03359687607735,325.9827697877772,right_blink
1761185204.362219,-1496.7603208664805,-1176.0433302163146,464.09914510138333,232.70966489287093,right_blink
1761185204.362219,-1508.9149957224727,-1190.2960889474489,460.340545645915,146.4189532152377,right_blink
1761185204.3628898,-1485.7388356970623,-1164.460860053543,661.8800143580884,260.4073639647104,right_blink
1761185204.3628898,-1480.1551650632173,-1175.953572617378,553.1985216457397,300.8356824857183,right_blink
1761185204.3764892,-1511.8620368875563,-1235.1636687158607,541.556213083677,238.51024972414598,right_blink
1761185204.3764892,-1487.2048764796928,-1216.7147422344424,640.7383599085733,230.59662141790614,right_blink
1761185204.3921356,-1476.4938030065969,-1210.1811370118521,776.4331500008702,154.0184299251996,right_blink
1761185204.3921356,-1497.8074928540736,-1249.0125182517804,807.8557894285768,244.6212462517433,right_blink
1761185204.3928864,-1547.0245762709528,-1285.9552500140853,839.379406155087,210.84246985195205,right_blink
1761185204.3928864,-1502.3215521005914,-1254.1773200905882,914.469117465429,199.1478026905097,right_blink
1761185204.4065473,-1549.242336944677,-1293.3565120263956,921.5188288819045,209.39138866914436,right_blink
1761185204.4065473,-1583.6905554365367,-1337.6444073016755,933.9203371349722,188.2946130190976,right_blink
1761185204.4221585,-1545.1920252926648,-1286.5274547073059,1025.039259655401,159.62453995877877,right_blink
1761185204.4221585,-1546.4299321779981,-1299.2169352569617,1148.3101020948961,157.11506708851084,right_blink
1761185204.4228585,-1600.70336033497,-1363.7601286922581,1119.1912410398945,86.281361927744,right_blink
1761185204.4228585,-1556.4603438591585,-1317.9613138348795,1161.1117796432227,184.5173140638508,right_blink
1761185204.436504,-1591.0731179490685,-1332.8199363588355,1187.567831929773,176.08009976381436,right_blink
1761185204.436504,-1619.1298474166542,-1366.2434222628362,1148.7850693892688,226.3106960686855,right_blink
1761185204.452208,-1647.2875541830435,-1388.8211982953362,1132.5651232814416,181.8844244950451,right_blink
1761185204.452208,-1583.6568963369355,-1327.569116821047,1249.077966501005,126.08885705610737,right_blink
1761185204.4529672,-1610.8123099151999,-1388.8997361944057,1284.9436070760712,160.19674465199932,right_blink
1761185204.4529672,-1661.7946261111647,-1428.8867465206422,1221.544823027216,131.0105653977953,right_blink
1761185204.4664676,-1600.643521935679,-1346.8483010926284,1272.2429068265483,216.54955718433484,right_blink
1761185204.4664676,-1618.4641452245414,-1351.784969034139,1258.7717871861532,186.8435318362899,right_blink
1761185204.4821177,-1671.054618401453,-1421.0666157132946,1242.2115101823583,40.01879947585985,right_blink
1761185204.4821177,-1631.374279871583,-1373.349232178647,1207.5089784935117,261.4395763524808,right_blink
1761185204.4829433,-1598.5042991610244,-1343.4001133334823,1265.9112562015653,219.74343174649402,right_blink
1761185204.4829433,-1653.2003360129893,-1421.7809366048314,1182.791979686357,88.73099639872089,right_blink
1761185204.4964678,-1644.3105938183144,-1386.5473391222768,1178.2629608400166,166.96222367184237,right_blink
1761185204.4964678,-1612.9627523897216,-1325.8487628414296,1184.4749346664175,242.6203997754492,right_blink
1761185204.5121148,-1644.9089778112248,-1389.5018600872718,1176.7071624584496,178.8775449306704,right_blink
1761185204.5121148,-1655.0104475915432,-1392.116050156299,1144.2149116434157,172.9498035009019,right_blink
1761185204.5128791,-1598.6015365598723,-1327.7710714186542,1227.3341881586239,187.82338562468067,right_blink
1761185204.5128791,-1617.3309555379674,-1353.7783357105218,1192.5531185707077,146.63586741266772,right_blink
1761185204.5264595,-1676.4625137373805,-1388.342491101008,1018.2962200352922,250.04410118749365,right_blink
1761185204.5264595,-1618.5277235237882,-1320.706400402356,1065.1983053795993,204.5556980264373,right_blink
1761185204.542248,-1619.6085546109825,-1321.948047187645,1099.29871317558,247.4747899179347,right_blink
1761185204.542248,-1674.9029754558578,-1400.1942340605892,1054.7714643031359,150.56276236614212,right_blink
1761185204.5429606,-1645.2941875066608,-1346.4930105968378,1086.8074473235756,238.0165829299949,right_blink
1761185204.5429606,-1605.7148262755945,-1302.904476613272,1082.4766431748867,196.80662531824782,right_blink
1761185204.5565288,-1642.8108939360827,-1339.9930644738488,1063.743484296836,244.4342512539588,right_blink
1761185204.5565288,-1698.9692316707224,-1377.6762964273803,1019.6575436191633,207.71965338895097,right_blink
1761185204.5720968,-1608.9760190369561,-1287.3128336980008,995.684784903191,268.19757557241246,right_blink
1761185204.5720968,-1607.0761498594657,-1293.8090399210341,1029.6580361006781,237.96422433061525,right_blink
1761185204.5729234,-1659.7264614356682,-1371.2474084035493,993.478243929334,129.01345882145688,right_blink
1761185204.5729234,-1606.1262152707204,-1276.261429328937,973.529617565684,298.29629041580483,right_blink
1761185204.5865037,-1643.2447223309427,-1301.012087235693,989.2484170794487,287.7385528408922,right_blink
1761185204.5865037,-1684.1667076461017,-1353.9952499079518,925.4158046357334,190.45253529353067,right_blink
1761185204.6021917,-1645.5672002034262,-1324.756712054368,941.6133113438264,244.18741785688326,right_blink
1761185204.6021917,-1594.5213057082146,-1259.6487937257625,982.9466856541112,225.03539018379524,right_blink
1761185204.6028676,-1637.8704860946164,-1310.5301326229237,949.396043151617,222.3090031160973,right_blink
1761185204.6028676,-1679.1066230060533,-1360.1399055351503,890.0924495542422,190.0336664984934,right_blink
1761185204.616541,-1627.8699936131015,-1283.367239244748,940.266947359778,228.91366643784568,right_blink
1761185204.616541,-1604.985545784235,-1285.3718256209977,958.6074167424813,223.6067484007217,right_blink
1761185204.6322317,-1652.553333320655,-1340.0828220727853,810.3615223988891,240.36524010216817,right_blink
1761185204.6322317,-1632.7505630552769,-1299.8788975491188,818.3499487042427,247.48974951775745,right_blink
1761185204.63291,-1614.3502552732825,-1281.3813523682766,868.8460779059678,238.10260062897578,right_blink
1761185204.63291,-1626.5535488286987,-1291.8642919440754,864.3619378590956,246.05362793477252,right_blink
1761185204.6464837,-1625.9850840354338,-1311.6708021094091,838.8483403613791,197.78647910663858,right_blink
1761185204.6464837,-1598.5865769600496,-1245.1791207971983,884.0151121262461,300.0091645955108,right_blink
1761185204.6622531,-1632.4700705586001,-1292.1634839405306,781.9382827356458,250.07776028709486,right_blink
1761185204.6622531,-1637.260882401839,-1273.2246305649169,726.3558895941824,237.5416156356223,right_blink
1761185204.6629028,-1591.2788124466315,-1240.4855463528074,739.711072335951,267.98440127493814,right_blink
1761185204.6629028,-1574.8643915411085,-1222.193695669528,764.6599449403584,290.008672113996,right_blink
1761185204.6764972,-1664.0871847840026,-1301.6516101281159,674.7003914061934,209.48114626808092,right_blink
1761185204.6764972,-1591.4695473443717,-1216.9466160316952,680.4635772379115,284.7541126762517,right_blink
1761185204.6921575,-1578.9932410921901,-1202.862152798567,675.5568284960464,275.35574408760294,right_blink
1761185204.6921575,-1615.5694626588374,-1222.2273547691293,628.8940967489034,294.6424081590958,right_blink
1761185204.6928294,-1643.8468462238088,-1243.8813755125739,487.862469419837,239.45644441293553,right_blink
1761185204.6928294,-1546.6917251748964,-1139.2389747523703,513.3124886183068,338.1000456442125,right_blink
1761185204.7064767,-1606.6722406642511,-1198.4415910509415,504.80795611906797,279.2190607418306,right_blink
1761185204.7064767,-1623.9954572590068,-1215.8246460449882,455.4824156034738,279.94460133323446,right_blink
1761185204.7222135,-1565.570740151219,-1130.401591157075,463.4783217087388,338.67599023738876,right_blink
1761185204.7222135,-1601.2381660286337,-1182.9397057346068,428.70473192073405,292.263831787277,right_blink
1761185204.7229147,-1602.9884392078966,-1174.5511101339944,409.8294568443671,279.4883335386403,right_blink
1761185204.7229147,-1544.6273003993556,-1129.1524645718746,392.39404325094074,309.41127308411524,right_blink
1761185204.7364917,-1567.9081776235253,-1139.5755657483824,353.8281949078664,348.3772907224484,right_blink
1761185204.7364917,-1553.7339567914605,-1132.4248770331033,332.305070662871,328.4623234583996,right_blink
1761185204.752186,-1574.1313711497933,-1133.0382206258364,278.15879910439253,329.9508036407642,right_blink
1761185204.752186,-1533.9461461259052,-1103.7024453734048,308.57914534397423,334.67055738484487,right_blink
1761185204.7531676,-1531.7957036513835,-1104.181152567733,333.03435115423054,295.2258325521834,right_blink
1761185204.7531676,-1597.9844530671835,-1168.1334418100305,240.83459754660726,286.36226965719834,right_blink
1761185204.766415,-1517.4419676214457,-1064.863584333565,283.5405151406303,411.0280947801657,right_blink
1761185204.766415,-1549.2797359442338,-1125.4499636157416,256.4150207620114,303.3040164564736,right_blink
1761185204.7821817,-1543.2173581160605,-1100.852641607169,242.76812582369894,339.30803332990035,right_blink
1761185204.7821817,-1555.7161037679762,-1108.6652926146053,199.32544793840498,307.2832700093277,right_blink
1761185204.7829762,-1479.698897268623,-1038.8451003418304,269.32515540905297,383.13966081058607,right_blink
1761185204.7829762,-1580.489201074466,-1151.8237381032668,207.16053834557533,280.0455786320381,right_blink
1761185204.7964303,-1543.2996359150857,-1098.272110637743,173.83428984042257,334.86503218254074,right_blink
1761185204.7964303,-1505.474287763238,-1050.8763584992848,199.82285463251173,353.6393299601041,right_blink
1761185204.8121932,-1534.0284239249304,-1099.6558736213483,187.96363187301904,291.98333929060027,right_blink
1761185204.8121932,-1542.8284085206687,-1088.3912949548103,168.860222899355,322.6879179268144,right_blink
1761185204.812939,-1507.1834220429882,-1052.4957351800986,157.18051533773541,340.0335739213042,right_blink
1761185204.812939,-1529.3797282800078,-1081.1770279402845,151.91847610007972,311.0643088645302,right_blink
1761185204.8264592,-1537.5401899833232,-1084.6850540987216,124.66208522301167,288.9615001264028,right_blink
1761185204.8264592,-1522.2926178639755,-1056.9611757271923,121.20267776399851,332.63231190899387,right_blink
1761185204.8422472,-1507.4377352399752,-1051.815073388163,148.6610232386738,305.4955978305079,right_blink
1761185204.8422472,-1530.7859306633472,-1089.0308178472333,109.28361660521477,261.8547052475624,right_blink
1761185204.8428848,-1504.4084162758663,-1059.7436612942256,103.23993827681988,335.1043857797049,right_blink
1761185204.8428848,-1472.3649534555152,-1012.0300176595338,147.7036088500172,354.7837393465452,right_blink
1761185204.856418,-1526.65334121231,-1087.8677089610137,132.09326643496752,254.22904923791066,right_blink
1761185204.856418,-1547.0806747702882,-1091.8170433142222,91.86690251156688,276.5637317732908,right_blink
1761185204.872202,-1466.6204671235755,-1010.0964893824421,159.20754111371934,368.2997377864085,right_blink
1761185204.872202,-1503.8062923830003,-1060.727254982572,152.42336259409785,275.31460518809035,right_blink
1761185204.872929,-1560.144145315513,-1126.2203830066137,71.11419765744358,215.85393579257652,right_blink
1761185204.872929,-1498.57417234499,-1062.1072780662216,82.24413992557675,289.0512577253394,right_blink
1761185204.886448,-1480.6376121575013,-1022.520437035244,141.35699862521142,323.79118841374293,right_blink
1761185204.886448,-1515.2952650468796,-1067.2571203052066,118.38279319740832,268.16765637276694,right_blink
1761185204.9022574,-1521.7465924704447,-1066.7036151117645,107.2752903290093,260.01093456940725,right_blink
1761185204.9022574,-1477.0136491004378,-1025.8639075956307,143.1783299036324,304.3960672435351,right_blink
1761185204.9029744,-1490.2379353437573,-1060.3607447869144,141.4766754237935,267.9320426755585,right_blink
1761185204.9029744,-1504.5019137747586,-1070.9110025619157,107.00601753219962,252.93878375319764,right_blink
1761185204.9165206,-1480.9031450543553,-1026.342614789959,125.49234301317483,271.2979526356794,right_blink
1761185204.9165206,-1507.4676544396207,-1035.7335035786964,169.1145360963419,266.2565674954094,right_blink
1761185204.9321516,-1535.9095936026424,-1084.898228396196,118.98865699023008,210.0458711613901,right_blink
1761185204.9321516,-1471.8712866613641,-1008.6603677994572,165.92066153418273,315.7691030087881,right_blink
1761185204.9329293,-1468.0640685064718,-1040.236343125347,149.61843762733042,265.8937971997075,right_blink
1761185204.9329293,-1498.8696244414896,-1072.7697328398935,124.29183512739837,223.3449554038234,right_blink
1761185204.9464216,-1507.7070080367848,-1050.9287170986645,101.61308179609478,246.90258522471413,right_blink
1761185204.9464216,-1465.8650073325261,-1006.5435844245367,161.84043068252504,278.13448975468054,right_blink
1761185204.9622257,-1469.376773390919,-1018.4963046829216,173.69217364210635,265.8788375998847,right_blink
1761185204.9622257,-1529.2787509812042,-1083.2003138163127,129.6585915638134,219.91172724450007,right_blink
1761185204.9629483,-1460.9058999912813,-1014.4235536311753,171.77734486479312,275.740953783039,right_blink
1761185204.9629483,-1475.0352420238778,-1041.3807525117882,190.6787992408499,244.2809153557755,right_blink
1761185204.9765277,-1507.8528641350567,-1086.0089786830358,137.37774507235736,202.36785655235872,right_blink
1761185204.9765277,-1466.5980277238414,-1027.7226378736086,150.0747054219246,262.4082104410045,right_blink
1761185204.992205,-1456.605015042238,-1031.3989595300518,185.62245450075716,276.9564212686382,right_blink
1761185204.992205,-1523.7549187466502,-1087.261845168192,157.88361652940512,190.5871716919355,right_blink
1761185204.99293,-1497.5157806575298,-1059.2238152003847,150.9199228119105,238.00536323012784,right_blink
1761185204.99293,-1438.2196668600664,-1003.5928033594973,201.7676026094705,285.558191166725,right_blink
1761185205.0066762,-1489.6919099502265,-1065.2600137288682,179.11128867790103,197.92111550504342,right_blink
1761185205.0066762,-1506.2372273541987,-1087.901368060615,144.90242378320545,186.94076923513785,right_blink
1761185205.022112,-1451.1372813070193,-1020.9347194540314,196.1278334762901,283.9388144859113,right_blink
1761185205.022112,-1454.9744186615571,-1030.0675551458262,216.16247753892094,257.8417925951071,right_blink
1761185205.0228477,-1520.2581122880802,-1106.8514411360957,172.671180954203,188.90795661183074,right_blink
1761185205.0228477,-1475.7121639158577,-1059.317312699277,167.6746746134013,253.98221584083512,right_blink
1761185205.036574,-1443.57894349657,-1018.0512565881945,211.85411278996617,265.1719965082593,right_blink
1761185205.036574,-1516.9819599268958,-1086.2819913798012,172.6412617545575,190.3702574945055,right_blink
1761185205.0523431,-1497.3661846593022,-1065.454488526564,160.37812979985029,220.6784067354165,right_blink
1761185205.0523431,-1466.9084394201636,-1028.4556582649238,202.4707038011402,248.48830280592665,right_blink
1761185205.053007,-1490.6081854393706,-1084.438220701646,203.68243138678372,197.98095390433446,right_blink
1761185205.053007,-1528.8524023862556,-1105.4265392529778,167.0800305204466,186.83979193633422,right_blink
1761185205.066484,-1475.7907018149272,-1040.296181524638,195.52196968346834,252.86024585412815,right_blink
1761185205.066484,-1466.5456691244617,-1034.0655081984587,233.11918393801898,242.91959177190438,right_blink
1761185205.082262,-1523.0518175549805,-1109.4319721055217,169.25665229465812,179.79756031977013,right_blink
1761185205.082262,-1473.1727718459442,-1058.2477013119496,190.92189273796976,237.52665603579953,right_blink
1761185205.0829835,-1450.030270920135,-1025.6095943986438,249.42140784487128,248.15545170987025,right_blink
1761185205.0829835,-1513.3953958693892,-1107.9434919231571,214.37106546014547,173.94087698915973,right_blink
1761185205.0964787,-1501.9737414047122,-1086.6634611752816,175.39382812194526,216.10824898956344,right_blink
1761185205.0964787,-1437.3146110707894,-998.4392212205566,244.92230819817632,292.4844858846627,right_blink
1761185205.1121056,-1480.5141954589635,-1072.3733034445904,236.1522428020835,207.0838703964837,right_blink
1761185205.1121056,-1527.894987997599,-1100.9236997063272,185.8618080979213,195.52757953340188,right_blink
1761185205.112968,-1449.7497784234583,-1024.5025840117596,240.4119888516143,279.10312384320423,right_blink
1761185205.112968,-1476.8977122018114,-1056.7405216298066,249.02123854961246,220.98881843173876,right_blink
1761185205.126534,-1514.6669618543237,-1097.295996749308,206.5060558533296,199.72374728368595,right_blink
1761185205.126534,-1482.533741435036,-1057.7203754181974,211.42776419501752,241.70786418626085,right_blink
1761185205.1421263,-1461.814695680514,-1038.631926044356,255.8278564689681,238.4990300242789,right_blink
1761185205.1421263,-1513.3766963696107,-1097.344615448732,230.08238517399877,188.87803741218522,right_blink
1761185205.142898,-1511.0280391974375,-1089.457166442182,213.76146176736802,206.71736020082608,right_blink
1761185205.142898,-1447.0458307554945,-1027.9694712706842,258.58790263626724,246.49867602949962,right_blink
1761185205.157128,-1501.4426756110042,-1097.6400675452314,238.87488996982574,175.87440526625142,right_blink
1761185205.157128,-1511.589024190791,-1090.8259698259644,221.9967214697972,206.9305344983004,right_blink
1761185205.1578927,-1477.7204901920632,-1043.9089248818345,245.5076025412418,245.2794686439447,right_blink
1761185205.1714575,-1468.6512327995151,-1055.289440446999,277.7492800592445,216.39996118610725,right_blink
1761185205.1714575,-1525.0825832309201,-1108.1342268208973,232.51519009517506,190.83774498896673,right_blink
1761185205.1871097,-1466.010863430798,-1041.4742500106804,246.89510542480275,257.5575601984747,right_blink
1761185205.1871097,-1469.122460193932,-1046.4146578521468,259.04604038083926,224.65392038831487,right_blink
1761185205.1879404,-1512.5501784794033,-1083.2264931160025,254.09441283950582,195.31066533597186,right_blink
1761185205.1879404,-1512.8157113762572,-1091.3832149193622,232.85552099114284,205.29245831770822,right_blink
1761185205.2016928,-1465.0796283418313,-1044.1370587791316,264.94760251091793,228.51349714258686,right_blink
1761185205.2016928,-1479.5156421707943,-1049.2906409180723,299.0891492064111,235.40239286096767,right_blink
1761185205.217132,-1528.3811749918386,-1114.2975819478743,233.7568368804641,171.3977450192906,right_blink
1761185205.217132,-1488.3904247656465,-1072.6425762414,252.73682915559039,215.83149639284238,right_blink
1761185205.2179492,-1468.7559499982744,-1043.8528263824992,291.7477255933918,242.45210427744314,right_blink
1761185205.2179492,-1516.316257734783,-1084.8533495967276,244.841900349129,194.4804075458087,right_blink
1761185205.2314951,-1500.541359721683,-1057.8138729170896,250.15255828620866,222.82136941002682,right_blink
1761185205.2314951,-1464.3765271501616,-1040.2288633254357,302.87766786152497,238.34569412609562,right_blink
1761185205.2471335,-1485.368585601449,-1074.3965893206187,290.72299300553277,206.06287770858034,right_blink
1761185205.2471335,-1518.5975967077538,-1092.8791749016382,243.7610692619346,201.1860481663607,right_blink
1761185205.247868,-1481.303314349614,-1040.3971588234417,266.45478219306096,209.47740636812523,right_blink
1761185205.247868,-1516.1554420366883,-1112.2181975725107,269.4467021576129,163.04654841823503,right_blink
1761185205.2615323,-1508.2866925299168,-1074.572364618536,275.475420886185,245.48142324155197,right_blink
1761185205.2615323,-1474.7697091270238,-1051.4971818919294,281.9230084097944,264.16222352022305,right_blink
1761185205.2771854,-1486.1577044920996,-1062.9973742556758,302.081069170963,233.21829128684476,right_blink
1761185205.2771854,-1532.4501861436293,-1109.2374973078258,259.60702537419274,198.21282770158723,right_blink
1761185205.2779593,-1497.2951265601441,-1060.1176512897946,265.6170446029864,235.22287766309455,right_blink
1761185205.2779593,-1475.9477776130661,-1045.8162738592364,302.51115766586736,238.6897649220191,right_blink
1761185205.2914727,-1524.9479468325153,-1097.1576204509474,286.39592875679955,197.5620851092972,right_blink
1761185205.2914727,-1535.359828309156,-1110.0827146978118,251.76071526715532,186.34986504213884,right_blink
1761185205.307158,-1459.3575814096257,-1035.3146347836591,320.58983405167237,245.78809503791854,right_blink
1761185205.307158,-1504.5991511736065,-1079.830663956236,320.67211185069755,214.4589531091042,right_blink
1761185205.3078375,-1553.861113389954,-1132.114465336781,264.9550823108293,174.75243527954444,right_blink
1761185205.3078375,-1470.401505978778,-1031.8253081250004,296.6806536349468,269.8580911527388,right_blink
1761185205.321483,-1484.6168657103553,-1082.4822530248202,299.77729079825804,209.80651756422594,right_blink
1761185205.321483,-1521.3613827750087,-1107.8911333237775,282.8168444992043,166.31148107955232,right_blink
1761185205.3371758,-1507.78928583581,-1084.692533898633,288.9278410268016,201.6684952606447,right_blink
1761185205.3371758,-1465.614434035495,-1043.1946039902978,350.3407381991856,268.444408969488,right_blink
1761185205.3378642,-1553.3749263957143,-1129.545154067222,284.219306982588,158.0575218773447,right_blink
1761185205.3378642,-1527.7940106987953,-1095.2128724739887,281.42560171568766,207.30826439382508,right_blink
1761185205.3515353,-1468.0678084064275,-1040.2438229252584,316.14309300435707,260.78509386023507,right_blink
1761185205.3515353,-1517.8458768166602,-1111.4627377814613,314.6546128219925,185.80009974865243,right_blink
1761185205.3672395,-1556.7258767560124,-1128.7560351765715,271.2156748366542,171.4725430184044,right_blink
1761185205.3672395,-1482.316827237606,-1057.6717567187734,322.89361242437735,243.14772566920146,right_blink
1761185205.3679094,-1482.8778122309595,-1072.8931495384313,350.98026109160855,216.97964567923918,right_blink
1761185205.3679094,-1546.0148032829165,-1147.4891940546222,285.46843356778845,145.824309122283,right_blink
1761185205.3814635,-1499.1501169381663,-1073.1212834357284,299.6763134994544,214.36171571025625,right_blink
1761185205.3814635,-1472.368693355471,-1061.0227070790716,332.67719070846215,216.74029208207503,right_blink
1761185205.3971791,-1517.714980318211,-1108.957004811149,313.43914533639327,176.78694085543975,right_blink
1761185205.3971791,-1529.3722484800965,-1112.648286067415,285.28517846995965,182.56508628698066,right_blink
1761185205.3978496,-1478.3450534846634,-1052.5106947799213,349.0429929145612,239.5798611114733,right_blink
1761185205.3978496,-1513.8591434638947,-1120.5207754741423,322.51962242880836,174.04185428796336,right_blink
1761185205.4115472,-1515.6954343421385,-1118.9986361921765,276.6684489720501,191.46604818152264,right_blink
1761185205.4115472,-1501.5623524095863,-1069.3888632799499,308.92508608987555,241.33761409064755,right_blink
1761185205.4271207,-1500.4067233232781,-1095.2315719737671,328.96347005246207,187.79720632499084,right_blink
1761185205.4271207,-1550.0576351350173,-1136.082499189768,295.0463173543103,146.67326641222462,right_blink
1761185205.4279008,-1506.2671465538442,-1084.2474858039059,312.0628621526994,235.832481355872,right_blink
1761185205.4279008,-1498.4844147460535,-1094.173180286307,354.17413565376773,186.5480797397904,right_blink
1761185205.4414334,-1546.564568576403,-1148.2072548461147,320.6795916506089,129.60436301445588,right_blink
1761185205.4414334,-1529.2226524818689,-1102.6103945863433,306.3408152204938,199.8957826816477,right_blink
1761185205.4572308,-1512.7633527768776,-1090.2575050326996,341.16676360787824,207.72713318886235,right_blink
1761185205.4572308,-1531.5750495539978,-1110.067755097989,327.01124227559194,182.87175808334723,right_blink
1761185205.457914,-1562.328246889636,-1149.011333336588,275.2248475891538,154.77762961620465,right_blink
1761185205.457914,-1504.3223985768855,-1082.1194827291183,324.59900680417195,227.17087305849418,right_blink
1761185205.4714563,-1506.6934951487929,-1095.46344577102,369.1898339758627,194.4056095466949,right_blink
1761185205.4714563,-1543.8045224091038,-1140.4806215376593,324.9804765996523,162.33596742665395,right_blink
1761185205.487148,-1506.5214597508311,-1084.0754504059441,320.0550283580087,222.8999073090963,right_blink
1761185205.487148,-1508.7691396242008,-1090.796050626319,346.331565446686,196.97866071620956,right_blink
1761185205.4879165,-1538.400366973132,-1125.2667085179128,331.45050352299586,170.72082312731072,right_blink
1761185205.4879165,-1533.1682469351217,-1123.5687939380296,309.96851817751303,190.12342409742996,right_blink
1761185205.5015156,-1496.9809749638662,-1073.5812911302783,364.3840625328012,227.6495802528225,right_blink
1761185205.5015156,-1518.5975967077538,-1098.851795130875,363.9390144380741,201.1523890667595,right_blink
1761185205.5172153,-1547.7388971624896,-1138.1618835651316,329.49453584617004,182.50524788768962,right_blink
1761185205.5172153,-1497.104391662404,-1085.874342284631,338.3244396415539,215.76791809359565,right_blink
1761185205.5179913,-1496.9660153640434,-1096.9033072539605,372.5707035358064,195.82303162990138,right_blink
1761185205.5179913,-1542.7498706215993,-1130.6521644541062,306.70732541615143,158.06874157721177,right_blink
1761185205.531438,-1523.0069387555122,-1092.8118567024358,324.1801380091347,200.31839137664065,right_blink
1761185205.531438,-1489.6919099502265,-1073.5214527309872,370.0799301653169,210.25530555890873,right_blink
1761185205.547358,-1532.0687163481489,-1126.7626685001887,347.9322426277213,168.53298165323213,right_blink
1761185205.547358,-1526.5112250139937,-1113.5720413564704,324.60274670412764,193.54543255688623,right_blink
1761185205.5479205,-1481.4042916484177,-1067.058905607555,380.43945304257795,232.3169753975235,right_blink
1761185205.5479205,-1504.5430526742712,-1100.841421907302,363.72584014059976,201.1897880663164,right_blink
1761185205.5614321,-1554.343560484238,-1146.8945499616675,326.67839117953554,169.692350639496,right_blink
1761185205.5614321,-1497.560659456998,-1077.8260775799863,360.65164237702265,230.7536972160451,right_blink
1761185205.5774603,-1502.1644763024524,-1083.9782130070962,397.4298185412772,217.28631747560576,right_blink
1761185205.5774603,-1559.4597436236218,-1141.6960890232585,340.6282180142589,155.23015751084313,right_blink
1761185205.577911,-1523.1340953540057,-1113.732857054565,330.833420030307,195.43782193446532,right_blink
1761185205.577911,-1496.9660153640434,-1089.517004841473,382.18224642192945,227.28307005716488,right_blink
1761185205.5914843,-1544.8816135963425,-1146.1802290701307,338.68720993725583,173.82867999048904,right_blink
1761185205.5914843,-1553.5394819937646,-1129.257181770634,327.2131968731992,193.4407153581269,right_blink
1761185205.6073067,-1496.7827602662146,-1077.9457543785684,375.88799479650334,218.89447445655242,right_blink
1761185205.6073067,-1539.1034681648016,-1126.6916104010306,382.2084257216193,182.19483619136736,right_blink
1761185205.6078982,-1554.0481083877385,-1146.5467392657883,310.65665976936,157.62743338244036,right_blink
1761185205.6078982,-1511.334710993804,-1099.2781437258236,357.62232341291383,203.3701497404836,right_blink
1761185205.62151,-1512.3183046821505,-1105.894026747439,381.6549205281772,187.53167342813686,right_blink
1761185205.62151,-1583.5933180376887,-1167.2022067210637,335.3250398770906,140.4164137863554,right_blink
1761185205.637168,-1520.71811998263,-1088.757805150468,341.1854631076567,220.95515933213755,right_blink
1761185205.637168,-1514.9137952513993,-1094.2853772849776,386.47939147101715,202.6670485488139,right_blink
1761185205.6379871,-1562.0402745930478,-1152.642776193563,352.4425619742833,152.52246994292364,right_blink
1761185205.6379871,-1548.9842838477343,-1142.0364199192263,322.3251476311125,181.76100779650733,right_blink
1761185205.651436,-1489.374018453993,-1082.3924954258837,390.5072637232952,234.06724857678637,right_blink
1761185205.651436,-1537.7010056814179,-1137.193249476608,373.8347897208296,174.49812208255753,right_blink
1761185205.6672175,-1544.8068155972287,-1132.1294249366038,354.94829494459555,187.61769112711772,right_blink
1761185205.6672175,-1501.977481304668,-1086.7457389743067,365.1844011233188,223.976998496335,right_blink
1761185205.6678967,-1502.9087163936347,-1094.9735188768245,397.3886796417646,210.61433595465496,right_blink
1761185205.6678967,-1566.909624335356,-1141.6811294234358,359.0846242955886,166.5096957772039,right_blink
1761185205.6814756,-1509.7751727122813,-1094.292857084889,354.5294261495583,220.491411737632,right_blink
1761185205.6814756,-1485.6041992986575,-1063.88747044513,404.3897723588161,238.70846442179754,right_blink
1761185205.6971743,-1543.572648611851,-1126.964623097796,373.07185012986884,181.82832599570975,right_blink
1761185205.6971743,-1529.7948571750894,-1123.1387054431252,357.05385861964896,191.09953798586503,right_blink
1761185205.6979656,-1504.1279237791896,-1084.415781301912,391.03832951700315,235.47345096012577,right_blink
1761185205.6979656,-1528.2988971928135,-1113.3775665587746,385.43969928333536,199.7050477839075,right_blink
1761185205.711544,-1555.8357805665582,-1138.3787977625616,334.476082587149,186.0282336459495,right_blink
1761185205.711544,-1496.6406440678984,-1086.3231302793138,383.06486281147227,237.3957595373504,right_blink
1761185205.7272263,-1505.4892473630607,-1092.9614527006634,416.31631331751123,217.55933017237112,right_blink
1761185205.7272263,-1516.413495133631,-1119.8812525817193,380.6376677402295,207.69347408926114,right_blink
1761185205.727945,-1507.78928583581,-1087.5236381650902,368.58397018304095,229.93091922579333,right_blink
1761185205.727945,-1481.6399053456262,-1074.9575743139721,411.42078427551314,221.0486568310298,right_blink
1761185205.7414837,-1533.901267326437,-1140.9256696323864,391.1280871159397,173.3200535965152,right_blink
1761185205.7414837,-1530.920567061752,-1110.12759349728,369.64984167041257,207.4129815925844,right_blink
1761185205.757213,-1498.60035164468,-1067.567532001529,392.4594915001653,241.96591728320345,right_blink
1761185205.757213,-1523.6090626483783,-1116.7995750182308,394.2097646794282,195.80433213012293,right_blink
1761185205.7579093,-1540.038443153724,-1131.209409547504,358.886409597937,194.3345514475368,right_blink
1761185205.7579093,-1486.0978660928085,-1065.080498530995,399.3670867183246,260.6616771616973,right_blink
1761185205.7714658,-1504.4345955755562,-1097.344615448732,405.63141914410517,211.36979574570432,right_blink
1761185205.7714658,-1541.2277313396335,-1129.9154041628353,377.32785627944395,192.22898777248338,right_blink
1761185205.7871566,-1488.8392127603292,-1084.7112333984114,378.54332376504317,241.67046518670395,right_blink
1761185205.7871566,-1482.533741435036,-1081.689394234214,432.4165826267563,236.40094614913687,right_blink
1761185205.7879455,-1550.6186201283708,-1125.6294788136147,381.2023926335387,185.20171575574204,right_blink
1761185205.7879455,-1522.0420445669442,-1105.2657235548832,355.1913884417154,217.24517857609317,right_blink
1761185205.801623,-1480.8395667551085,-1067.2945193047635,408.5560209094547,236.77493614470586,right_blink
1761185205.801623,-1526.2494320170954,-1122.334626952652,397.51957614021376,191.46230828156695,right_blink
1761185205.8172164,-1556.755795955658,-1149.15718943486,364.0811306363903,192.89842986455187,right_blink
1761185205.8172164,-1492.496834916994,-1077.25013298681,404.9470174522139,254.4684028350748,right_blink
1761185205.817924,-1514.1770349601284,-1096.1291479631327,428.38871037447825,223.7152054994367,right_blink
1761185205.817924,-1557.4027986479923,-1146.816012062598,355.6364365364425,176.66352415690199,right_blink
1761185205.8314915,-1524.323383539915,-1095.1343345749192,363.87917603878304,246.49119622958824,right_blink
1761185205.8314915,-1480.6862308569252,-1074.3853696207516,421.20810245955363,233.0200765891932,right_blink
1761185205.847322,-1540.5171503480524,-1140.3198058395647,389.85652113100514,178.04728714050725,right_blink
1761185205.847322,-1522.0308248670772,-1110.284669295419,378.87617486109957,220.18473994126543,right_blink
1761185205.8478684,-1488.697096562013,-1073.222260734532,427.68560918280855,260.4746821639128,right_blink
1761185205.8478684,-1519.547531296499,-1109.1963584083132,396.4275253531523,206.93801429821178,right_blink
1761185205.8615284,-1548.625253451988,-1144.897443385329,340.373904817272,180.9232702064328,right_blink
1761185205.8615284,-1513.9863000623882,-1078.734873269219,382.10370852285996,236.41216584900394,right_blink
1761185205.877221,-1487.4367502769455,-1073.173642035108,433.0000070198439,273.8897033049725,right_blink
1761185205.877221,-1550.207231133245,-1169.8089169901796,368.7485257810913,163.23728331597522,right_blink
1761185205.8779235,-1516.4920330327004,-1103.8595211715437,389.74432413233444,226.84924166230485,right_blink
1761185205.8779235,-1500.8442916180938,-1087.7891710619442,423.13415093673393,228.77903003944084,right_blink
1761185205.8914638,-1528.5419906899333,-1142.5151271135546,374.5378909124993,191.65304317930713,right_blink
1761185205.8914638,-1517.3222908228636,-1115.7935419301502,349.1551899132319,232.1337202996947,right_blink
1761185205.9071574,-1474.249863033183,-1061.3256389754824,418.68740988941863,261.68640974955633,right_blink
1761185205.9071574,-1525.228439329192,-1117.4764969102107,400.15620560897514,205.13912241952494,right_blink
1761185205.9079463,-1554.2388432854787,-1145.780059774872,361.889549262356,189.96634829929098,right_blink
1761185205.9079463,-1488.2557883672416,-1081.3228840385564,398.6565057267435,251.37924547167495,right_blink
1761185205.9215417,-1498.6938491435722,-1089.674080639612,430.1950820530765,232.33567489730194,right_blink
1761185205.9215417,-1555.536588570103,-1160.795758096967,362.5627312543802,177.11605205154046,right_blink
1761185205.9371948,-1509.1319099199027,-1092.6248617046513,375.7533583980985,246.2855017320253,right_blink
1761185205.9371948,-1493.7646610019729,-1088.2229994568042,412.04534756811336,220.68588653532788,right_blink
1761185205.9379113,-1557.0250687524676,-1162.856442972552,374.5341510125436,159.22437066351995,right_blink
1761185205.9379113,-1541.9981507305056,-1122.1850309544243,357.8579371101223,201.4515810632147,right_blink
1761185205.95153,-1482.4477237360552,-1068.0424992959015,413.4665095512755,261.27502075443044,right_blink
1761185205.95153,-1512.5576582793146,-1104.1736727678217,402.0261555868201,206.19751410698518,right_blink
1761185205.967121,-1532.1360345473513,-1118.5012294980697,373.4570598253049,193.6314502558671,right_blink
1761185205.967121,-1481.9951958414167,-1072.0105331488885,403.3986988705583,268.82961866492406,right_blink
1761185205.967943,-1505.062898768112,-1106.305415742565,409.90238489350304,217.6079488717951,right_blink
1761185205.967943,-1555.1812980743125,-1149.4638612312265,365.7117270170711,189.86163110053167,right_blink
1761185205.9815075,-1505.8781969584525,-1091.1850002217107,384.96473198896274,264.2557210191153,right_blink
1761185205.9815075,-1493.1662770090625,-1095.7252387679182,416.20411631884053,238.37561332574114,right_blink
1761185205.9971564,-1551.0487086232752,-1156.0273856534623,387.6836392567493,163.99274310702458,right_blink
1761185205.9971564,-1543.0565424179658,-1121.6165661611594,368.9317808789201,214.90400120383129,right_blink
1761185205.9979491,-1502.8152188947424,-1080.290671650786,408.78415480675176,238.8019619206898,right_blink
1761185205.9979491,-1528.4671926908195,-1134.298566910904,400.9079255000688,193.61275075608864,right_blink
1761185206.0114105,-1552.5970272049308,-1148.6036842414178,354.2152745532803,193.82592505356297,right_blink
1761185206.0114105,-1492.1004055216908,-1090.4706793301739,394.07138838106766,237.870726831723,right_blink
1761185206.027331,-1514.9250149512663,-1117.4428378106095,409.97718289261684,210.58067685505375,right_blink
1761185206.027331,-1552.0958806108683,-1163.013518770691,373.09802942955866,194.50658684549853,right_blink
1761185206.0279615,-1497.7738337544724,-1095.3624684722163,389.37407403672114,236.9806306422688,right_blink
1761185206.0279615,-1495.0586663866416,-1084.4195212018676,413.65350454906,240.59337399946526,right_blink
1761185206.041464,-1549.2311172448099,-1142.6722029116936,383.55478970566764,183.79925327235833,right_blink
1761185206.041464,-1535.8123562037945,-1138.3039997634478,362.94420104986057,210.20668685948476,right_blink
1761185206.057119,-1493.6375044034794,-1083.450887113344,406.7346896310337,249.90946478908882,right_blink
1761185206.057119,-1505.8445378588513,-1119.1407523904927,425.13125751307234,173.52948799403384,right_blink
1761185206.0579696,-1540.9621984427795,-1152.388462996576,374.9044011081569,191.65304317930713,right_blink
1761185206.0579696,-1500.3169657243416,-1091.5253311176784,401.85412018885836,214.32805661065504,right_blink
1761185206.0715263,-1482.0475544407964,-1094.6967662801035,447.18170765182003,199.27869918895885,right_blink
1761185206.0715263,-1544.0139568066224,-1169.2217526971363,373.92080741981044,197.5546053093858,right_blink
1761185206.0871,-1476.2357499096543,-1101.492164499592,441.43722131988034,125.51291246293113,right_blink
1761185206.0871,-1490.073379745707,-1090.010671635624,416.9969751094468,332.5537740099244,right_blink
1761185206.0878131,-1558.2405362380669,-1167.4677396179177,385.36490128422156,171.14717172225937,right_blink
1761185206.0878131,-1508.6195436259732,-1148.5550655419938,461.58406238118187,133.62849536677822,right_blink
1761185206.101534,-1500.3394051240757,-1113.1120336619206,384.1344741987996,267.1728429845534,right_blink
1761185206.101534,-1507.2806594418362,-1156.0049462537281,452.51106508867815,177.471342547331,right_blink
1761185206.117128,-1495.0474466867745,-1177.281237101648,534.3176367194392,-24.74878795677796,right_blink
1761185206.117128,-1498.9182431409135,-1124.7767816237174,373.88340842025355,311.464478159789,right_blink
1761185206.1179345,-1469.8779199849814,-1138.2441613641568,462.6013151691295,296.7517117341049,right_blink
1761185206.1179345,-1467.6601593112573,-1186.1485398965888,508.08971833018586,-116.83260466577485,right_blink
1761185206.1315095,-1513.6721484661102,-1151.0757581121288,375.1699340050109,-576.2699644723907,right_blink
1761185206.1315095,-1479.8671927666292,-1131.8938112393953,404.1840778612532,-624.4735350012779,right_blink
1761185206.1471307,-1522.311317363754,-1182.5806753388606,413.96765614533797,-743.6117879897356,right_blink
1761185206.1471307,-1479.7101169684902,-1179.270863878075,546.356374676805,-672.280676134862,right_blink
1761185206.1478784,-1467.6825987109914,-1152.4670008956455,531.920360847842,-652.3470093710348,right_blink
1761185206.1478784,-1501.711948407814,-1206.6544113536365,550.5862015266903,-711.3102720724419,right_blink
1761185206.1621573,-1498.5853920448571,-1244.4872393053956,624.2510109539144,-807.6874939305708,right_blink
1761185206.1621573,-1463.1984586641192,-1186.0475625977851,685.0804837332107,-662.4447392513976,right_blink
1761185206.1629207,-1491.374864930287,-1228.996573688928,723.0385983334854,314.29558242624626,right_blink
1761185206.1765192,-1546.5009902771562,-1277.6339726126753,686.5446545658633,221.56102312495932,right_blink
1761185206.1765192,-1517.7785586174577,-1230.589771070052,720.764739160426,317.5380756878294,right_blink
1761185206.1922305,-1476.2207903098315,-1214.3473855624907,842.9210914131254,172.42621750710532,right_blink
1761185206.1922305,-1566.6403515385464,-1292.1410445407964,777.5887790871784,331.8020541188307,right_blink
1761185206.192973,-1552.4549110066146,-1279.144892194774,710.1920419856906,337.78589404793456,right_blink
1761185206.192973,-1507.030086144805,-1230.6683089691214,782.5104874288663,317.9494646829553,right_blink
1761185206.2064447,-1565.305207254365,-1308.3572507486679,764.9404374370351,289.62346241855994,right_blink
1761185206.2064447,-1550.3717867312953,-1290.0317409657873,803.6858009779826,226.37427436793223,right_blink
1761185206.222262,-1566.2252226434648,-1267.360467434395,751.0803682012483,350.299599299673,right_blink
1761185206.222262,-1563.8616058714688,-1269.2715563117526,743.9184597861022,290.98478600243106,right_blink
1761185206.222966,-1589.6968347653747,-1303.2485474091955,721.1798680555075,293.84580946853384,right_blink
1761185206.222966,-1542.0467694299296,-1256.6381742614321,766.413958019577,265.9199764993973,right_blink
1761185206.2365012,-1494.4116636943072,-1215.2075625522994,808.4878325210884,345.3591914582066,right_blink
1761185206.2365012,-1618.4529255246744,-1331.0023449803703,691.0250547127798,288.3331969338469,right_blink
1761185206.25222,-1587.8493241872638,-1276.444684426766,647.4402606291696,380.7087258393876,right_blink
1761185206.25222,-1519.3717559985816,-1222.12263757037,745.7397910645232,353.6355900601484,right_blink
1761185206.252976,-1592.1090702367947,-1301.0307867354713,653.2071863608435,275.1163904904388,right_blink
1761185206.252976,-1589.162029071711,-1307.306338861119,649.3326500067487,200.71482077194378,right_blink
1761185206.2664807,-1507.5948110381141,-1224.9350423370488,729.3178903590888,298.8722350089811,right_blink
1761185206.2664807,-1524.0167117435485,-1229.4865005831234,700.5356203000993,454.0032851709984,right_blink
1761185206.282217,-1613.4003206845373,-1327.1876470255665,624.5296335006133,288.73336622910574,right_blink
1761185206.282217,-1574.2173888487741,-1271.2424835884012,639.6313495216891,337.7372753485106,right_blink
1761185206.2828867,-1503.5893781855702,-1211.9127106913365,725.4770131045952,374.5640702121891,right_blink
1761185206.2828867,-1580.3433449761942,-1320.0406982102431,679.2368900524452,238.29333552671596,right_blink
1761185206.2964816,-1588.5561652788892,-1289.0518871773966,632.3422845080495,355.61773703666404,right_blink
1761185206.2964816,-1537.9104400789365,-1247.1388283739798,693.0819996884093,316.6853784979321,right_blink
1761185206.312131,-1546.1756189810112,-1267.6596594308503,733.8469092054293,252.0225082640536,right_blink
1761185206.312131,-1611.4780121073127,-1323.7058001668192,605.1195527305827,327.07482057483867,right_blink
1761185206.3129332,-1519.8242838932201,-1197.734749959316,673.6382598187774,368.8233237802051,right_blink
1761185206.3129332,-1562.3731256891042,-1272.6486859717406,619.275074062869,370.25944536319,right_blink
1761185206.3264985,-1614.2978966739029,-1322.6661079791375,595.9904569387436,287.7871715403162,right_blink
1761185206.3264985,-1542.753610521555,-1233.978120429907,695.9579827543348,364.6346358298324,right_blink
1761185206.342142,-1514.386469357647,-1237.1906944918446,714.4854471348226,322.60190022783354,right_blink
1761185206.342142,-1591.8173580402508,-1315.6799748619087,609.1661244826391,307.7245782040991,right_blink
1761185206.3429732,-1596.3463768865913,-1288.9359502787702,583.3047162890434,324.6251861038618,right_blink
1761185206.3429732,-1526.7917175106704,-1216.4641689374112,682.3597065154463,391.172965915408,right_blink
1761185206.3565254,-1575.4440760342404,-1303.6225374047644,729.1009761616588,250.64248518040404,right_blink
1761185206.3565254,-1610.5953957177699,-1316.9253615471534,656.7862706184387,345.5873253555037,right_blink
1761185206.3721387,-1526.496265414171,-1238.0845305812545,683.4816765021533,375.5775831001811,right_blink
1761185206.3721387,-1562.0664538927376,-1283.2774816458113,717.6381827974692,293.8308498687111,right_blink
1761185206.3729575,-1613.8341490793973,-1320.137935609091,639.7323268204927,280.94315462140366,right_blink
1761185206.3729575,-1565.6866770498455,-1247.2547652726062,703.7407145621255,345.20211566006765,right_blink
1761185206.3865812,-1554.9269848773256,-1250.138228138443,728.0687637738883,311.92448585433885,right_blink
1761185206.3865812,-1608.7142260400578,-1313.192941391375,683.919244796969,270.76314694201574,right_blink
1761185206.4021738,-1584.2851995294914,-1286.018828313332,692.3340196972713,306.0827621235512,right_blink
1761185206.4021738,-1543.7858229093254,-1242.8977818242274,702.7197218742222,349.1925889127888,right_blink
1761185206.402928,-1593.346977122128,-1270.2252308004536,689.7011301284656,277.7492800592445,right_blink
1761185206.402928,-1621.4785045888275,-1310.7582665202208,632.0879713110626,250.5489876815118,right_blink
1761185206.4165015,-1513.215880671516,-1205.4688630676828,686.7129500638694,263.79945322452113,right_blink
1761185206.4165015,-1559.8711326187477,-1237.848916884046,676.8209146810696,320.3878794540651,right_blink
1761185206.432134,-1606.0439374716952,-1293.2517948276363,585.2307647662237,296.2991838394664,right_blink
1761185206.432134,-1569.598612403497,-1225.7466006274335,603.7021306473762,324.77852200204507,right_blink
1761185206.4328763,-1550.2483700327575,-1215.5217141485773,634.2084945859388,303.30027655651793,right_blink
1761185206.4328763,-1581.8131256587803,-1260.8792208111845,621.6012918353081,243.8059480614029,right_blink
1761185206.446544,-1565.0359344575554,-1231.4424682599492,606.1742045180872,269.93662905180827,right_blink
1761185206.446544,-1520.5012057852,-1195.950817680452,642.1557819917798,288.31823733402416,right_blink
1761185206.462293,-1564.9536566585302,-1247.280944572296,597.1386062251404,281.1600688188337,right_blink
1761185206.462293,-1595.856449992396,-1262.0722488970496,550.3300183797255,257.44910309975967,right_blink
1761185206.462901,-1544.0999745056033,-1210.8057003044523,563.4047086248174,293.5353977722116,right_blink
1761185206.462901,-1547.3200283674523,-1213.8798980680294,613.6240852298215,283.95751398568973,right_blink
1761185206.476496,-1581.5737720616162,-1265.2773431590758,523.2531427005306,204.7090339246206,right_blink
1761185206.476496,-1547.3424677671865,-1217.2794671277516,529.760568623431,310.4584450717084,right_blink
1761185206.4923773,-1517.8196975169703,-1186.0887014972977,547.5400530127808,317.9756439826451,right_blink
1761185206.4923773,-1568.8020137129351,-1244.0347114107572,509.8792604589835,221.90883382083848,right_blink
1761185206.4928646,-1547.1853919690475,-1213.064599877689,480.88381610251963,289.10735622467473,right_blink
1761185206.4928646,-1517.3073312230408,-1177.3747346005403,495.5629234286025,259.7267021727748,right_blink
1761185206.5064907,-1522.3674158630893,-1201.6990439123474,502.51165754627436,277.8951361575164,right_blink
1761185206.5064907,-1579.875857481733,-1232.2802058500238,414.3061170913279,283.677021489013,right_blink
1761185206.5221047,-1512.1126101845875,-1168.1970201092772,459.2971135582775,303.70044585177675,right_blink
1761185206.5221047,-1503.967108081095,-1189.0469623622485,431.00851029343903,279.7052477360703,right_blink
1761185206.5228372,-1556.3518867604434,-1242.5013524289243,411.3366365265101,229.21659833425656,right_blink
1761185206.5228372,-1517.943114215508,-1176.1555272149853,401.3810228444636,346.5559594440274,right_blink
1761185206.5364552,-1504.7337875720114,-1141.1575434296392,425.85118825454265,312.320915249642,right_blink
1761185206.5364552,-1541.2913096388802,-1200.3078011288308,401.21646724641323,268.1377371731214,right_blink
1761185206.5522325,-1541.4222061373293,-1188.3027222710662,379.86537839937955,259.4798687756993,right_blink
1761185206.5522325,-1477.7728487914428,-1141.0229070312344,438.88847950007766,338.34687904128805,right_blink
1761185206.552945,-1521.2753650760278,-1186.6908253901638,420.2787373205647,270.0263866507448,right_blink
1761185206.552945,-1535.8946340028197,-1192.8467007172294,350.323908649385,231.9392455019988,right_blink
1761185206.5666327,-1482.9825294297189,-1126.2503022062592,396.39573620352894,376.61727528786287,right_blink
1761185206.5666327,-1511.4618675922975,-1159.7298866095953,386.8477716166526,303.02726385975257,right_blink
1761185206.5822072,-1557.8927255421877,-1214.511941160541,350.33138844929636,251.0987529749982,right_blink
1761185206.5822072,-1483.1321254279464,-1127.7462621885352,355.0249628936872,356.9603611207567,right_blink
1761185206.5829494,-1494.7295551905409,-1155.9563275543042,393.512273337692,275.1837086896412,right_blink
1761185206.5829494,-1528.3923946917057,-1159.0529647176154,375.7290490483865,283.24693299410865,right_blink
1761185206.5964265,-1527.6668541003019,-1159.830863908399,364.00072278734297,288.72588642919436,right_blink
1761185206.5964265,-1470.281829180196,-1114.3424607473426,393.4187758387998,326.2109036850743,right_blink
1761185206.6121728,-1511.1813750956208,-1171.3011370724998,369.8349667182192,282.0800842079334,right_blink
1761185206.6121728,-1520.187054188922,-1171.117881974671,349.8676408547908,300.7459248867817,right_blink
1761185206.6128533,-1494.0114943990484,-1136.20217598835,354.2769829025492,321.07228114595637,right_blink
1761185206.6128533,-1479.0556344762444,-1129.870525363367,382.6179447667673,322.620599727612,right_blink
1761185206.626464,-1578.9259228929877,-1212.413857285399,297.1761903790757,221.54606352513656,right_blink
1761185206.626464,-1506.1212904555723,-1107.8761737239547,357.6054938631132,340.86009181151167,right_blink
1761185206.6421516,-1495.3092396836728,-1136.9127569799311,376.8771983347833,292.09553628927097,right_blink
1761185206.6421516,-1530.789670563303,-1162.4562736772932,339.39592097885907,287.79839124018326,right_blink
1761185206.6428707,-1542.9667848190293,-1171.286177472677,290.7697417549789,272.98464751569554,right_blink
1761185206.6428707,-1477.1221061991528,-1095.7177589680068,351.2027851389721,337.7746743480675,right_blink
1761185206.6565883,-1516.57057093177,-1147.3882167558186,331.5720502715558,280.54672522610053,right_blink
1761185206.6565883,-1567.7772811250761,-1183.059382533189,293.4624697230756,257.7071561967023,right_blink
1761185206.6722412,-1476.310547908768,-1082.4224146255292,343.92119992524385,352.49866047361866,right_blink
1761185206.6722412,-1531.3244762569666,-1135.4018373978324,315.34836426377296,276.17478217789903,right_blink
1761185206.6729305,-1561.602706298232,-1162.0261851823889,277.8259480083361,261.8434855476953,right_blink
1761185206.6729305,-1495.2381815845147,-1095.9533726652153,304.3979371935129,345.2133353599347,right_blink
1761185206.6864815,-1496.4686086699367,-1115.9019990288652,316.94904144480824,301.9838317721151,right_blink
1761185206.6864815,-1546.4710710775107,-1136.8379589808173,288.23408958502114,299.4556594020687,right_blink
1761185206.7021425,-1547.3649071669206,-1127.0992594962008,272.8369214674458,292.84351628040895,right_blink
1761185206.7021425,-1513.735726765357,-1088.069663558621,293.2455555256456,316.99579019425437,right_blink
1761185206.7029328,-1507.0824447441846,-1082.773965221364,298.72076906077564,304.7663173391484,right_blink
1761185206.7029328,-1586.3496243050322,-1165.908201336395,229.54757948033512,253.94107694132254,right_blink
1761185206.7165897,-1522.5357113610953,-1089.9358736365102,251.42599422112107,323.4994762171991,right_blink
1761185206.7165897,-1477.9972427887842,-1064.0108871436678,312.0385528029874,365.4611537200399,right_blink
1761185206.7321804,-1596.4361344855279,-1177.1765199028887,223.23462835513055,222.88868760922924,right_blink
1761185206.7321804,-1530.655034164898,-1086.6185823758133,262.06226969510317,336.405870964285,right_blink
1761185206.7328715,-1514.5173658560961,-1061.9165431684814,288.78385487850755,332.8006074069999,right_blink
1761185206.7328715,-1590.538312255405,-1149.9350886256434,222.26973416656256,229.26521703368053,right_blink
1761185206.7465081,-1572.5942722680047,-1111.780629277695,237.4088491871953,306.5352900181897,right_blink
1761185206.7465081,-1504.8684239704162,-1040.4831765224226,266.3481950443238,340.5122811156325,right_blink
1761185206.7621684,-1562.1188124921173,-1117.3829994113185,246.99421277362853,301.6846397756599,right_blink
1761185206.7621684,-1579.2812133887783,-1116.0291556273587,215.04798735212535,304.2689106450416,right_blink
1761185206.7629244,-1524.3869618391618,-1048.643638225738,242.69332782458514,359.79894518712536,right_blink
1761185206.7629244,-1536.6201745942235,-1067.7807062990032,257.69406654685736,324.56160780461505,right_blink
1761185206.7765288,-1567.5790664274246,-1103.1713795796968,223.83675224799663,309.63192718150094,right_blink
1761185206.7765288,-1555.4356112712994,-1083.9894327069633,224.03870684560388,308.9886643891223,right_blink
1761185206.7921553,-1507.3030988415703,-1049.0924262204207,295.81860669516027,381.3819078314118,right_blink
1761185206.7921553,-1585.5979044139385,-1125.9324107100256,236.69078839570284,263.83311232412234,right_blink
1761185206.7929497,-1566.9283238351345,-1082.4822530248202,187.8327353745699,315.383893313352,right_blink
1761185206.7929497,-1502.6955420961604,-1031.3017221312039,264.235151569359,351.2495338884182,right_blink
1761185206.8065338,-1572.3436989709735,-1111.1560659850948,236.52997269760817,258.7019695849158,right_blink
1761185206.8065338,-1554.6016135811806,-1095.4185669715516,213.15933787450194,280.7785990233533,right_blink
1761185206.8221953,-1506.1886086547747,-1031.541075728368,242.34551712870598,339.56234652688727,right_blink
1761185206.8221953,-1533.8339491272345,-1077.5231456835754,242.90650212205946,286.76991875236854,right_blink
1761185206.822949,-1583.9112095339224,-1114.3798597468995,225.83759872429073,263.82189262425527,right_blink
1761185206.822949,-1553.3599667958915,-1069.6244769771583,231.68306235503405,310.3574677729048,right_blink
1761185206.83652,-1532.8690549386665,-1058.255181111861,235.01531321555376,311.55797565868124,right_blink
1761185206.83652,-1588.099897484295,-1131.198189847637,215.54165414627641,226.41541326744482,right_blink
1761185206.8521793,-1544.7731564976275,-1071.7076012524776,222.0341204693541,292.25261208740994,right_blink
1761185206.8521793,-1536.0217906013131,-1060.2186285885982,243.81155791133642,283.2918117935769,right_blink
1761185206.8529058,-1543.550209212117,-1079.4791133604012,248.61358945444226,260.61305846227333,right_blink
1761185206.8529058,-1576.764260718599,-1107.102014433127,210.96027670055628,246.7642089263536,right_blink
1761185206.866508,-1515.9460076391697,-1039.6678783320822,263.4310730788857,283.1609152951278,right_blink
1761185206.866508,-1528.6504477886483,-1055.3754581459798,283.1403458453715,284.701754076872,right_blink
1761185206.8821769,-1573.4619290577248,-1119.716696983669,223.8143128482625,219.59757564822212,right_blink
1761185206.8821769,-1523.5006055496633,-1064.3138190400787,245.3710961928591,276.3767367755063,right_blink
1761185206.8828485,-1500.2720869248733,-1038.1793981497176,283.9481642358005,279.64914923673496,right_blink
1761185206.8828485,-1562.496542387642,-1114.675311843399,230.60597116779536,208.47137328004465,right_blink
1761185206.89655,-1528.6392280887812,-1061.8305254695006,239.30871836468577,264.15848362026736,right_blink
1761185206.89655,-1494.6285778917372,-1032.8388210129924,291.5027621462941,280.673881824594,right_blink
1761185206.9121482,-1558.1582584390417,-1106.619567338843,265.44687915500253,205.57669071434066,right_blink
1761185206.9121482,-1561.954256894067,-1091.6711872159503,240.81215814687312,219.39562105061486,right_blink
1761185206.912896,-1510.4446148043498,-1036.5974204684608,282.74391645006835,274.9593146922998,right_blink
1761185206.912896,-1523.5828833486885,-1066.408163015265,288.96337007638067,228.1320273471065,right_blink
1761185206.9265115,-1564.6582045620307,-1116.2610294246115,228.9230161877349,185.04463995760307,right_blink
1761185206.9265115,-1516.0058460384607,-1045.1356120673008,269.32515540905297,257.41170410020277,right_blink
1761185206.942124,-1506.547639050521,-1051.5719798910432,285.1374524217099,230.00197732495144,right_blink
1761185206.942124,-1549.264776344411,-1108.6503330147825,259.0067714313045,166.4348977780901,right_blink
1761185206.9428596,-1542.9443454192951,-1071.8571972507052,263.7115655755624,218.6439011595212,right_blink
1761185206.9428596,-1503.604337785393,-1039.3163277362473,308.0069406507537,254.55816043401137,right_blink
1761185206.956458,-1534.5968887181953,-1095.3998674717732,274.44881834834814,172.5795534052886,right_blink
1761185206.956458,-1560.084306916222,-1106.3689940418117,233.60537093225867,194.91049604071304,right_blink
1761185206.9721842,-1521.5483777727932,-1053.5840460672043,290.4742896584794,227.9001535498537,right_blink
1761185206.9721842,-1530.2286855699494,-1079.4117951611988,303.93792949896306,181.33465920155868,right_blink
1761185206.972956,-1550.9103323249146,-1094.943599677179,253.42684069741517,153.28914943384007,right_blink
1761185206.972956,-1516.256419335492,-1042.697197296191,272.04406267683953,205.3036780175753,right_blink
1761185206.9864368,-1502.1308172028512,-1029.297135754954,332.1517347646877,209.27171187056229,right_blink
1761185206.9864368,-1554.8933257777244,-1089.4347270424478,283.71629043854773,176.19603666244075,right_blink
1761185207.0021813,-1525.651048024185,-1074.295612021815,276.2701496267691,197.61070380872115,right_blink
1761185207.0021813,-1505.1189972674474,-1048.232249230612,295.83356629498303,200.41562877548859,right_blink
1761185207.002967,-1539.4924177601933,-1086.985092571471,306.05845277383924,166.04594818269834,right_blink
1761185207.002967,-1559.9085316183046,-1086.947693571914,261.1646937057376,159.86015365598723,right_blink
1761185207.016394,-1508.0286394329742,-1035.3370741833933,309.9666482275352,211.8971216394566,right_blink
1761185207.016394,-1529.4956651786342,-1083.5967432116158,316.57879134919494,160.75398974539712,right_blink
1761185207.0322838,-1551.1796051217243,-1104.4579051644541,273.8279949557036,143.25125795276836,right_blink
1761185207.0322838,-1518.7845917055383,-1055.6335112429224,282.6990376506001,186.13669074466452,right_blink
1761185207.032992,-1500.6647764202207,-1032.734103814233,338.7563980864361,204.07325093215331,right_blink
1761185207.032992,-1554.137865986675,-1092.37428840762,284.2473562322557,158.01264307787642,right_blink
1761185207.0465205,-1537.8019829802215,-1089.3337497436441,273.2857094621286,150.1588531709276,right_blink
1761185207.0465205,-1478.8125409791246,-1025.5871549989097,341.6510806521401,213.303324022796,right_blink
1761185207.0623045,-1539.6719329580665,-1083.4882861129008,312.9548282921314,143.1241013542749,right_blink
1761185207.0623045,-1556.3481468604878,-1095.728978667874,281.2778756674379,148.40110019175336,right_blink
1761185207.062995,-1483.2667618263513,-1029.730964149814,326.2277332348749,212.95177342696115,right_blink
1761185207.062995,-1511.708700989373,-1061.4901945735328,330.36032268591225,163.7272102101706,right_blink
1761185207.076537,-1548.4008594546467,-1110.8306946889497,293.0697802277282,123.82621758291498,right_blink
1761185207.076537,-1508.90003612265,-1057.1519106249325,301.64537082612514,184.75292776105925,right_blink
1761185207.092271,-1503.0171734923497,-1052.7650079769082,349.201938662678,182.1462174919434,right_blink
1761185207.092271,-1546.7515635741875,-1108.2875627190806,314.1964750774205,136.38854153407738,right_blink
1761185207.092924,-1543.236057615839,-1093.544877093751,282.07447435799986,146.14220061851665,right_blink
1761185207.092924,-1487.84065947216,-1031.8701869244687,334.99779863096774,204.8212309232913,right_blink
1761185207.1065145,-1521.2454458763823,-1079.6324492585845,338.793797085993,155.6153672062792,right_blink
1761185207.1065145,-1550.0763346347958,-1103.3957735770382,304.2969598947093,142.2003460652195,right_blink
1761185207.1221616,-1483.0087087294087,-1034.8882861887105,333.43078054953367,202.95502084540203,right_blink
1761185207.1221616,-1505.3695705644786,-1075.1445693117566,343.0610229354352,160.7614695453085,right_blink
1761185207.1229253,-1547.952071459964,-1099.7456312202848,295.83356629498303,145.19226602977142,right_blink
1761185207.1229253,-1516.2900784350932,-1059.631464295555,305.42640968132764,189.48764110496268,right_blink
1761185207.1364307,-1498.3497783476487,-1061.3817374748178,356.1656323801726,178.12956493953243,right_blink
1761185207.1364307,-1551.1422061221674,-1115.38589283498,330.5585373835638,111.76504022581503,right_blink
1761185207.152233,-1508.8551573231816,-1070.8436843627132,313.5906112845987,178.810226731468,right_blink
1761185207.152233,-1491.4421831294894,-1039.7725955308415,349.3964134603739,209.77659836458042,right_blink
1761185207.1529253,-1526.8515559099615,-1099.8017297196202,339.88958777301013,128.18320103129372,right_blink
1761185207.1529253,-1544.5113635007292,-1101.9895711936988,306.0434931740165,134.18574046017602,right_blink
1761185207.1671464,-1482.8778122309595,-1040.65895182034,351.6216539340094,214.13732171291485,right_blink
1761185207.1671464,-1533.2954035336152,-1093.1484476984479,340.73480516299605,147.40254690358415,right_blink
1761185207.1679363,-1551.074887922965,-1128.9000213248655,292.78928773105145,127.95319718401879,right_blink
1761185207.1815417,-1503.929709081538,-1069.6787055265158,308.86711764056236,173.62859534285963,right_blink
1761185207.1815417,-1488.7681546611711,-1056.9443461773917,366.74954925477505,202.19395120441914,right_blink
1761185207.2128704,-1556.1087932633236,-1141.1070547802374,336.224485816434,119.47110408451408,right_blink
1761185207.2128704,-1533.0298706367612,-1088.8307331996039,332.54442426003516,187.33532868046314,right_blink
1761185207.2135854,-1480.3982585603371,-1034.1159968478605,391.7844395581633,236.09240440279245,right_blink
1761185207.2135854,-1532.4501861436293,-1119.7447462333366,343.6818463280797,120.89974586758763,right_blink
1761185207.2143698,-1547.4509248659015,-1109.3104253569618,298.4103573644534,159.58527100924402,right_blink
1761185207.2143698,-1477.4998360946774,-1046.375388902612,339.4632391780615,224.2930200425908,right_blink
1761185207.227144,-1507.9650611337274,-1078.4599906224757,366.8093876540661,174.9338204273954,right_blink
1761185207.227144,-1548.3372811554,-1130.2538651088253,324.87014955095947,122.75473624560982,right_blink
1761185207.228104,-1496.6256844680756,-1076.9677705401555,357.47833726461977,193.81283540371805,right_blink
1761185207.228104,-1486.07916659303,-1045.3207371151075,401.79989163950086,221.74614817276597,right_blink
1761185207.2579396,-1539.8888471554965,-1127.8640690371394,325.84252353943884,141.09520562831312,right_blink
1761185207.2579396,-1535.0381969129667,-1102.627224136144,300.3177063418552,161.672135184519,right_blink
1761185207.2586505,-1466.287616027519,-1030.2190210940316,375.4709959514439,232.72275454271585,right_blink
1761185207.2586505,-1537.121321188286,-1119.1538420403376,355.0848012929782,141.11764502804726,right_blink
1761185207.2593913,-1537.0951418885961,-1119.9354811310768,342.0175908477977,160.4791070986539,right_blink
1761185207.2593913,-1477.410078495741,-1047.7591518862173,392.24818715266883,226.7426545135677,right_blink
1761185207.2715185,-1493.8394590010867,-1080.3523800000548,399.9224618617445,180.7194456588477,right_blink
1761185207.2715185,-1548.1128871580586,-1142.0981282684952,296.099099191837,117.73953040502965,right_blink
1761185207.287177,-1501.6371504087,-1044.759752121754,344.5382834179327,231.60452445596457,right_blink
1761185207.287177,-1506.6336567495018,-1069.3308948306367,379.6260248022154,194.44487849622965,right_blink
1761185207.287914,-1555.2860152730718,-1120.4777666246518,356.2030313797295,145.7700805729255,right_blink
1761185207.287914,-1530.6699937647209,-1096.0001214146614,350.4286258481443,185.6860328000039,right_blink
1761185207.301489,-1481.7708018440753,-1050.4817990539595,397.263392993249,215.60523244552314,right_blink
1761185207.301489,-1533.3028833335266,-1114.5874241944402,365.16009177360684,151.42106940597296,right_blink
1761185207.317348,-1523.8147571459413,-1106.6102175889537,340.7198455631733,164.47332025133073,right_blink
1761185207.317348,-1486.9991819821298,-1054.1020222110674,363.03956849873066,214.66651755664498,right_blink
1761185207.317996,-1503.4734412869439,-1088.1575512075797,382.6179447667673,175.11333562526852,right_blink
1761185207.317996,-1545.128446993418,-1122.321537302807,352.3060556259006,151.80627910140902,right_blink
1761185207.3314552,-1507.0824447441846,-1075.512949457392,366.8505265535787,196.29986887425184,right_blink
1761185207.3314552,-1484.8412597076967,-1073.1642922852188,388.60926449578255,194.1344667999074,right_blink
1761185207.3472097,-1544.6011210996658,-1131.921860489063,347.8406150788069,129.94282396044582,right_blink
1761185207.3472097,-1506.2746263537556,-1099.6577435713261,356.4274253770709,172.98907245043665,right_blink
1761185207.3479064,-1465.1245071412995,-1031.685061876662,417.29055725596845,254.51141168456525,right_blink
1761185207.3479064,-1549.324614743702,-1128.2754580322653,365.7023772671819,144.8425853839144,right_blink
1761185207.3615236,-1525.8230834221467,-1099.900837068446,357.66907216235995,190.66757954098284,right_blink
1761185207.3615236,-1506.618697149679,-1052.8005370264873,389.6377369835973,208.5817003287375,right_blink
1761185207.3773136,-1511.0055997977033,-1089.6422914899886,398.0338123841211,180.61098856013268,right_blink
1761185207.3773136,-1535.614141506143,-1124.8347500730306,358.04680205788463,159.28607901278883,right_blink
1761185207.378059,-1506.7495936481282,-1082.9777897689492,372.9577831812203,193.4612848078832,right_blink
1761185207.378059,-1469.5039299894124,-1068.4744577407837,411.69192702230066,209.19130402151495,right_blink
1761185207.391704,-1562.4254842884839,-1143.799782748334,357.52321606408805,138.56329335831106,right_blink
1761185207.391704,-1527.0684701073915,-1110.4585746433586,362.11955310963094,189.55682925414294,right_blink
1761185207.4072905,-1482.5187818352133,-1046.5736036002636,429.88280040677637,222.52030746359378,right_blink
1761185207.4072905,-1542.7087317220867,-1134.7941036550328,376.05068044457585,149.56607902795076,right_blink
1761185207.4079163,-1530.9317867616192,-1115.8552502794191,356.4760440764949,171.42953416891396,right_blink
1761185207.4079163,-1491.7189357262105,-1081.6912641841918,396.7136276997626,193.99235060159117,right_blink
1761185207.4215243,-1481.1499784514308,-1078.4674704223871,411.639568422921,190.5740820420906,right_blink
1761185207.4215243,-1541.1342338407412,-1132.187393385917,370.33985321223736,157.15433603804559,right_blink
1761185207.437225,-1526.4065078152344,-1100.7273549586535,370.549287609756,191.41555953212082,right_blink
1761185207.437225,-1458.474965020083,-1048.9671395719051,432.96821787022054,253.15008810069412,right_blink
1761185207.4379876,-1552.8625601017848,-1153.0934341382235,348.0537893762812,124.85282012075186,right_blink
1761185207.4379876,-1521.537158072926,-1101.8642845451832,351.6814923333004,188.7976295631379,right_blink
1761185207.4515636,-1460.2813366986811,-1045.0028456188738,422.4291797950864,239.1553824665025,right_blink
1761185207.4515636,-1514.7641992531717,-1113.8581437030807,413.6441547991708,178.4194071860984,right_blink
1761185207.4672363,-1557.8740260424092,-1144.6749193379655,343.26297753304243,142.70336260925978,right_blink
1761185207.4672363,-1479.7437760680914,-1047.0485708946362,415.80955687351525,230.0749053740874,right_blink
1761185207.4681456,-1510.9943800978363,-1085.2404292421415,408.90944145526737,195.43969188444316,right_blink
1761185207.4681456,-1570.3129332950339,-1166.680490677245,334.06282364204526,121.78236225713044,right_blink
1761185207.481505,-1495.1484239855781,-1068.2575435433537,375.3662787526846,226.15549022052437,right_blink
1761185207.481505,-1483.5173351233825,-1073.4298251820728,420.9033006131649,215.04424745216966,right_blink
1761185207.4972725,-1552.582067605108,-1161.0968200434,374.78285435959697,122.84823374450207,right_blink
1761185207.4972725,-1532.584822542034,-1118.690094445832,350.06959545239806,178.55030368454754,right_blink
1761185207.4979384,-1469.0476621948183,-1062.2737036142498,428.67481272108853,234.98539401590824,right_blink
1761185207.4979384,-1519.3829756984487,-1121.7343730097637,387.2255015121773,169.9373140865937,right_blink
1761185207.511488,-1560.469516611658,-1150.5129031687975,321.0030929967761,139.2102960506454,right_blink
1761185207.511488,-1479.0518945762888,-1047.931187284179,409.8631159439683,263.4198533790186,right_blink
1761185207.5271492,-1494.8754112888128,-1079.7577359071001,414.0405841944739,198.80934174451977,right_blink
1761185207.5271492,-1571.3825446823612,-1163.1911640185863,353.5813615107909,116.58016141876578,right_blink
1761185207.527881,-1498.9930411400273,-1085.5583207383752,403.69228101707995,219.38627130072564,right_blink
1761185207.527881,-1457.9326795265079,-1057.5352503703907,433.1252936683595,246.75859907642007,right_blink
1761185207.5414832,-1557.4588971473277,-1187.7772663272917,337.43995330203325,113.76401675213128,right_blink
1761185207.5414832,-1531.2608979577199,-1118.0655311532319,349.44877205975354,190.52546334266663,right_blink
1761185207.5572126,-1486.7523485850543,-1055.2239921977744,414.39961459022015,247.6786144655198,right_blink
1761185207.5572126,-1540.9098398433998,-1139.771910496056,387.6331506073475,141.34203902538866,right_blink
1761185207.558049,-1579.4794280864298,-1166.8824452748522,344.0446166237816,123.77946883346885,right_blink
1761185207.558049,-1464.3166887508705,-1047.7105331867933,429.3180755134672,279.04515539389104,right_blink
1761185207.5715227,-1506.715934548527,-1105.196535405703,412.5932429116219,203.19998429249972,right_blink
1761185207.5715227,-1579.1615365901962,-1181.636350600049,318.42630192730576,105.5698959492147,right_blink
1761185207.587298,-1499.4380892347544,-1081.3958120876923,378.90796401072294,246.84087687544525,right_blink
1761185207.587298,-1487.9416367709637,-1078.4001522231847,420.58166921697557,225.80019972473383,right_blink
1761185207.5880065,-1554.089247287251,-1151.3955195583403,367.2170367492363,141.7010694211349,right_blink
1761185207.5880065,-1525.8754420215264,-1129.0795365227386,376.27881434187293,175.53594432026148,right_blink
1761185207.6015997,-1461.0218368899077,-1049.1803138693795,449.0722270794213,269.1344205113128,right_blink
1761185207.6015997,-1536.433179596439,-1142.1317873680964,374.04983396828175,164.409741952084,right_blink
1761185207.617188,-1581.6822291603312,-1170.7121028294787,331.03350467793643,136.34553268458694,right_blink
1761185207.617188,-1487.5601669754833,-1053.0548502234742,405.1171829001978,255.44638667348772,right_blink
1761185207.6178613,-1501.7643070071936,-1095.3194596227258,418.7603379385546,206.3975987546146,right_blink
1761185207.6178613,-1568.562660115771,-1171.5685399193317,355.2044780915603,125.66811831109226,right_blink
1761185207.6316822,-1498.4245763467625,-1089.3879782930017,382.41973006911576,215.26490154955536,right_blink
1761185207.6316822,-1474.6874313279986,-1083.5799136618152,401.3735430445522,228.1077179973945,right_blink
1761185207.6472118,-1550.7943954262882,-1147.7491171015427,371.5104418983683,153.4406153820455,right_blink
1761185207.6472118,-1527.5546571016312,-1113.0391056127846,380.7816538885236,208.34982653148472,right_blink
1761185207.64793,-1489.1870234562084,-1077.8279475299641,437.04844872187823,237.76413968298584,right_blink
1761185207.64793,-1520.766738682054,-1131.0616834992543,397.54014558997005,184.77723711077124,right_blink
1761185207.6615293,-1545.7604900859296,-1140.4376126881689,351.77498983219266,167.22214671876281,right_blink
1761185207.6615293,-1473.7636760389432,-1081.6576050845906,401.06313134822994,245.083123896271,right_blink
1761185207.6772048,-1519.1398822013289,-1114.6921413931996,415.3869481785223,188.9060866618529,right_blink
1761185207.6772048,-1568.7870541131124,-1160.87990584597,362.45240420568734,160.7109808959067,right_blink
1761185207.6778622,-1492.339759118855,-1081.3546731881797,401.69517444074154,238.12317007873207,right_blink
1761185207.6778622,-1500.7320946194232,-1091.1980898715556,412.9410536075011,216.03906084038317,right_blink
1761185207.6915207,-1558.4499706355855,-1166.7478088764474,364.45325068198144,137.90507096610963,right_blink
1761185207.6915207,-1507.0039068451151,-1115.144669287838,370.9157978054136,211.29312779661268,right_blink
1761185207.7071881,-1477.3053612969816,-1074.1179667739198,421.58396240510046,229.83555177692324,right_blink
1761185207.7071881,-1544.488924100995,-1137.6289478214458,397.8206380866468,157.14311633817852,right_blink
1761185207.7079406,-1560.2750418139622,-1161.8261005347595,355.9823772823438,157.51336643379182,right_blink
1761185207.7079406,-1496.8126794658601,-1080.6366123966873,400.6629620529711,228.50414739269763,right_blink
1761185207.7215366,-1502.3178122006357,-1104.5757120130584,420.85468191374093,194.33642139751464,right_blink
1761185207.7215366,-1559.1231526276097,-1171.901391015388,344.43730611912906,134.60647920519114,right_blink
1761185207.7371616,-1504.2775197774172,-1111.0644384361804,362.19809100870043,205.10733326990157,right_blink
1761185207.7371616,-1484.5271081114188,-1088.8569124992937,436.5360824279487,234.98539401590824,right_blink
1761185207.7379267,-1567.2013365318999,-1186.3523644441739,374.4051244640723,111.69959197659045,right_blink
1761185207.7379267,-1521.4361807741225,-1132.3332494841889,369.3338201241568,192.2383375223726,right_blink
1761185207.7678483,-1465.322721838951,-1057.1836997745559,428.9777446174994,273.14733316376805,right_blink
1761185207.7678483,-1551.6321330163628,-1161.7438227357343,370.44831031095237,133.88467851374298,right_blink
1761185207.768624,-1565.5183815518394,-1148.9047461878508,371.6188989970833,153.61265078000724,right_blink
1761185207.768624,-1496.7603208664805,-1079.2004908137023,398.7780524753034,240.32971105258912,right_blink
1761185207.7693677,-1516.798704829067,-1133.2420451734215,411.10850262921304,178.68494008295238,right_blink
1761185207.7693677,-1553.1430525984615,-1162.0392748322338,378.2497416185215,148.09255844540894,right_blink
1761185207.7815025,-1511.394549393095,-1115.1633687876165,390.7110882708803,206.3527199551463,right_blink
1761185207.7815025,-1498.8920638412237,-1090.1845769835636,435.567448339425,215.52669454645365,right_blink
1761185207.7971797,-1548.6476928517222,-1165.087293296121,374.0012152688578,148.93777583539486,right_blink
1761185207.7971797,-1541.5418829359114,-1138.9079936062917,359.60260043945163,165.965540333651,right_blink
1761185207.7979674,-1471.3103016680107,-1073.945931375958,431.0945279924199,218.81406660750508,right_blink
1761185207.7979674,-1532.2332719461992,-1157.1138265905902,388.98699439130723,167.5288185151294,right_blink
1761185207.8114443,-1570.600905591622,-1162.3908254280686,357.38109986577183,152.68141569104046,right_blink
1761185207.8114443,-1514.109716760926,-1106.5840382892638,410.44280043710023,214.15789116267115,right_blink
1761185207.8272383,-1512.5576582793146,-1118.5442383475602,405.50613249558955,176.17172731272876,right_blink
1761185207.8272383,-1530.5914558656514,-1175.918043567799,391.7694799583405,84.98548659309745,right_blink
1761185207.8279111,-1504.2700399775058,-1106.2137881936505,395.2887258166447,239.86596345808357,right_blink
1761185207.8279111,-1519.7607055939734,-1127.5087785413489,401.99062653724104,190.88075383845717,right_blink
1761185207.8415112,-1534.6754266172647,-1165.8390131872147,385.0077408384532,144.42371658887714,right_blink
1761185207.8415112,-1541.1903323400766,-1147.176912408322,383.5940586552024,167.46524021588266,right_blink
1761185207.8571756,-1485.596719498746,-1098.116904789582,432.2015383793041,174.98243912681937,right_blink
1761185207.8571756,-1520.2693319879472,-1154.1144268261269,430.37272730097175,171.86710246372968,right_blink
1761185207.8579297,-1541.3361884383485,-1180.562999312766,373.178437278606,148.5114272404462,right_blink
1761185207.8579297,-1482.185930739157,-1089.2795211942866,448.8440931821242,193.32664840947837,right_blink
1761185207.871525,-1491.2813674313948,-1136.9707254292443,453.89669802226126,129.57257386483252,right_blink
1761185207.871525,-1541.7438375335187,-1185.1294171586633,401.1080101476982,194.04844910092652,right_blink
1761185207.8871837,-1508.3764501288533,-1130.919567300938,374.3639855645597,302.94311611074954,right_blink
1761185207.8871837,-1429.7712328601629,-1096.3329725107178,575.2639313843101,-6.492466323077679,right_blink
1761185207.8878915,-1540.8013827446848,-1213.0664698276669,375.27652115374804,300.34388564154506,right_blink
1761185207.8878915,-1522.4122946625575,-1155.4121721107513,346.91685978975147,308.9344358397648,right_blink
1761185207.9014769,-1463.7370042577386,-1115.6495557818562,501.41212695930153,233.60911083221436,right_blink
1761185207.9014769,-1493.9404362998903,-1179.4298096261919,556.7738660033792,220.1753901913762,right_blink
1761185207.9172933,-1521.3726024748757,-1211.7687245430425,502.62385454494506,202.69883769843727,right_blink
1761185207.9172933,-1446.2342724651098,-1127.5573972407728,563.9357744185254,206.356459855102,right_blink
1761185207.9179227,-1477.8887856900692,-1186.08683154732,737.1679403660819,167.77191201224923,right_blink
1761185207.9179227,-1550.8130949260667,-1245.6746575413272,672.59482773114,102.51439768541604,right_blink
1761185207.931504,-1494.4902015933767,-1188.1923952223733,707.3347584195435,467.1883024647832,right_blink
1761185207.931504,-1521.428700974211,-1231.9380050040781,845.1949505861849,265.40574025548995,right_blink
1761185207.9471583,-1580.9828678686172,-1304.6304404428229,876.4642541157082,149.35664463043213,right_blink
1761185207.9471583,-1539.7579506570473,-1260.5744189647958,983.227178150788,204.83058067318052,right_blink
1761185207.9479396,-1514.939974551089,-1223.0407830094919,1070.5613219160587,225.4785683285445,right_blink
1761185207.9479396,-1611.3994742082432,-1341.7938263025135,1075.2623761603609,191.606294429861,right_blink
1761185207.961563,-1639.6020597741008,-1352.1757885795087,1052.127355034463,160.9652940928936,right_blink
1761185207.961563,-1527.9810056965798,-1227.3117487588897,1160.2441228535026,263.3113962803036,right_blink
1761185207.9771557,-1598.4631602615118,-1335.0844457820058,1175.0316872783005,224.592212039046,right_blink
1761185207.9771557,-1657.92008975707,-1392.6863848995417,1139.121167903766,164.2601459538564,right_blink
1761185207.9778852,-1573.832179153338,-1288.9228606289253,1186.9619681369513,186.0862020952627,right_blink
1761185207.9778852,-1611.7360652042553,-1318.606446577236,1210.7926106546074,297.0340741807595,right_blink
1761185207.9916112,-1670.0224060136825,-1398.9170582257211,1131.2075395975262,181.7853171462193,right_blink
1761185207.9916112,-1639.901251770556,-1351.6335030859336,1149.9182590758428,210.4366907067597,right_blink
1761185208.0073555,-1605.0379043836147,-1349.6775354091078,1202.0225452585146,239.88092305790633,right_blink
1761185208.0073555,-1657.3628446636721,-1387.4916638610885,1155.7861621063203,202.57168109994382,right_blink
1761185208.0078914,-1674.5888238595799,-1364.4538801340386,1130.2875242084265,172.29345105867833,right_blink
1761185208.0078914,-1620.1246608048677,-1315.8389206100255,1157.1325260903686,277.25748321507126,right_blink
1761185208.0214963,-1651.3266461351886,-1370.2881240649149,1165.46128329169,173.20224674791098,right_blink
1761185208.0214963,-1680.654941587709,-1394.8443071739748,1104.3101791162044,191.17246603500098,right_blink
1761185208.0373468,-1621.1568731926382,-1310.0009367791936,1118.581637347117,205.01009587105364,right_blink
1761185208.0373468,-1631.4752571703866,-1328.532141059637,1128.5297712292522,252.6003228072077,right_blink
1761185208.03793,-1676.3503167387098,-1375.232271806337,1057.2397982738912,127.8410001853481,right_blink
1761185208.03793,-1656.4278696747497,-1337.915550048463,1080.711410395801,270.11053439974785,right_blink
1761185208.0515404,-1606.866715461947,-1294.364415064454,1049.6852003633976,242.4502343274653,right_blink
1761185208.0515404,-1646.4797357926145,-1336.722521962598,1036.655388917774,187.17825288232416,right_blink
1761185208.0672991,-1673.1078234771267,-1355.0517716454342,985.5010373238474,183.827302522026,right_blink
1761185208.0672991,-1580.2049686778337,-1263.5887783290818,1009.0923262443393,288.7314962791279,right_blink
1761185208.0680344,-1630.0877542868257,-1323.3972584204748,977.9950581127778,201.47963031288236,right_blink
1761185208.0680344,-1661.63381041307,-1351.3904095888138,939.2197753721848,152.71133489068598,right_blink
1761185208.0814981,-1594.8391972044483,-1259.003660983406,945.9141962928697,291.5102419462055,right_blink
1761185208.0814981,-1622.2975426791236,-1286.1740341614932,919.776035502553,224.63709083851427,right_blink
1761185208.0972483,-1637.2683622017503,-1331.36698522605,888.3047773754224,180.40529406256974,right_blink
1761185208.0972483,-1577.2541876127943,-1241.3326336927712,932.4617761522532,247.88056906312704,right_blink
1761185208.0979512,-1589.6145569663495,-1247.4772893199697,922.4351043710485,312.09091140236706,right_blink
1761185208.0979512,-1640.4285776643082,-1304.6304404428229,823.7728036399931,191.14628673531115,right_blink
1761185208.1114764,-1626.0037835352123,-1301.2009521834552,811.206739788875,221.87330477125943,right_blink
1761185208.1114764,-1562.2235296908766,-1218.552903062664,855.7975669605657,299.16581715550274,right_blink
1761185208.1271877,-1609.447246431373,-1283.0362580986694,809.6135424077511,232.98828743956983,right_blink
1761185208.1271877,-1641.9320174464956,-1308.1309868013486,744.4495255798101,192.5038704192266,right_blink
1761185208.1279464,-1553.2477697972208,-1190.7953655915335,802.2870783945546,322.49905297905207,right_blink
1761185208.1279464,-1581.611171061173,-1246.0187283372506,789.8332115421072,263.99953787215054,right_blink
1761185208.1414812,-1638.5474079865962,-1302.2219448713586,734.284477500245,191.9391455259174,right_blink
1761185208.1414812,-1577.9722484042868,-1216.9036071822047,717.8438772950321,271.6476332815364,right_blink
1761185208.157251,-1551.18334502168,-1202.0636841580272,685.160891582258,352.45191172417253,right_blink
1761185208.157251,-1586.7161345006898,-1246.4637764319777,678.6946045588702,242.77560562361032,right_blink
1761185208.1579435,-1565.559520451352,-1213.8630685182288,650.4807992931455,268.9436856135726,right_blink
1761185208.1579435,-1520.7255997825414,-1166.3738188808784,645.734866249375,322.1849013827741,right_blink
1761185208.1721425,-1554.9157651774585,-1207.2621450964361,660.8702413700521,264.63158096466213,right_blink
1761185208.1721425,-1593.4367347210646,-1243.3559195687994,547.2184216165915,262.58959558885545,right_blink
1761185208.172902,-1541.2109017898329,-1171.6040689689107,579.667663582135,332.0975062153302,right_blink
1761185208.1866012,-1535.6197513560764,-1167.8043306139298,562.1275327899493,310.40234657237306,right_blink
1761185208.1866012,-1585.9101860602386,-1233.7537264325656,511.7847394864075,199.9705806807615,right_blink
1761185208.2021496,-1499.7840299806558,-1153.992880077567,563.047548179049,329.2028236496262,right_blink
1761185208.2021496,-1557.236373099964,-1179.5401366748847,518.4866402070038,342.5841856910847,right_blink
1761185208.202917,-1591.995003288146,-1203.127685695421,463.379214359913,288.9241011268459,right_blink
1761185208.202917,-1541.8092857827432,-1170.3250231840648,431.30957223987207,339.3267328296788,right_blink
1761185208.216513,-1539.1427371143363,-1167.0077319233678,452.0847164937295,323.5705343163572,right_blink
1761185208.216513,-1535.8329256535508,-1171.1141420747153,484.4311112104915,276.54503227351233,right_blink
1761185208.2322888,-1556.9072619038634,-1201.100659919437,457.5599300288595,263.08139243302867,right_blink
1761185208.2322888,-1523.3267002017237,-1143.3977435030974,444.05889118881896,357.8167982106097,right_blink
1761185208.2329416,-1541.9252226813696,-1156.8352040438913,435.0868711951189,332.7968675070442,right_blink
1761185208.2329416,-1582.6078543993644,-1197.2859619646333,405.22750994889066,269.3045859592967,right_blink
1761185208.2464845,-1561.7878313460387,-1163.8175972611643,382.29818332055584,310.6828390690498,right_blink
1761185208.2464845,-1490.2024062941782,-1109.2300175079145,445.16964147565886,355.68505523586646,right_blink
1761185208.2621129,-1547.987600509543,-1187.04985578591,409.93978389305994,291.6430083946325,right_blink
1761185208.2621129,-1542.5797051736154,-1176.3799212123267,365.35643652128056,309.07094218814746,right_blink
1761185208.262864,-1537.3401053356938,-1145.6977819758467,355.931888632942,295.5399841484614,right_blink
1761185208.262864,-1493.486038455274,-1100.4001137125306,398.7724426253699,358.3703034040518,right_blink
1761185208.2765172,-1574.7540644924156,-1186.1971585960127,318.013042982202,302.9823850602843,right_blink
1761185208.2765172,-1522.5974197103642,-1122.4954426507466,314.792989120353,350.0789452022873,right_blink
1761185208.307882,-1510.1959114572965,-1117.2371433130465,342.01198099786416,323.34614031901583,right_blink
1761185208.307882,-1528.5849995394237,-1135.345738898497,298.59548241226,341.447256104555,right_blink
1761185208.3086023,-1552.2623061588965,-1134.7361352057196,280.7524197236635,317.77368938503787,right_blink
1761185208.3086023,-1512.4398514307104,-1088.5483707529493,279.49581333855167,369.6423618705012,right_blink
1761185208.309384,-1542.4974273745902,-1137.1633302769624,259.44994957605377,296.0037317429669,right_blink
1761185208.309384,-1532.9307632879354,-1126.6168124019168,240.30540170287713,329.6254323446192,right_blink
1761185208.322368,-1496.1974659231491,-1093.0287708998658,281.747233111877,381.03409713553265,right_blink
1761185208.322368,-1496.332102321554,-1090.39588133106,302.3540818677284,356.5863711251877,right_blink
1761185208.322965,-1554.5212057321332,-1157.429848136846,224.33976879203692,301.43780637858436,right_blink
1761185208.322965,-1519.089393551927,-1089.2813911442645,253.694243544247,356.5676716254093,right_blink
1761185208.336438,-1497.6448072060011,-1076.5432918951847,300.7234854870476,372.06581704178825,right_blink
1761185208.336438,-1541.4652149868198,-1129.5040151677094,268.78847976541147,304.9121734374203,right_blink
1761185208.3521757,-1506.257796803955,-1109.3459544065408,253.63814504491165,347.4722349331714,right_blink
1761185208.3521757,-1492.943752961699,-1079.1948809637688,294.25345856370404,363.4154284442775,right_blink
1761185208.3530903,-1545.2948725414462,-1119.3501867880113,223.9059403971769,336.42457046406344,right_blink
1761185208.3530903,-1547.3443377171643,-1122.7048770482652,215.35652909846976,321.6183065394871,right_blink
1761185208.3664289,-1493.7814905517735,-1090.758651626762,263.0963520328514,362.13638265943155,right_blink
1761185208.3664289,-1508.9505247720517,-1093.8478089901619,294.6087490594946,345.8565981523134,right_blink
1761185208.3822217,-1541.2670002891682,-1140.099151742179,262.9504959345795,313.66727923369035,right_blink
1761185208.3822217,-1502.929285843391,-1085.9865392833017,258.7057094848715,333.49996869871393,right_blink
1761185208.3829937,-1472.2060077073984,-1053.9842153624631,284.7054939768277,386.91695976583287,right_blink
1761185208.3829937,-1532.2463615960442,-1119.8288939823397,268.1564366728999,318.4767905767076,right_blink
1761185208.3964891,-1551.0842376728542,-1120.5506946737878,236.0905344528146,302.1633469699882,right_blink
1761185208.3964891,-1473.114803396631,-1054.346985658165,308.6371137932874,386.4345126715489,right_blink
1761185208.4122329,-1525.7052765735425,-1121.3061544648372,279.7127275359817,286.8260172517039,right_blink
1761185208.4122329,-1546.2896859296598,-1135.8506253925152,246.9100650246255,288.09758323663846,right_blink
1761185208.4129531,-1521.0528410286643,-1100.6207678099163,298.3000303157605,333.9637162932195,right_blink
1761185208.4129531,-1501.867154255975,-1083.2601522156037,272.7789530181326,307.4291261075996,right_blink
1761185208.4266272,-1556.5332719082944,-1131.18697014777,210.8948284513317,253.97099614096805,right_blink
1761185208.4266272,-1507.211471292656,-1076.3413372975774,248.45838360628113,327.6245858683251,right_blink
1761185208.4422245,-1465.6424832851626,-1046.0705870562233,318.5328890760429,364.9637470259331,right_blink
1761185208.4422245,-1559.9328409680165,-1153.9779204777442,249.8758056894876,232.15615969942883,right_blink
1761185208.442929,-1528.0240145460702,-1108.246423819568,252.6246321569197,289.0512577253394,right_blink
1761185208.442929,-1482.3560961871408,-1051.0970125966705,291.2615385991521,332.59491290943697,right_blink
1761185208.4564755,-1529.8528256244026,-1117.6148732085712,260.4111038646661,265.23931470746174,right_blink
1761185208.4564755,-1539.785999906715,-1128.2474087825976,245.63101923977956,245.26824894407764,right_blink
1761185208.4879072,-1492.2406517700292,-1050.0685401088558,282.7831853996031,336.97807565750554,right_blink
1761185208.4879072,-1499.731671381276,-1080.9376743431203,283.3441703929566,291.2278794995509,right_blink
1761185208.4886005,-1545.0368194445036,-1140.2337881405838,227.59722165344283,236.40094614913687,right_blink
1761185208.4886005,-1506.246577104088,-1071.8758967504837,256.23363561416045,294.8555824565701,right_blink
1761185208.4893365,-1493.9759653494693,-1077.6877012816258,302.25310456892475,292.2002534880303,right_blink
1761185208.4893365,-1539.9505555047654,-1108.691471914295,265.1458172085695,277.88017655769363,right_blink
1761185208.5021696,-1545.7660999358632,-1118.0674011032097,219.21610585274175,262.2847937424667,right_blink
1761185208.5021696,-1481.7053535948507,-1063.1357505540363,284.12954938365147,322.85247352486476,right_blink
1761185208.5029323,-1516.1872311863117,-1118.643345696386,262.71114233741537,240.80654829693958,right_blink
1761185208.5029323,-1515.2821753970347,-1092.80811680248,253.86253904225305,317.52311608800665,right_blink
1761185208.516602,-1495.6776198293082,-1077.4745269841515,250.89305847743526,293.5204381723888,right_blink
1761185208.516602,-1504.8964732200839,-1099.0761891282164,238.55512852361426,261.01696765748784,right_blink
1761185208.5323105,-1542.5198667743243,-1107.666739326436,222.66803351184353,258.71318928478286,right_blink
1761185208.5323105,-1491.1897398824804,-1044.301614377182,261.2862404542975,343.82957237632945,right_blink
1761185208.533066,-1514.627692904789,-1090.1004292345606,277.8539972580038,273.7326275068335,right_blink
1761185208.533066,-1548.2905324059539,-1134.9156504035927,243.8396071610041,223.21031900541857,right_blink
1761185208.5466652,-1489.7087395000271,-1083.7313796100207,250.40687148319557,303.96597874863073,right_blink
1761185208.5466652,-1474.296611782629,-1066.1575897182338,271.79535932978615,308.9886643891223,right_blink
1761185208.5623024,-1540.8182122944854,-1122.719836648088,242.10429358156398,223.66658680001274,right_blink
1761185208.5623024,-1564.1140491184779,-1125.8950117104687,223.36739480355754,210.5956364548765,right_blink
1761185208.562951,-1475.190447872039,-1036.0476551749744,262.22869524313137,327.8489798656665,right_blink
1761185208.562951,-1499.769070380833,-1080.2644923510961,254.40856443578377,262.19129624357447,right_blink
1761185208.5766249,-1547.9315020102076,-1127.3049539937638,221.44508622633293,236.8684336435981,right_blink
1761185208.5766249,-1512.9671773244627,-1090.7062930273823,249.36717929551378,277.71936085959896,right_blink
1761185208.592264,-1464.8010057951324,-1050.4836690039374,314.1310268281959,301.598622076679,right_blink
1761185208.592264,-1546.5178198269568,-1140.0542729427107,215.05733710201457,205.09798352001235,right_blink
1761185208.5930111,-1514.6912712040357,-1083.6004831115715,236.5767214470543,257.7782142958604,right_blink
1761185208.5930111,-1487.0870696310885,-1061.572472372558,271.76170023018494,277.1471561663784,right_blink
1761185208.6064768,-1521.4866694235243,-1105.9576050466858,269.78703305358067,239.87905310792848,right_blink
1761185208.6064768,-1531.5507402042858,-1118.4039920992218,218.3858480625786,231.7933894037269,right_blink
1761185208.6221943,-1471.8020985121839,-1045.2029302665032,259.1432777796872,300.2784373923205,right_blink
1761185208.6221943,-1496.3695013211109,-1095.8075165669434,274.38337009912357,254.00091534061357,right_blink
1761185208.6229184,-1538.3199591240846,-1146.1241305707954,223.22527860524133,214.46643290901557,right_blink
1761185208.6229184,-1486.5896629369818,-1070.3537574685179,239.40034591360018,278.2317271535285,right_blink
1761185208.6365244,-1477.7036606422625,-1074.2544731223024,282.3007383053191,253.42497074743733,right_blink
1761185208.6365244,-1533.140197685454,-1126.4036381044425,247.07462062267587,201.30572496494278,right_blink
1761185208.652216,-1515.592587093357,-1093.9974049883895,251.0987529749982,254.16921083861962,right_blink
1761185208.652216,-1473.114803396631,-1057.1032919255085,279.6304497369565,278.0409922557883,right_blink
1761185208.6528692,-1537.7552342307754,-1125.1021529198624,243.49553636508062,206.84451679931954,right_blink
1761185208.6528692,-1536.2929333481006,-1105.3293018541299,212.66006123041734,230.58166181808338,right_blink
1761185208.6664495,-1473.5074928919785,-1052.0058082859032,273.2240011128597,291.6654477943666,right_blink
1761185208.6664495,-1497.237158110831,-1086.4951656772755,283.53864519065246,237.14518624031916,right_blink
1761185208.6821716,-1533.3870310825296,-1135.0428070020862,227.48128475481644,211.90460143936798,right_blink
1761185208.6821716,-1488.7849842109717,-1067.3992365035228,262.0230007455684,269.97402805136517,right_blink
1761185208.6829512,-1493.280343957711,-1074.0525185246952,284.99346627341583,239.99125010659918,right_blink
1761185208.6829512,-1538.5480930213816,-1123.5463545382954,243.77228896180168,202.3416772526689,right_blink
1761185208.6965587,-1508.9206055724062,-1087.98364585964,243.0579680702649,255.78858751943335,right_blink
1761185208.6965587,-1479.4314944217913,-1061.4079167745076,289.4626467204653,255.05182722816244,right_blink
1761185208.7121818,-1508.6064539761283,-1115.3447539354675,276.76194647094235,200.61758337309584,right_blink
1761185208.7121818,-1521.3894320246764,-1118.9649770925753,238.05024202959612,206.42190810432658,right_blink
1761185208.7129822,-1500.6442069704644,-1080.0064392541535,276.31689837621525,244.27343555586413,right_blink
1761185208.7129822,-1497.670986505691,-1071.3373511568643,293.36710227420554,237.6463328343816,right_blink
1761185208.726529,-1554.1060768370517,-1133.5094480202533,249.92816428886726,187.64387042680755,right_blink
1761185208.726529,-1498.5648225951008,-1078.4880398721434,238.6149669229053,243.34220046689734,right_blink
1761185208.742193,-1480.1645148131065,-1085.8818220845424,286.9793531498872,239.60604041116312,right_blink
1761185208.742193,-1539.2287548133172,-1119.982229880523,266.6193377911113,207.05395119683817,right_blink
1761185208.7429833,-1507.1703323931433,-1089.0869163465686,267.3411384825595,224.40708699123934,right_blink
1761185208.7429833,-1476.9519407511689,-1074.9388748141937,287.02423194935545,240.96362409507856,right_blink
1761185208.7565317,-1527.85945894802,-1116.7434765188955,271.05859903851524,207.92534788651392,right_blink
1761185208.7565317,-1529.8565655243583,-1117.4054388110526,238.95903771882877,206.35085000516847,right_blink
1761185208.7721872,-1461.0648457393982,-1064.8261853340082,301.7594377747737,259.5845859744586,right_blink
1761185208.7721872,-1495.5018445313908,-1096.8210294549353,318.0280025820248,221.4974448257126,right_blink
1761185208.7729917,-1547.527592814993,-1151.846177503001,224.81099618645385,173.83241989044473,right_blink
1761185208.7729917,-1487.6555344243534,-1063.9547886443324,268.90815656399354,259.00864138128236,right_blink
1761185208.786456,-1472.198527907487,-1063.5060006496496,296.5011384370737,256.67494380893186,right_blink
1761185208.786456,-1546.4093627282418,-1137.2418681760319,261.1403843560256,170.07008053502068,right_blink
1761185208.80201,-1513.023275823798,-1087.8490094612353,260.3325659655966,226.5014309664257,right_blink
1761185208.80201,-1482.7188664828427,-1082.9347809194587,312.6874254452996,240.33532090252265,right_blink
1761185208.8172631,-1528.0053150462918,-1122.8245538468473,305.0879487353377,190.23562109610066,right_blink
1761185208.8172631,-1539.038019915577,-1119.473603486549,255.4706960231997,195.60237753251567,right_blink
1761185208.8178935,-1483.257412076462,-1074.5237459191121,280.8496571225114,251.19599037384614,right_blink
1761185208.8178935,-1517.6644916688092,-1111.0588285862468,293.6475947708823,199.53675228590146,right_blink
1761185208.8323636,-1550.9832603740506,-1142.186015917454,247.55706771695986,163.48037681309506,right_blink
1761185208.8323636,-1482.6777275833301,-1066.987847508397,301.4639856782742,261.72380874911323,right_blink
1761185208.8329697,-1504.7767964215018,-1093.7767508910038,322.8786528245546,203.42624823981896,right_blink
1761185208.8329697,-1553.2234604475088,-1150.4137958199717,268.6987221664749,173.83615979040042,right_blink
1761185208.8464313,-1515.0428217998706,-1105.8902868474834,270.31435894733295,217.06566337822005,right_blink
1761185208.8464313,-1475.0595513735898,-1062.7281014588661,323.9557440117933,248.5780604048632,right_blink
1761185208.862182,-1524.179397391621,-1118.2057774015702,304.541923341807,191.98963417531922,right_blink
1761185208.862182,-1544.7226678482257,-1122.8133341469802,268.9904343630187,195.06757183885202,right_blink
1761185208.8629303,-1474.3751496816985,-1054.9191903513856,347.24410103587434,267.8909037760459,right_blink
1761185208.8629303,-1505.9473851076327,-1105.3592210537754,294.5750899598934,183.8142128721811,right_blink
1761185208.876509,-1521.7409826205112,-1122.9741498450749,273.8074255059473,201.35808356432244,right_blink
1761185208.876509,-1499.5820753830485,-1074.6022838181816,294.9677794552408,218.76731785805896,right_blink
1761185208.8926148,-1475.8000515648164,-1052.9781822743826,368.17258118791506,258.8066867836751,right_blink
1761185208.8926148,-1538.024507027585,-1124.0437612324022,298.2252323166467,196.98614051612094,right_blink
1761185208.8929288,-1523.6894704974256,-1113.5608216566034,280.3746898281388,224.36594809172675,right_blink
1761185208.8929288,-1467.2356806662865,-1041.9641769048758,343.7435546773486,285.76388566428795,right_blink
1761185208.9064443,-1542.2281545777805,-1134.0853926134296,311.1278871637769,168.94437064835802,right_blink
1761185208.9064443,-1517.3690395723097,-1098.5638228342868,295.03135775448754,211.44085384486243,right_blink
1761185208.9224007,-1495.0231373370625,-1055.0201676501893,328.4623234583996,247.7328430148773,right_blink
1761185208.9224007,-1487.8874082216062,-1089.8685554373078,333.63834499707446,227.02875686017796,right_blink
1761185208.9230244,-1557.7113403943367,-1152.1416295995004,272.35260442318395,148.6030547893606,right_blink
1761185208.9230244,-1486.2194128413685,-1051.3775050933473,336.1777370669879,269.82443205313757,right_blink
1761185208.9365568,-1502.4206594494171,-1080.5449848477729,345.2918732590042,226.68842596421018,right_blink
1761185208.9365568,-1569.0357574601658,-1149.0262929364108,274.57410499686375,150.6413002652116,right_blink
1761185208.9522483,-1498.5199437956326,-1086.7457389743067,307.0177371124737,235.26401656260714,right_blink
1761185208.9522483,-1461.7155883316882,-1051.8225531880744,347.8611845285632,261.6602304498665,right_blink
1761185208.9529524,-1525.7314558732323,-1123.4378974395804,330.2200764375739,167.60174656426534,right_blink
1761185208.9529524,-1551.2263538711704,-1144.2504406929947,267.94326237542555,166.89864537259564,right_blink
1761185208.966545,-1467.568531762343,-1047.267355042044,340.3926043170504,259.8426390714012,right_blink
1761185208.966545,-1519.1342723513953,-1099.984984817449,356.98280052049085,199.86586348200217,right_blink
1761185208.982258,-1552.2024677596055,-1142.1448770179413,292.6490414827131,175.4368369714357,right_blink
1761185208.982258,-1499.4287394848652,-1085.4180744900368,331.92921071732417,212.36460913391784,right_blink
1761185208.9829972,-1457.2464078846388,-1043.4489171872847,378.1992529691197,280.06053823186085,right_blink
1761185208.9829972,-1541.1323638907634,-1137.0698327780701,303.96223884867504,176.92905705375597,right_blink
1761185208.996534,-1525.0320945815183,-1110.5763814919628,301.9090337730013,203.6356826373376,right_blink
1761185208.996534,-1486.5597437373362,-1063.0272934553213,343.35460508195683,246.40517853060737,right_blink
1761185209.0122273,-1528.5737798395567,-1105.9688247465529,334.8837316823192,210.21790655935183,right_blink
1761185209.0122273,-1540.2609672010876,-1129.1262852721848,316.5357824997045,181.56653299881145,right_blink
1761185209.013004,-1474.9398745750077,-1068.9737343848683,363.4603072437458,240.51857600035146,right_blink
1761185209.013004,-1528.1287317448296,-1111.7133110784926,346.2156285480596,173.48834909452125,right_blink
1761185209.0265806,-1524.2018367913552,-1114.6603522435762,301.0974754826166,185.86367804789916,right_blink
1761185209.0265806,-1498.418966496829,-1083.6117028114386,317.1416462925263,222.46981881419197,right_blink
1761185209.0421093,-1499.2903631865047,-1116.9005523170345,345.09365856135264,180.48196201166138,right_blink
1761185209.0421093,-1536.0797590506263,-1139.6615834473632,337.5428005508147,162.7286569220014,right_blink
1761185209.042961,-1505.2629834157415,-1080.1709948522039,347.2179217361845,234.81896846788004,right_blink
1761185209.042961,-1502.6450534467585,-1087.4675396657549,357.4166289153509,207.55509779090062,right_blink
1761185209.056484,-1516.3779660840519,-1123.684730836656,331.04285442782566,176.48774885898456,right_blink
1761185209.056484,-1532.0294473986141,-1132.1219451366924,307.1336740111001,184.97358185844496,right_blink
1761185209.0722857,-1473.0736644971184,-1060.5664392844774,359.9373214854859,248.55188110517338,right_blink
1761185209.0722857,-1509.7022446631454,-1110.7409370900132,361.68759466474876,183.9563290704973,right_blink
1761185209.0730436,-1546.274726329837,-1137.5448000724427,328.8811922534369,178.33151953713968,right_blink
1761185209.0730436,-1487.5433374256827,-1082.8861622200347,356.6761287241243,229.28391653345898,right_blink
1761185209.0866213,-1480.4337876099162,-1087.4039613665082,372.5931429355405,210.17302775988355,right_blink
1761185209.0866213,-1545.672602436971,-1152.2463467982598,325.3544665952213,142.98198515595868,right_blink
1761185209.1023684,-1512.8400207259692,-1105.134827056434,314.7256709211506,198.47462069848552,right_blink
1761185209.1023684,-1463.2414675136097,-1046.1603446551599,376.0824695941992,257.071373204235,right_blink
1761185209.1030076,-1511.8227679380216,-1127.0319412969984,351.5487258848734,181.39075770089403,right_blink
1761185209.1030076,-1514.0106094121002,-1134.2050694120117,323.6902111149393,195.69213513145223,right_blink
1761185209.1166315,-1472.6772351018153,-1055.554973343853,346.4362826454453,254.67035743268207,right_blink
1761185209.1166315,-1518.4947494589724,-1095.8523953664117,342.57296599121764,212.46558643272147,right_blink
1761185209.1321516,-1542.8751572701149,-1153.749786580447,307.2832700093277,166.48725637746975,right_blink
1761185209.1321516,-1490.1612673946656,-1083.3835689141415,338.08508604438975,232.6086875940673,right_blink
1761185209.1328876,-1485.3667156514712,-1077.975673578214,372.4211075375788,232.2010384988971,right_blink
1761185209.1328876,-1545.0629987441935,-1153.6824683812447,328.60069975676015,152.13352034753188,right_blink
1761185209.1466308,-1523.3080007019453,-1112.7193441665731,321.3939125421457,200.3408307763748,right_blink
1761185209.1466308,-1480.145815313328,-1064.2165816412307,367.7798916925676,242.81487457314506,right_blink
1761185209.1622128,-1542.7741799713112,-1130.7120028533973,342.954435786698,172.68053070409223,right_blink
1761185209.1622128,-1538.832325418014,-1141.378197527025,310.1667328751646,171.72311631543562,right_blink
1761185209.1629045,-1463.177889214363,-1053.045500473585,378.59194246446714,252.71812965581194,right_blink
1761185209.1629045,-1524.6468848860823,-1131.3328262460418,354.1068174545653,167.70272386306897,right_blink
1761185209.1772068,-1541.6409902847372,-1134.3135265107267,319.41176556563005,183.16347027989104,right_blink
1761185209.1772068,-1495.6514405296184,-1059.870817892719,357.54004561388865,245.93395113619044,right_blink
1761185209.178033,-1517.7785586174577,-1114.263922848273,355.9000994833186,169.06778734689578,right_blink
1761185209.1915257,-1546.9535181717947,-1157.441067836713,323.03011877276003,144.1189147424884,right_blink
1761185209.1915257,-1493.630024603568,-1074.1310564237647,361.52116911672056,257.8866713945754,right_blink
1761185209.207245,-1493.6487241033465,-1087.587216464337,383.04803326167166,209.492365967948,right_blink
1761185209.207245,-1561.554087598808,-1152.979367189575,358.74242344964296,117.4796073581092,right_blink
1761185209.207904,-1536.8370887916535,-1146.5205599660985,328.6399687062949,191.847517977003,right_blink
1761185209.207904,-1484.6991435093805,-1057.772734017577,379.2894338062033,252.48625585855916,right_blink
1761185209.221533,-1522.2215597648174,-1122.6562583488412,356.2890490787104,158.30435527442023,right_blink
1761185209.221533,-1563.4165577767417,-1156.2629993506707,321.20504759438336,135.66674084262922,right_blink
1761185209.2371907,-1518.3881623102352,-1092.2022530096583,362.770295701921,233.77179648028687,right_blink
1761185209.2371907,-1500.2982662245631,-1094.1769201862626,408.9692798545584,213.16868762439117,right_blink
1761185209.2378576,-1531.354395456612,-1126.5644538025372,362.7665558019653,168.8022544500418,right_blink
1761185209.2378576,-1537.929139578715,-1147.2087015579455,311.1110576139763,153.47988433158025,right_blink
1761185209.2515008,-1486.6289318865165,-1079.7296866574325,369.3936585234478,209.817737264093,right_blink
1761185209.2515008,-1541.5269233360887,-1150.7915257154964,348.502577370964,137.96677931537852,right_blink
1761185209.2671576,-1546.732864074409,-1147.2049616579898,328.65492830611765,165.77667538588867,right_blink
1761185209.2671576,-1506.5850380500779,-1101.9110332946293,389.64147688355297,207.57379729067907,right_blink
1761185209.2678435,-1507.7070080367848,-1114.323761247564,381.6530505781993,168.63769885199144,right_blink
1761185209.2678435,-1559.216650126502,-1147.5228531542234,326.6316424300894,154.34380122134462,right_blink
1761185209.2815428,-1506.8804901465774,-1092.205992909614,350.22293135058135,211.54931094357744,right_blink
1761185209.2815428,-1509.2515867184848,-1111.406639282126,371.82833339460194,173.00590200023726,right_blink
1761185209.2971263,-1536.0180507013574,-1140.6189978360198,363.204124096781,174.63649838091806,right_blink
1761185209.2971263,-1509.068331620656,-1100.2093788147904,360.309441531077,201.7470331597142,right_blink
1761185209.2979405,-1489.8228064486757,-1082.2728186273016,410.66345453448594,207.8542897873558,right_blink
1761185209.2979405,-1529.3348494805396,-1139.964515343774,380.67319678980857,162.68003822257742,right_blink
1761185209.3115263,-1542.114087629132,-1128.905631174799,335.151134529151,173.6229854929261,right_blink
1761185209.3115263,-1492.5604132162407,-1071.7562199519016,378.0290875211358,236.49070374807343,right_blink
1761185209.327276,-1516.6079699313268,-1121.0855003674515,381.89614407531917,164.6135664996691,right_blink
1761185209.327276,-1529.1179352831095,-1137.8626915686764,356.2479101791978,184.82398586021736,right_blink
1761185209.3279464,-1494.8754112888128,-1085.5153118888848,365.5714807687327,220.43157333834097,right_blink
1761185209.3279464,-1503.8773504821584,-1117.992603104096,399.3652167683467,190.45627519348636,right_blink
1761185209.341519,-1566.4383969409391,-1170.986985476222,348.37542077247053,144.66868003597483,right_blink
1761185209.341519,-1516.3947956338525,-1094.5546500817873,346.2399378977716,224.74741788720712,right_blink
1761185209.3571732,-1489.4188972534612,-1082.908601619769,384.02040725015104,231.43061910802498,right_blink
1761185209.3571732,-1537.1624600877985,-1146.442022067029,368.245509237051,156.13895320007578,right_blink
1761185209.3579361,-1533.1271080356091,-1123.7707485356368,344.643000616692,172.19434370985255,right_blink
1761185209.3579361,-1493.5178276048973,-1091.517851317767,391.54508596099913,217.0881027779542,right_blink
1761185209.3715951,-1517.726200018078,-1118.703184095677,394.43228872679174,178.2118427385576,right_blink
1761185209.3715951,-1566.849785936065,-1167.8828685129993,353.3981064129621,122.8538435944356,right_blink
1761185209.3871653,-1483.9736029179767,-1084.9281475958414,374.8127735592425,228.12080764723942,right_blink
1761185209.3871653,-1501.7680469071493,-1096.2039459622465,366.315720859915,194.67488234350458,right_blink
1761185209.3879156,-1557.7730487436056,-1156.1433225520886,332.02457816619426,140.46129258582368,right_blink
1761185209.3879156,-1530.5914558656514,-1121.7025838601403,346.58774859365076,193.45193505799398,right_blink
1761185209.4014585,-1486.7224293854088,-1079.8157043564133,395.87215020973235,218.24747176421806,right_blink
1761185209.4014585,-1541.0070772422478,-1135.816966292914,395.64775621239096,169.74096933891997,right_blink
1761185209.4172103,-1560.192764014937,-1157.104476840701,324.65697525348514,148.41605979157612,right_blink
1761185209.4172103,-1478.965876877308,-1073.656089129392,369.7975677186623,230.308649121318,right_blink
1761185209.4179516,-1486.370878789574,-1085.560190688353,402.66006862930954,225.50287767825648,right_blink
1761185209.4179516,-1561.8345800954849,-1163.181814268697,338.8274561855942,139.73201209446415,right_blink
1761185209.43149,-1505.6986817605793,-1080.7581591452472,397.28209249302745,227.25315085751936,right_blink
1761185209.43149,-1487.2460153792053,-1075.2679860102944,423.92887967731804,241.0608614939265,right_blink
1761185209.4473403,-1557.5187355466187,-1160.6947807981633,355.7205842854455,133.49759886832908,right_blink
1761185209.4473403,-1515.3850226458162,-1102.094288392458,366.34564005956054,201.4515810632147,right_blink
1761185209.4479606,-1488.6634374624118,-1079.0901637650095,405.3752359971404,222.33144251583144,right_blink
1761185209.4479606,-1532.5661230422556,-1133.0943191251718,371.996628892608,159.18323176400736,right_blink
1761185209.46153,-1550.0950341345742,-1151.54324560659,334.8220233330503,168.26370885642245,right_blink
1761185209.46153,-1444.1960269892588,-1038.583307344932,433.56286196317524,262.01552094565704,right_blink
1761185209.477265,-1519.813064193353,-1118.5049693980254,414.2350589921698,179.19543642690405,right_blink
1761185209.477265,-1556.5314019583166,-1169.550863893237,344.25779092125595,142.58181586069986,right_blink
1761185209.4779878,-1474.8295475263149,-1067.7657466991805,390.75222717039287,244.9129584482871,right_blink
1761185209.4779878,-1493.4579892056063,-1084.584076799918,423.8765210779384,231.29224280966446,right_blink
1761185209.4915283,-1555.8283007666469,-1174.977458728943,363.4771367935464,134.09598286123946,right_blink
1761185209.4915283,-1500.6647764202207,-1101.2565508023836,367.96875664032996,208.7481258767657,right_blink
1761185209.5072944,-1476.3068080088124,-1068.5960044893436,440.2049242844805,244.55392805254087,right_blink
1761185209.5072944,-1532.3828679444268,-1141.1687631295063,384.3756977459416,167.15295856958255,right_blink
1761185209.5080607,-1547.3686470668763,-1148.4428685433231,348.47639807127416,167.86727946111932,right_blink
1761185209.5080607,-1464.4962039487436,-1060.450502385851,412.8662556083873,246.33786033140495,right_blink
1761185209.521444,-1503.712794884108,-1096.0730494637974,399.0772444717586,203.01859914464876,right_blink
1761185209.521444,-1560.2376428144053,-1168.9038612009026,337.95979939587414,156.22123099910095,right_blink
1761185209.537352,-1474.743529827334,-1063.4499021503143,409.2722117509693,263.16367023205385,right_blink
1761185209.537352,-1483.1171658281237,-1085.994019083213,427.2760901376605,237.15266604023054,right_blink
1761185209.5381055,-1564.848939459771,-1176.3425222127698,354.62853349838406,137.9705192153342,right_blink
1761185209.5381055,-1483.8202670197934,-1076.1693018996157,363.843646989204,252.5834932574071,right_blink
1761185209.551508,-1475.854280114174,-1071.2251541581936,431.9360054824501,243.59277376392856,right_blink
1761185209.551508,-1539.6457536583766,-1139.4783283495344,378.70226951316,166.15440528141335,right_blink
1761185209.5672708,-1548.999243447557,-1145.454688478727,360.11870663333684,186.44710244098678,right_blink
1761185209.5672708,-1470.1546725817025,-1064.8598444336094,409.25725215114653,253.14821815071627,right_blink
1761185209.5679388,-1510.538112303242,-1112.1321798735298,411.2693183273077,202.57729094987735,right_blink
1761185209.5679388,-1556.5239221584052,-1163.436127465684,331.10082287713885,149.51933027850464,right_blink
1761185209.5814855,-1465.0422293422744,-1059.8446385930292,400.8611767506227,279.57809113757685,right_blink
1761185209.5814855,-1475.7907018149272,-1074.0450387247838,429.21709821466357,241.44981108931825,right_blink
1761185209.597252,-1576.8577582174912,-1179.9365660701878,359.3258478427306,140.03120409091935,right_blink
1761185209.597252,-1512.9166886750609,-1109.4357120054774,383.8895107517019,226.92777956137434,right_blink
1761185209.59789,-1456.1076083481312,-1058.9769818033092,425.0097107645124,245.5786606403999,right_blink
1761185209.59789,-1531.9303400497884,-1143.1396904061548,393.3028389401734,206.84825669927523,right_blink
1761185209.6115217,-1546.3252149792388,-1146.0418527717702,347.5676023820415,177.7742744437419,right_blink
1761185209.6115217,-1457.4016137328,-1050.8464392996393,429.6771059092134,285.8536432632245,right_blink
1761185209.62722,-1511.372109993361,-1140.5554195367731,421.9018539013341,161.80864153290167,right_blink
1761185209.62722,-1555.3346339724958,-1166.005438735243,370.1341587146744,146.3104961165227,right_blink
1761185209.6279674,-1473.8721331376582,-1059.534226896707,393.57959153689444,285.46843356778845,right_blink
1761185209.6279674,-1495.6944493791088,-1107.0421760338359,412.4099878137931,197.21427441341802,right_blink
1761185209.6416085,-1542.114087629132,-1157.7290401333012,398.16470888257027,158.36419367371127,right_blink
1761185209.6416085,-1510.9308017985895,-1098.9752118294127,392.97746764402837,216.1194686894305,right_blink
1761185209.6571712,-1475.4989896183833,-1072.3321645450778,417.87772154901177,250.5452477815561,right_blink
1761185209.6571712,-1509.887369710952,-1141.1500636297278,416.3742817668244,155.9856173018925,right_blink
1761185209.6579576,-1513.1597821721807,-1134.2312487117015,384.42057654540986,192.8161520655267,right_blink
1761185209.6579576,-1441.2901247236878,-1067.806885598693,485.0912035526708,182.4753286880441,right_blink
1761185209.6715453,-1504.0606055799872,-1134.3621452101506,391.43288896232843,244.19489765679464,right_blink
1761185209.6715453,-1547.3312480673194,-1170.2053463854827,349.29917606152594,155.55552880698815,right_blink
1761185209.687306,-1480.7834682557732,-1089.6591210397892,410.7083333339542,316.2141511035152,right_blink
1761185209.687306,-1446.7167195593938,-1069.6730956765823,473.1422231942415,104.60313181066886,right_blink
1761185209.6879988,-1555.888139165938,-1172.6213217568584,421.25111130904406,342.71508218953386,right_blink
1761185209.6879988,-1559.4036451242864,-1164.7525722500868,342.47385864239186,374.4182141139172,right_blink
1761185209.7015488,-1476.1198130110279,-1093.3653618958779,464.75736749358475,382.6085950168781,right_blink
1761185209.7015488,-1550.738296926953,-1179.8954271706752,493.6705340510234,249.3970984951593,right_blink
1761185209.7172115,-1556.6024600574747,-1189.256396759767,506.07204230409116,318.44687137706205,right_blink
1761185209.7172115,-1518.2236067121848,-1153.0616449886002,563.7936582202092,322.2727890317328,right_blink
1761185209.7179728,-1577.3514250116423,-1195.0420219912194,575.2115727849305,320.1410460569896,right_blink
1761185209.7179728,-1636.8794126063585,-1218.7155887107365,519.3262477470562,387.3919270602055,right_blink
1761185209.7315812,-1577.2841068124399,-1166.7982975258492,617.0386138893664,447.39488194929436,right_blink
1761185209.7315812,-1603.1417751060799,-1179.899167070631,655.5109647335485,415.79646722367033,right_blink
1761185209.7472491,-1677.9248146200553,-1261.971271598246,716.7293871082366,297.03594413073733,right_blink
1761185209.7472491,-1662.1199974073097,-1221.5055540776812,696.5563667472452,380.3384757437743,right_blink
1761185209.7479773,-1614.8289624676108,-1183.8634610236622,822.6545735532418,393.34210788970813,right_blink
1761185209.7479773,-1686.3283698204905,-1260.4715717160143,823.3015762455761,274.5853246967308,right_blink
1761185209.7615907,-1704.979250899516,-1282.4921026551165,752.6623458825052,275.91672908095643,right_blink
1761185209.7615907,-1629.8334410898387,-1171.0505637754686,831.708871345967,437.35325056826696,right_blink
1761185209.7772639,-1704.148993109353,-1273.9763504560106,832.1950583402067,363.73331994051114,right_blink
1761185209.7772639,-1741.016926872544,-1300.8213523379527,824.5918417302892,242.67649827478454,right_blink
1761185209.7778788,-1684.065730347298,-1237.1345959925093,849.0545273404568,367.3124041981064,right_blink
1761185209.7778788,-1681.6572347758338,-1243.4475471177138,854.49234187603,353.27655966440216,right_blink
1761185209.791558,-1743.8368114391342,-1317.1534954444505,822.1870860587806,226.7931431629695,right_blink
1761185209.791558,-1692.5478234468028,-1267.5736417318694,806.7039002422243,330.26121533708647,right_blink
1761185209.8072789,-1671.922275191173,-1232.9122489425354,866.7928728302941,364.95252732606605,right_blink
1761185209.8072789,-1721.5133486036211,-1305.2755731851794,826.113981012255,258.0213077929802,right_blink
1761185209.807888,-1704.870793800801,-1286.0824066125788,782.5778056280687,294.8219233569689,right_blink
1761185209.807888,-1666.3573040571064,-1239.0157656702213,809.6846005069092,289.4476871206425,right_blink
1761185209.82151,-1693.4304398363456,-1277.3422604161315,840.6696716398001,323.26386251999065,right_blink
1761185209.82151,-1747.6776886936277,-1334.9628990334459,753.8291946686804,317.51937618805096,right_blink
1761185209.8372128,-1668.4292086325586,-1240.52668525232,801.5016994038597,357.24085361743346,right_blink
1761185209.8372128,-1638.5474079865962,-1241.8805290362798,890.3392829513177,283.76303918799385,right_blink
1761185209.83792,-1718.715903436765,-1321.574057192076,836.8549736849964,234.19440517527983,right_blink
1761185209.83792,-1698.1875925799832,-1273.4228452625684,722.7955048363656,376.6696338872425,right_blink
1761185209.8515055,-1644.688323713839,-1230.4027760722674,780.5470399521291,332.6659710085951,right_blink
1761185209.8515055,-1678.51945871301,-1303.8057925025932,803.1509952843189,244.83068064926192,right_blink
1761185209.8672287,-1685.0717634353787,-1278.6100865011103,735.1184751903638,307.4328660075553,right_blink
1761185209.8672287,-1608.9872387368232,-1204.3057541814633,805.0097255622968,436.0368057838641,right_blink
1761185209.8680575,-1664.5696318782866,-1259.5926952264272,754.5921342596412,300.0877024945803,right_blink
1761185209.8680575,-1692.0354571528733,-1281.5496478662826,731.3598757348955,275.91672908095643,right_blink
1761185209.8815749,-1649.3893779581413,-1226.258966921363,736.58825587295,361.4145819679834,right_blink
1761185209.8815749,-1633.1208131508902,-1231.3938495605253,796.359336964786,307.2009922103025,right_blink
1761185209.8972392,-1663.9824675852433,-1267.783076129388,770.9167975662276,353.4149359627627,right_blink
1761185209.8972392,-1668.773279428482,-1225.944815325085,732.5790831204504,335.5120348748751,right_blink
1761185209.8980625,-1629.829701189883,-1207.4884090437554,736.1544274780899,327.396451971028,right_blink
1761185209.8980625,-1679.7947645979002,-1271.6501326835714,660.5261705741286,298.2289722166024,right_blink
1761185209.9116323,-1620.7454841975123,-1195.962037380319,687.9994756486267,361.0892106718384,right_blink
1761185209.9116323,-1639.6319789737463,-1220.301306291949,716.3703567124903,379.1716269575991,right_blink
1761185209.927156,-1653.1816365132108,-1263.6916255778633,705.7789600379765,289.27939162263647,right_blink
1761185209.927156,-1639.5123021751642,-1223.7083551515825,706.0856318343431,298.80491680977866,right_blink
1761185209.9278889,-1650.200936248526,-1204.7246229765005,659.8604683820158,413.67220404883847,right_blink
1761185209.9278889,-1642.6725176377222,-1219.9721950958483,667.8227153876796,326.78684827825055,right_blink
1761185209.9415717,-1668.2347338348627,-1241.0764505458064,689.1999835344031,248.75009580282494,right_blink
1761185209.9415717,-1634.1305861389264,-1199.810394434724,654.0000451514497,388.2708035497926,right_blink
1761185209.957213,-1605.9579197727144,-1187.109694185201,623.579698911868,360.84237727476284,right_blink
1761185209.957213,-1662.2583737056702,-1260.8904405110516,587.3288486413658,291.3026774986647,right_blink
1761185209.957868,-1658.630670748651,-1220.0619526947848,609.6971902763471,319.69973786221817,right_blink
1761185209.957868,-1607.229485757649,-1174.5473702340387,608.1638312945142,381.9054938252084,right_blink
1761185209.9714627,-1643.0053687337786,-1238.005992682185,586.7304646484554,287.39074214501306,right_blink
1761185209.9714627,-1650.7619212418795,-1237.2804520907812,534.8879714626819,325.7583757904358,right_blink
1761185209.9871516,-1614.7242452688515,-1192.6746653192677,561.456220747903,344.90666356356815,right_blink
1761185209.9871516,-1618.4192664250731,-1206.3439996573143,595.3771133460104,290.7416925053112,right_blink
1761185209.987867,-1631.0937873749062,-1228.069078499917,557.8995758900419,336.82099985936657,right_blink
1761185209.987867,-1614.4362729722634,-1185.0527492095716,508.1215074798092,357.704601211939,right_blink
1761185210.001544,-1581.3044992648065,-1185.0826684092171,572.021438122727,301.84545547375455,right_blink
1761185210.001544,-1624.5340028526261,-1213.5320873721503,486.7105802334845,344.72714836569503,right_blink
1761185210.0171175,-1632.870239853859,-1197.8170277583413,419.72897202707827,327.01498217554763,right_blink
1761185210.0171175,-1574.0004746513441,-1148.5700251418166,477.4094490436837,348.16037652501836,right_blink
1761185210.0178435,-1613.63219448179,-1194.4623374980874,456.5482870908454,304.758837539237,right_blink
1761185210.0178435,-1627.3239682195708,-1204.0963197839446,427.2087719384581,350.2584604001604,right_blink
1761185210.0314436,-1617.5964884348214,-1166.2859312319197,434.14628635626286,340.0223542214371,right_blink
1761185210.0314436,-1588.993733573705,-1142.7208216111176,461.46625553257763,360.50204637879506,right_blink
1761185210.0473228,-1631.6585122682154,-1182.4011601409875,371.4431236991659,327.85271976562217,right_blink
1761185210.0473228,-1606.287030968815,-1164.3224837551825,362.96851039957255,345.98001485085115,right_blink
1761185210.048088,-1576.0387201271951,-1146.6177973649465,399.6307496652007,336.9294569580816,right_blink
1761185210.048088,-1591.428408444859,-1168.8178435019217,414.6726272869855,323.22646352043375,right_blink
1761185210.0617497,-1628.311301807873,-1181.4886245517991,344.1942126220092,312.25733695039526,right_blink
1761185210.0617497,-1567.5229679280892,-1118.9986361921765,364.5804072804749,376.54247728874907,right_blink
1761185210.077145,-1608.3701552441344,-1152.4894402953796,334.1899802405387,346.5073407446034,right_blink
1761185210.077145,-1627.200551521033,-1178.51166418707,317.91019573342055,305.25250433338806,right_blink
1761185210.0780127,-1574.1986893489957,-1124.4102714280598,352.7698032204062,341.33879900584,right_blink
1761185210.0780127,-1569.3667386062443,-1132.1930032358505,355.6869251858443,350.20610180078074,right_blink
1761185210.0916173,-1608.4524330431595,-1158.985646518413,305.0374600859359,321.0573215461336,right_blink
1761185210.0916173,-1583.7092549363151,-1129.1075857724063,298.5524735627696,359.02852579625323,right_blink
1761185210.1072788,-1544.6160806994885,-1112.0274626747705,353.67485900968313,353.01476666750386,right_blink
1761185210.1072788,-1573.832179153338,-1133.9769355147146,358.2824157550931,328.41370475897565,right_blink
1761185210.107914,-1598.979266455397,-1157.5345653356053,264.3510884679854,291.3101572985761,right_blink
1761185210.107914,-1558.7379429321736,-1118.5236688978039,302.6588837141171,335.5045550749637,right_blink
1761185210.121533,-1526.87025540974,-1115.542968633119,321.8595300866291,337.5054015512578,right_blink
1761185210.121533,-1565.7951341485605,-1146.96186816087,283.6564520392567,304.0819156472571,right_blink
1761185210.1368763,-1523.3210903517902,-1102.5916950865649,321.414481991902,347.6629698309116,right_blink
1761185210.1368763,-1508.9972735214978,-1102.131687392015,369.60309292096645,300.25973789254203,right_blink
1761185210.1523273,-1520.815357381478,-1118.0935804028995,321.2536662938073,289.8665559156798,right_blink
1761185210.1523273,-1531.0739029599354,-1148.783199439291,279.56500148773193,307.821815602947,right_blink
1761185210.1530173,-1473.946931136772,-1085.6424684873782,355.2904957905412,329.78624804271385,right_blink
1761185210.1530173,-1498.5105940457433,-1127.3647923930548,354.6883718976751,276.4365751747973,right_blink
1761185210.1672556,-1509.790132312104,-1155.8478704555891,278.45425120089203,244.6212462517433,right_blink
1761185210.1672556,-1428.5557653745636,-1082.3663161261939,344.160553522408,279.4210153394379,right_blink
1761185210.1679585,-1444.2147264890373,-1108.9869240107946,373.3916115760803,309.9423388778232,right_blink
1761185210.1679585,-1507.534972638823,-1184.2112717195414,282.9122119480744,199.46943408669904,right_blink
1761185210.1822438,-1433.8477238118649,-1100.4524723119102,341.47904525417835,279.5593916377984,right_blink
1761185210.1822438,-1405.0317946532741,-1090.7436920269392,375.56075355038047,271.2680334360339,right_blink
1761185210.183108,-1481.5295782969333,-1170.889748077374,323.428418118041,176.88604820426553,right_blink
1761185210.1965208,-1443.6593513456173,-1122.0242152563296,308.69695219257846,204.23219668027014,right_blink
1761185210.1965208,-1397.6436222908087,-1096.6377743571065,361.0742510720156,240.10157715529203,right_blink
1761185210.2121768,-1464.8608441944234,-1157.4335880368017,333.5149282985367,197.59761415887624,right_blink
1761185210.2121768,-1460.6983355437405,-1152.6315564936958,284.3389837811701,178.76347798202187,right_blink
1761185210.212891,-1417.6932259532623,-1102.0494095929898,336.94441655790433,200.9485645191744,right_blink
1761185210.212891,-1425.247823863756,-1125.6519182133488,362.13638265943155,185.31952260434628,right_blink
1761185210.2264569,-1458.8732643653639,-1155.4701405600645,317.9120656833984,171.4183144690469,right_blink
1761185210.2264569,-1425.0570889660157,-1098.2085323384963,324.22127690864727,220.71019588503987,right_blink
1761185210.2422495,-1413.691533000674,-1102.3299020896666,357.0463788197376,190.77977653965354,right_blink
1761185210.2422495,-1463.2938261129893,-1165.414534542244,301.81179637415335,122.41814524959773,right_blink
1761185210.242966,-1411.7767042233609,-1103.7622837726958,315.2791761145927,198.64104624651372,right_blink
1761185210.242966,-1422.5850150953047,-1097.258597749751,327.9162980648689,208.97438982408494,right_blink
1761185210.2565696,-1453.6224448275752,-1145.2041151816957,319.2472099675797,162.8876026701182,right_blink
1761185210.2565696,-1450.4958884646185,-1138.1843229648657,282.61862980155274,165.21756034251302,right_blink
1761185210.2722292,-1404.3081240118481,-1096.6228147572838,331.15131152654067,190.55538254231215,right_blink
1761185210.2722292,-1434.2011443576775,-1123.310740841087,352.2929659760557,156.82522484194487,right_blink
1761185210.2729669,-1482.6365886838175,-1138.868724656757,279.94086143327877,163.16435526683927,right_blink
1761185210.2729669,-1435.618566440884,-1102.9320259825327,285.4871330675669,199.40024593751878,right_blink
1761185210.2864785,-1433.5055229659192,-1116.074034426827,322.93849122384563,197.04784886538982,right_blink
1761185210.2864785,-1489.6002824013121,-1148.0202598483302,309.96103837760165,151.45846840552986,right_blink
1761185210.302251,-1460.9264694410376,-1123.6174126374535,277.6782219600864,193.61836060602218,right_blink
1761185210.302251,-1419.2378046349622,-1095.545723570045,317.48571708844975,206.15824515745044,right_blink
1761185210.3029552,-1465.0403593922965,-1135.55143339606,302.98986486019567,156.9598612403497,right_blink
1761185210.3029552,-1472.1050304085948,-1123.0639074440114,298.9320734082721,202.08923400565982,right_blink
1761185210.3164537,-1448.1322716926225,-1093.7281321915798,297.54831042466685,204.9465175718069,right_blink
1761185210.3164537,-1446.1538646160625,-1108.4408986172639,330.990495828446,185.85806819796562,right_blink
1761185210.3322723,-1479.5623909202404,-1137.2456080759875,277.6670022602193,171.39587506931275,right_blink
1761185210.3322723,-1456.41241019452,-1091.1625608219765,310.9745512655936,202.59412049967796,right_blink
1761185210.3329744,-1456.8424986894242,-1099.839128719177,315.96731770643964,194.62065379414707,right_blink
1761185210.3329744,-1503.9614982311614,-1142.2795134163462,290.0759903131984,162.73426677193493,right_blink
1761185210.3466487,-1468.1743955551647,-1106.1857389439829,265.5235471040942,200.21554412785918,right_blink
1761185210.3466487,-1428.8942263205536,-1067.6685093003325,317.7288105855696,225.14945713244379,right_blink
1761185210.362268,-1459.0714790630154,-1125.3901252164505,330.08917993912473,186.7182451877743,right_blink
1761185210.362268,-1496.3956806208007,-1151.591864306014,265.68436280218884,156.1445630500093,right_blink
1761185210.3629627,-1431.1830450934358,-1058.2963200113736,332.38173861196265,248.87538245134056,right_blink
1761185210.3629627,-1480.351509810891,-1104.4579051644541,319.617460063193,188.04216977208853,right_blink
1761185210.3765714,-1508.34466097923,-1139.2875934517942,282.09504380775616,164.0394918564707,right_blink
1761185210.3765714,-1454.3816445185803,-1079.494072960224,299.51549780135974,209.96920321229845,right_blink
1761185210.3922715,-1441.3817522726022,-1077.769979080651,336.8060402595438,211.04629439953715,right_blink
1761185210.3922715,-1507.9631911837496,-1153.9143421784975,288.4154747328721,159.10282391496003,right_blink
1761185210.3928921,-1453.3943109302782,-1069.448701679241,313.6934585333802,258.2438318403438,right_blink
1761185210.3928921,-1453.8393590250053,-1066.6325570126064,341.0283873095177,211.97004968859255,right_blink
1761185210.4065263,-1509.044022270944,-1135.442976297345,314.0263096294366,151.09569810982794,right_blink
1761185210.4065263,-1499.5072773839347,-1130.0949193607084,272.46106152189896,192.84420131519437,right_blink
1761185210.4221983,-1421.0591359133832,-1034.9481245880015,346.6718963426538,292.3554593361914,right_blink
1761185210.4221983,-1493.242944958154,-1128.4792825798504,318.70492447400466,163.27655226550996,right_blink
1761185210.422982,-1518.2890549614094,-1148.588724641595,278.4486413509585,152.44954189378768,right_blink
1761185210.422982,-1420.602868118789,-1044.1594981788658,343.34338538208976,271.92438587825745,right_blink
1761185210.436571,-1462.7814598190598,-1080.6384823466651,349.7760133058764,213.10697927512228,right_blink
1761185210.436571,-1489.9817521967925,-1125.506062115077,307.978891401086,146.9631086587906,right_blink
1761185210.4522607,-1450.6267849630676,-1070.3313180687837,286.3473100573756,213.67544406838715,right_blink
1761185210.4522607,-1420.0157038257457,-1045.3039075653069,354.09185785474256,238.23536707740277,right_blink
1761185210.452968,-1492.857735262718,-1128.7522952766158,322.90109222428873,161.4440012872219,right_blink
1761185210.452968,-1505.3602208145894,-1130.8915180512704,283.53490529069677,149.16590973269194,right_blink
1761185210.4665651,-1409.2447919533588,-1030.5537421400659,359.6007304894738,264.7886567628011,right_blink
1761185210.4665651,-1481.2229065005668,-1117.966423804406,331.2822080249898,143.70565579738468,right_blink
1761185210.4822304,-1509.2646763683297,-1140.641437235754,296.123408541549,145.56064617540687,right_blink
1761185210.4822304,-1474.876296275761,-1092.5051849060692,298.1915732170455,182.77639063447714,right_blink
1761185210.4829445,-1454.2844071197324,-1092.9614527006634,366.02961851330474,196.33726787380874,right_blink
1761185210.4829445,-1505.06476871809,-1147.0665853596292,318.4693107767962,131.6182991405949,right_blink
1761185210.496517,-1463.780013107229,-1078.263645874802,306.3445551204495,197.5714348591864,right_blink
1761185210.496517,-1459.3370119598694,-1082.0484246299602,337.98036884563044,177.31987659912556,right_blink
1761185210.512192,-1504.8179353210144,-1125.2442691181786,316.4011461012997,133.29377432074398,right_blink
1761185210.512192,-1489.8882546979003,-1112.853980564978,294.0515039660968,183.22517862915993,right_blink
1761185210.5129244,-1437.0434683240019,-1056.9798752269708,329.2028236496262,206.22556335665286,right_blink
1761185210.5129244,-1485.1797206536867,-1104.132533868309,334.2180294902064,151.80253920145333,right_blink
1761185210.5429735,-1518.4947494589724,-1152.0967508000322,298.6777602112852,138.67549035698175,right_blink
1761185210.5429735,-1462.7590204193257,-1070.8810833622701,336.23383556632325,207.71778343897313,right_blink
1761185210.543705,-1470.2051612311043,-1093.3840613956563,348.695182218682,179.3057634755969,right_blink
1761185210.543705,-1530.2006363202818,-1159.6999674099497,305.4993377304636,125.88503250852227,right_blink
1761185210.5443752,-1459.8830373534001,-1067.6946886000223,325.5115423933603,240.67752174846828,right_blink
1761185210.5443752,-1466.3455844768323,-1096.2039459622465,344.5962518672459,163.20923406630754,right_blink
1761185210.556544,-1500.3861538735218,-1115.5093095335178,343.1451706844382,159.90690240543336,right_blink
1761185210.556544,-1508.6962115750648,-1131.0485938494094,302.189526269678,150.6319505153224,right_blink
1761185210.5721705,-1457.676496379543,-1063.790233046282,357.88037650985643,211.56988039333373,right_blink
1761185210.5721705,-1517.077327375766,-1134.694996306207,346.5634392439388,156.30537874810398,right_blink
1761185210.5729396,-1505.1881854166277,-1125.3826454165392,325.032835199032,169.5259250914678,right_blink
1761185210.5729396,-1463.503260510508,-1082.616889423225,338.4104573405348,201.04206201806664,right_blink
1761185210.5864747,-1484.7832912583835,-1109.465631205123,345.98001485085115,168.3067177059129,right_blink
1761185210.5864747,-1510.6409595520236,-1130.2519951588474,328.38004565937445,167.80931101180613,right_blink
1761185210.602166,-1494.473372043576,-1117.5587747092359,321.92871823580936,181.17571345344186,right_blink
1761185210.602166,-1438.0569812119938,-1042.8093942948617,400.0627081100829,243.635782613419,right_blink
1761185210.602904,-1514.1602054103278,-1143.2257081051357,330.882038729731,139.01956115290523,right_blink
1761185210.602904,-1484.173687565606,-1082.220460027922,329.7675485429354,222.03786036930978,right_blink
1761185210.6164775,-1467.785445959773,-1070.436035267543,360.80123837525025,221.7012693732977,right_blink
1761185210.6164775,-1490.0303708962165,-1122.465523451101,341.8923041992821,176.5232779085636,right_blink
1761185210.632161,-1494.3761346447282,-1123.213503442239,313.2110114390962,176.13058841321617,right_blink
1761185210.632161,-1461.801606030669,-1071.0792980599217,343.7809536769055,220.24270839057863,right_blink
1761185210.6328752,-1491.02518428443,-1091.4393134186976,355.1427697422914,185.21854530554265,right_blink
1761185210.6328752,-1538.2937798243947,-1162.9387207715772,333.12597870314494,132.7290494274348,right_blink
1761185210.646574,-1468.8737568468787,-1084.2998444032855,357.4839471145533,240.78971874713898,right_blink
1761185210.646574,-1460.1710096499883,-1076.9509409903549,365.87628261512145,210.41425130702555,right_blink
1761185210.66218,-1534.20232927287,-1139.7999597457238,322.7963750255294,144.5134741878137,right_blink
1761185210.66218,-1517.4288779716007,-1130.3604522575624,308.22198489820585,174.72438602987677,right_blink
1761185210.663021,-1466.5325794746168,-1076.1094635003246,352.3041856759228,235.58751790877432,right_blink
1761185210.663021,-1519.9570503416471,-1141.3557581272908,348.2202149243094,141.37943802494556,right_blink
1761185210.676525,-1511.62455324037,-1120.7376896715723,346.7392145418562,191.91670612618327,right_blink
1761185210.676525,-1464.05676570395,-1063.0011141556315,379.3025234560482,245.96200038585812,right_blink
1761185210.6922045,-1504.002637130674,-1114.1180667500012,357.5587451136671,168.8564829993993,right_blink
1761185210.6922045,-1528.6373581388034,-1140.787293334026,306.7522042156197,154.1885953731835,right_blink
1761185210.692922,-1487.8088703225367,-1095.6392210689373,313.73459743289277,209.18756412155926,right_blink
1761185210.692922,-1480.0298784147017,-1081.738012933638,366.1455554119311,220.2913270900026,right_blink
1761185210.7065327,-1526.5579737634398,-1144.1831224937923,360.32253118092194,158.12671002652496,right_blink
1761185210.7065327,-1508.6288933758624,-1104.2858697664924,336.75368166016415,191.1313271354884,right_blink
1761185210.722355,-1481.6342954956926,-1084.9842460951768,370.524978260044,204.9128584722057,right_blink
1761185210.722355,-1478.1823678365909,-1094.9024607776664,386.939399165567,199.49000353645533,right_blink
1761185210.7230115,-1548.7542800004594,-1165.7586053381674,316.4983835001476,134.19883011002094,right_blink
1761185210.7230115,-1485.247038852889,-1084.48683940107,348.1154977255501,210.71718320343643,right_blink
1761185210.7365372,-1498.5723023950122,-1116.8631533174776,384.1232544989325,180.0126045672223,right_blink
1761185210.7365372,-1526.4569964646362,-1138.375057862606,354.6678024479188,162.81280467100441,right_blink
1761185210.7522304,-1509.3282546675764,-1111.9040459762327,321.6257863393985,188.12070767115802,right_blink
1761185210.7522304,-1469.7040146370418,-1083.4770664130338,376.3854014906101,203.62633288744837,right_blink
1761185210.7530546,-1536.0797590506263,-1144.4673548904248,353.7328274589963,144.94356268271804,right_blink
1761185210.7530546,-1523.5099552995525,-1121.4445307631977,331.7422157195397,179.69845297094434,right_blink
1761185210.7664576,-1482.4421138861217,-1084.7187131983228,373.8347897208296,199.00755644217134,right_blink
1761185210.7664576,-1515.3457536962815,-1141.8643845212646,388.0464095524512,166.97531332168728,right_blink
1761185210.7822547,-1531.3600053065456,-1156.9324414427392,310.44348547188565,172.68988045398146,right_blink
1761185210.7822547,-1468.3426910531707,-1075.1221299120225,374.51171161280945,274.8340280437842,right_blink
1761185210.7828882,-1495.920713326428,-1099.356681624893,386.6776061686687,232.95088844001293,right_blink
1761185210.7828882,-1560.4639067617245,-1170.1492478861474,337.1800302551128,180.6820466592908,right_blink
1761185210.7965226,-1513.8984124134295,-1103.616427674424,356.91174242133275,257.8922812445089,right_blink
1761185210.7965226,-1467.5984509619884,-1084.0866701058112,417.1054322081618,267.8366752266884,right_blink
1761185210.812262,-1535.167223461438,-1164.606716151815,370.0013922662474,184.55284311342984,right_blink
1761185210.812262,-1539.9131565052085,-1155.8777896552347,335.78878747159615,200.9111655196175,right_blink
1761185210.812915,-1473.1709018959664,-1076.1842614994384,392.197698503267,286.67829120345414,right_blink
1761185210.812915,-1515.0540414997377,-1138.3526184628718,383.9886181005277,207.8374602375552,right_blink
1761185210.8265388,-1565.3818752034567,-1169.9435533885844,330.3547128359787,171.94564036279917,right_blink
1761185210.8265388,-1512.4772504302673,-1082.616889423225,381.62500132853165,261.3105498040095,right_blink
1761185210.8422554,-1492.4313866677694,-1113.8824530527927,411.71623637201265,232.04583265073597,right_blink
1761185210.8422554,-1547.8716636109166,-1173.747031643521,347.0309267384,167.53255841508508,right_blink
1761185210.8430028,-1526.7150495615788,-1127.4246307923459,350.9316423921846,224.30423974245787,right_blink
1761185210.8430028,-1453.2372351321392,-1055.338059146423,422.57316594338045,293.5110884224996,right_blink
1761185210.8566048,-1528.3493858422153,-1154.280852374155,363.0152591490187,176.77385120559484,right_blink
1761185210.8566048,-1550.0894242846407,-1142.462768514175,339.52494752733037,193.93251220230013,right_blink
1761185210.872249,-1481.4884393974207,-1085.8294634851627,410.7663017832674,246.64266217779368,right_blink
1761185210.872249,-1526.0231680697761,-1138.5807523601688,387.54900285834447,186.07498239539564,right_blink
1761185210.8729208,-1536.4425293463282,-1145.2452540812083,352.4126427746378,194.7627699924633,right_blink
1761185210.8729208,-1510.4464847543277,-1102.8048693840392,372.17427414050326,222.33705236576498,right_blink
1761185210.8865,-1489.7311788997613,-1099.117328027729,416.873558410909,235.45288151036948,right_blink
1761185210.8865,-1580.105861329008,-1172.1276549627073,356.05156543152407,143.87769119534642,right_blink
1761185210.902223,-1482.5056921853684,-1084.0006524068303,387.3807073603384,278.719784097746,right_blink
1761185210.902223,-1500.24029777525,-1109.731164101977,381.59134222893044,214.60667915735394,right_blink
1761185210.9029644,-1548.1035374081694,-1153.0167661891319,365.50603251950815,185.8992070974782,right_blink
1761185210.9029644,-1517.2344031739049,-1125.6818374129944,363.1274561476894,211.98126938845962,right_blink
1761185210.916508,-1495.2437914344482,-1095.4709255709313,398.903339123819,230.80792576540262,right_blink
1761185210.916508,-1535.7020291551016,-1156.6257696463726,377.17452038126066,167.27450531814247,right_blink
1761185210.9322476,-1531.6404978032224,-1136.9164968798868,353.7702264585532,184.73235831130296,right_blink
1761185210.9322476,-1493.2466848581098,-1088.309017155785,379.9869251479395,244.25286610610783,right_blink
1761185210.9328933,-1521.2061769268475,-1115.0044230394997,394.0265095815994,202.60160029958934,right_blink
1761185210.9328933,-1553.391755945515,-1172.6774202561937,366.2203534110449,160.2210540017113,right_blink
1761185210.9465055,-1509.5713481646962,-1119.065954391379,377.3166365795769,220.9196302825585,right_blink
1761185210.9465055,-1492.5398437664844,-1088.3725954550318,400.40677890600637,240.2997918529436,right_blink
1761185210.9622104,-1542.0149802803062,-1145.8922567735426,354.750080246944,162.17702167853713,right_blink
1761185210.9622104,-1545.3921099402942,-1154.318251373712,334.0759132918902,179.94902626797557,right_blink
1761185210.962976,-1474.4948264802806,-1073.1399829355069,408.8028543065302,267.9413924254477,right_blink
1761185210.962976,-1531.1056921095587,-1138.9023837563582,396.2854091548361,170.03455148544163,right_blink
1761185210.9766605,-1548.481267303694,-1156.2667392506264,373.6328351232223,177.77614439371973,right_blink
1761185210.9766605,-1503.9727179310285,-1110.7745961896144,375.69351999880746,210.4666099064052,right_blink
1761185210.9922576,-1497.9888780019246,-1099.9812449174933,405.19385084928945,212.3926583835855,right_blink
1761185210.9922576,-1537.373764435295,-1157.4597673364915,364.17088823532686,167.0800305204466,right_blink
1761185210.9928937,-1518.113279663492,-1113.4897635574453,371.4150744494982,223.5899188509211,right_blink
1761185210.9928937,-1501.205191963818,-1096.3647616603412,417.5953591023572,229.71587497834116,right_blink
1761185211.0066435,-1563.2164731291123,-1173.578736145515,378.73031876282766,159.24120021332055,right_blink
1761185211.0066435,-1538.4396359226666,-1140.2898866399191,353.06338536692783,201.5357288122177,right_blink
1761185211.0223193,-1492.4089472680353,-1093.0699097993784,402.37770618265495,256.0896494658664,right_blink
1761185211.0223193,-1529.074926433619,-1137.4887015731074,402.07851418619975,187.61582117713988,right_blink
1761185211.022874,-1563.1416751299985,-1167.1722875214182,357.06133841956034,165.09788354393095,right_blink
1761185211.022874,-1500.408593273256,-1102.9656850821339,398.11796013312414,239.00952636823058,right_blink
1761185211.0365922,-1496.874387815129,-1106.0922414450906,425.4753283089958,222.03786036930978,right_blink
1761185211.0365922,-1557.9918328910135,-1171.5853694691323,368.53909138357267,172.3009308585897,right_blink
1761185211.0521307,-1520.151525139343,-1137.1969893765636,368.7410459811799,220.8485721834004,right_blink
1761185211.0521307,-1507.2638298920356,-1109.1066008093767,409.5470943977125,211.52126169390976,right_blink
1761185211.0529304,-1528.7420753375627,-1133.1653772243299,402.67315827915445,174.03624443802983,right_blink
1761185211.0529304,-1563.8933950210921,-1157.2690324387513,345.523747056257,181.84515554551035,right_blink
1761185211.066582,-1476.686407854315,-1074.5349656189792,412.71478966018185,252.8995148036629,right_blink
1761185211.066582,-1512.2416367330588,-1119.3501867880113,389.0935815400444,203.47299698926508,right_blink
1761185211.082358,-1568.4037143676542,-1167.9053079127334,335.5905727739446,158.5156596219167,right_blink
1761185211.082358,-1508.6887317751534,-1100.8339421073906,377.4250936782919,243.05983802024275,right_blink
1761185211.0830588,-1493.2990434574895,-1096.8771279542707,423.4520424329676,225.882477523759,right_blink
1761185211.0830588,-1547.7744262120686,-1155.6346961581148,373.25136532774195,162.60337027348578,right_blink
1761185211.0965805,-1514.7585894032381,-1100.0261237169616,391.8349282075651,233.87838362902403,right_blink
1761185211.0965805,-1493.751571352128,-1092.9577128007077,418.27228099433705,225.20555563177913,right_blink
1761185211.1122172,-1513.2027910216711,-1123.0826069437899,401.8316807891242,201.0196226183325,right_blink
1761185211.1122172,-1556.163021812681,-1159.1614218163304,344.02030727406964,184.92309320904315,right_blink
1761185211.1129348,-1469.3001054418273,-1054.8032534527592,418.4330966924317,284.96541702374816,right_blink
1761185211.1129348,-1533.8806978766806,-1136.2769739874639,400.33572080684826,197.74347025714815,right_blink
1761185211.1265323,-1544.0532257561572,-1130.3941113571636,385.02831028820947,224.97742173448205,right_blink
1761185211.1265323,-1495.5803824304603,-1086.573703576345,393.8058554842137,257.92220044415444,right_blink
1761185211.1422436,-1491.1972196823917,-1087.718112962786,415.48979542730376,226.71273531392217,right_blink
1761185211.1422436,-1549.6668155896477,-1162.1009831815027,364.17462813528255,164.20778735447675,right_blink
1761185211.1429598,-1490.434280091431,-1078.566577771213,410.108079391066,266.74088453967124,right_blink
1761185211.1429598,-1510.3081084559672,-1114.6566123436205,411.41704437555745,225.05969953350723,right_blink
1761185211.1565228,-1556.1218829131685,-1167.8417296134867,377.1259016818367,158.90834911726415,right_blink
1761185211.1565228,-1519.5045224470086,-1099.756850920152,377.06606328254566,229.19228898454458,right_blink
1761185211.1722095,-1459.0752189629711,-1029.7272242498584,450.7794914091937,294.75647510774434,right_blink
1761185211.1722095,-1522.5001823115163,-1112.1022606738843,391.2851629140787,172.31215055845678,right_blink
1761185211.1729734,-1538.2339414251037,-1124.129778931383,352.65573627175763,173.5650170436129,right_blink
1761185211.1729734,-1471.6749419136904,-1051.0296943974681,398.3236546306871,240.87199654616416,right_blink
1761185211.1872065,-1497.5213905074634,-1073.4653542316519,427.8501647808589,229.2932662833482,right_blink
1761185211.1872065,-1559.0016058790497,-1157.47846683627,348.6016847197898,110.25599059369415,right_blink
1761185211.1878664,-1501.977481304668,-1065.2936728284694,370.3548128120601,210.53205815562978,right_blink
1761185211.2014825,-1473.2438299451023,-1054.4367432571016,412.17437411658466,220.4540127380751,right_blink
1761185211.2014825,-1517.5653843199834,-1118.269355700817,386.90013021603227,179.47966882353649,right_blink
1761185211.2172067,-1564.0673003690317,-1148.4279089435004,356.2030313797295,133.40036146948114,right_blink
1761185211.2172067,-1485.4471235005185,-1079.9316412550397,403.052758124657,213.9017080157064,right_blink
1761185211.2179644,-1503.0396128920838,-1104.4579051644541,399.6045703655109,180.4707423117943,right_blink
1761185211.2179644,-1546.6318867756054,-1143.0349732073955,345.5069175064564,168.31232755584642,right_blink
1761185211.2315962,-1482.6272389339283,-1070.8773434623145,383.2836469588801,215.81279689306393,right_blink
1761185211.2315962,-1522.9171811565757,-1131.9798289383762,389.9294491801411,149.95315867336467,right_blink
1761185211.262934,-1548.5990741522983,-1128.2885476821102,379.15479740779847,162.44816442532465,right_blink
1761185211.262934,-1507.0712250443175,-1097.3109563491307,372.64737148489803,200.1912347781472,right_blink
1761185211.263647,-1471.8899861611426,-1068.9999136845581,429.98377770558,238.58878762321547,right_blink
1761185211.263647,-1555.4954496705905,-1158.888409119565,351.3561210371554,123.94215448154137,right_blink
1761185211.2644117,-1525.2583585288376,-1124.0437612324022,352.4967905236408,188.4778681169264,right_blink
1761185211.2644117,-1477.5110557945445,-1065.0543192313053,413.6030158996582,231.11272761179134,right_blink
1761185211.2772148,-1509.393702916801,-1102.6440536859445,409.9640932427719,193.59779115626588,right_blink
1761185211.2772148,-1560.2226832145825,-1164.0419912585057,360.0887874336913,145.93276622099802,right_blink
1761185211.2779696,-1490.9559961352497,-1090.9232072248124,413.0906496057287,213.77829131716862,right_blink
1761185211.2779696,-1490.241675243713,-1094.7715642792173,413.29260420333594,208.5573909790255,right_blink
1761185211.2915096,-1532.9700322374701,-1141.3482783273794,374.4462633635849,164.08998050587252,right_blink
1761185211.2915096,-1509.6143570141867,-1104.8244153601117,373.2569751776755,215.7492185938172,right_blink
1761185211.3071892,-1495.7355882786214,-1098.1823530388065,407.0170520776883,207.97770648589358,right_blink
1761185211.3071892,-1544.5338029004633,-1126.1605446073227,411.0860632294789,196.86646371753886,right_blink
1761185211.3079133,-1524.5215982375666,-1116.219890525099,383.1078716609627,176.63734485721216,right_blink
1761185211.3079133,-1479.568000770174,-1066.2772665168159,423.0500031877309,234.89750636694953,right_blink
1761185211.321518,-1522.9284008564427,-1141.8980436208658,403.02657882496715,163.82818750897422,right_blink
1761185211.321518,-1507.5162731390446,-1118.4825299982913,387.80144610535353,237.979183930438,right_blink
1761185211.3371792,-1514.3602900579572,-1099.1734265270643,388.8411382930353,217.6079488717951,right_blink
1761185211.3371792,-1523.2051534531638,-1094.4798520826735,428.92912591807544,182.1013386924751,right_blink
1761185211.3379219,-1556.116273063235,-1148.783199439291,368.3876254353672,160.57073464756832,right_blink
1761185211.3379219,-1489.5834528515115,-1087.6059159641154,393.43373543862253,237.3172216382809,right_blink
1761185211.35156,-1500.589978421107,-1109.4506716053002,426.33363534882665,204.1106499317102,right_blink
1761185211.35156,-1518.874349304475,-1148.1848154463805,418.3040701439604,160.3874795497395,right_blink
1761185211.36719,-1519.7794050937518,-1131.3627454456873,379.3230929058045,187.554112827871,right_blink
1761185211.36719,-1500.4478622227907,-1096.402160659898,413.96204629540443,223.54317010147497,right_blink
1761185211.3679764,-1505.9118560580537,-1118.3441536999308,426.36355454847217,183.64591737417504,right_blink
1761185211.3679764,-1543.1163808172569,-1160.2983514028601,376.5219078389928,160.4248785492964,right_blink
1761185211.381548,-1483.438797224313,-1087.4002214665525,428.63741372153163,252.3254401604645,right_blink
1761185211.381548,-1486.6251919865608,-1115.2699559363537,453.20107663050294,194.89553644089028,right_blink
1761185211.397277,-1534.6754266172647,-1167.5200982172973,395.46450111456215,155.316175209824,right_blink
1761185211.397277,-1509.2328872187063,-1118.329194100108,403.02283892501146,190.4039165941067,right_blink
1761185211.397904,-1460.0158038018271,-1069.6581360767595,455.9237237982452,231.8307884032838,right_blink
1761185211.397904,-1530.161367370747,-1169.1843536975794,405.25181929860264,149.56046917801723,right_blink
1761185211.4115837,-1523.0368579551578,-1162.688147474546,391.5263864612207,134.70184665406123,right_blink
1761185211.4115837,-1449.8881547218189,-1090.2462853328325,454.97378920949996,227.85153485042974,right_blink
1761185211.4271982,-1482.2532489383593,-1170.3025837843306,443.286601847969,107.61749117495492,right_blink
1761185211.4271982,-1523.7997975461185,-1182.6031147385947,415.95541297178715,103.48116182396188,right_blink
1761185211.427951,-1489.4600361529738,-1125.8763122106902,405.3827157970518,269.0764520619996,right_blink
1761185211.427951,-1480.3832989605144,-1129.1038458724506,442.25812936015427,230.52556331874803,right_blink
1761185211.4415565,-1518.0702708140016,-1222.7172816633247,422.8592682899907,72.43999219173566,right_blink
1761185211.4415565,-1451.4701324030757,-1143.9138496969827,458.2985602701083,236.2812693505548,right_blink
1761185211.4573324,-1425.5376661103219,-1136.190956288483,507.17905269097537,177.19458995060995,right_blink
1761185211.4573324,-1492.2574813198298,-1197.4131185631268,436.99983002245426,95.41793751949444,right_blink
1761185211.4580145,-1470.3865463789552,-1179.9926645695232,418.95107283629477,179.0645399284549,right_blink
1761185211.4580145,-1414.8191128373146,-1114.3349809474312,489.84835629630834,310.7576370681636,right_blink
1761185211.4715893,-1490.9821754349396,-1211.0525337015279,446.93674420472234,118.94938804069534,right_blink
1761185211.4715893,-1498.188962649554,-1217.7357349223457,425.39866035990417,155.27129641035572,right_blink
1761185211.4873517,-1379.260144058615,-1125.4911025152542,559.5675712702796,92.34373975591734,right_blink
1761185211.4873517,-1448.3024371406063,-1185.6286938027479,461.3203994343057,264.7344282134436,right_blink
1761185211.4880755,-1511.5965039907023,-1253.7023527962156,408.3746357616037,198.0033933040686,right_blink
1761185211.4880755,-1453.5794359780848,-1158.4957196242176,487.21920662745833,306.5764289177023,right_blink
1761185211.5015676,-1410.3087934907526,-1143.1845692056231,542.786640169099,280.5205459264107,right_blink
1761185211.5015676,-1497.235288160853,-1254.5438302862458,432.44463187642395,163.73842991003767,right_blink
1761185211.5171852,-1449.5889627253637,-1204.7021835767664,416.8230697615072,230.23011122224852,right_blink
1761185211.5171852,-1384.3164887987077,-1148.48026754288,576.3036235719919,250.3993916832842,right_blink
1761185211.5180197,-1452.382667992264,-1213.9247768674977,544.2526809517294,288.6062096306123,right_blink
1761185211.5180197,-1486.1390049923211,-1248.9676394523121,527.7148433476686,154.81502861576155,right_blink
1761185211.5315683,-1419.1162578864023,-1167.4490401181392,592.9648778745905,305.18518613418564,right_blink
1761185211.5315683,-1439.3079777471721,-1192.0987207260914,641.0861706044525,249.0231084995903,right_blink
1761185211.5471735,-1507.269439741969,-1282.6379587533884,556.7850857032463,152.15221984731033,right_blink
1761185211.5471735,-1443.8743955930695,-1203.984122785274,560.3529502609745,234.88254676712677,right_blink
1761185211.547919,-1437.621282867156,-1178.1114948918112,631.5756050171331,320.533735552337,right_blink
1761185211.547919,-1520.2880314877257,-1278.7634223992936,596.7982753291726,210.85368955181912,right_blink
1761185211.561496,-1484.007262017578,-1251.585569421295,582.8334888946265,207.91038828669116,right_blink
1761185211.561496,-1418.3346187956631,-1176.4061005120166,677.1874248767272,294.54517076024786,right_blink
1761185211.5771787,-1474.298481732607,-1261.1971123074181,671.1699258480221,144.9753518323414,right_blink
1761185211.5771787,-1516.5144724324346,-1281.9460772615857,589.4306724164635,251.64103846857324,right_blink
1761185211.5779624,-1449.0728565314785,-1183.0780820329674,634.7133810799569,246.08728703437373,right_blink
1761185211.5779624,-1500.167369726114,-1244.315203907434,576.4345200704411,286.8260172517039,right_blink
1761185211.5915484,-1531.9303400497884,-1294.6131184115075,590.4329656045884,190.6993686906062,right_blink
1761185211.5915484,-1460.329955398105,-1208.2438688348047,618.0222075777128,206.21247370680794,right_blink
1761185211.6071532,-1428.4772274754941,-1180.8977203588001,663.5667092381045,314.84908761968836,right_blink
1761185211.6071532,-1526.025038019754,-1295.0020680068992,622.0687793297693,116.89992286497727,right_blink
1761185211.6079528,-1532.8054766394198,-1256.5745959621854,528.7171365357935,343.3994838814251,right_blink
1761185211.6079528,-1461.5229834839702,-1176.2527646138333,598.9973365031183,327.44507067045197,right_blink
1761185211.6215897,-1516.5668310318142,-1277.274942216929,591.5811148909852,202.8203844469972,right_blink
1761185211.6215897,-1520.669501283206,-1263.4036532812752,582.6876327963546,163.30834141513333,right_blink
1761185211.652959,-1444.8654690813273,-1189.0619219620712,659.8903875816613,273.2950592120178,right_blink
1761185211.652959,-1507.2133412426338,-1243.2979511194862,642.140822391957,269.1475101611577,right_blink
1761185211.6536553,-1529.727538975887,-1265.322221958544,530.3215536167845,281.5976371136494,right_blink
1761185211.6536553,-1490.9485163353384,-1205.5100019671954,603.8741660453379,186.78369343699887,right_blink
1761185211.654485,-1467.013156618923,-1198.4528107508086,629.5523191411048,324.44567090598866,right_blink
1761185211.654485,-1552.0435220114887,-1278.22861670563,576.0231310753152,269.61125775566325,right_blink
1761185211.6672735,-1516.9894397268072,-1252.5355040100403,578.2408917490393,206.5565445027314,right_blink
1761185211.6672735,-1483.9623832181096,-1189.7351039540954,655.540883933194,341.33879900584,right_blink
1761185211.6680171,-1543.8007825091481,-1262.767870288808,609.7645084755495,212.6750208302401,right_blink
1761185211.6680171,-1539.5896551590413,-1267.446485133376,582.4632387990132,132.33448998210952,right_blink
1761185211.6816907,-1486.610232386738,-1185.0265699098818,603.1074865544215,394.62489357450977,right_blink
1761185211.6816907,-1510.2837991062552,-1243.3727491186,581.8162361066788,247.55706771695986,right_blink
1761185211.697295,-1562.1898705912754,-1299.4413292543031,552.3084254562855,186.83979193633422,right_blink
1761185211.697295,-1526.3354497160763,-1232.747693344485,627.9404222602025,206.36954950494692,right_blink
1761185211.698062,-1471.5907941646874,-1174.1995595381595,632.9668478006497,325.11137309810147,right_blink
1761185211.698062,-1567.2275158315897,-1284.5640072305687,503.5363901341334,237.17884533992037,right_blink
1761185211.7115247,-1556.6398590570316,-1262.285423194524,524.1694181896746,227.6084413533099,right_blink
1761185211.7115247,-1495.3092396836728,-1186.5711485915817,647.1186292329803,273.328718311619,right_blink
1761185211.7273157,-1533.284183833748,-1256.3726413645782,594.6328732548282,194.34577114740387,right_blink
1761185211.7273157,-1555.4917097706348,-1268.3814601222984,526.4694566624239,250.81826047832146,right_blink
1761185211.7280176,-1497.1866694614291,-1189.6453463551588,562.469733635895,308.18084599869326,right_blink
1761185211.7280176,-1510.575511302799,-1225.2005752339028,597.9239852158353,223.52073070174083,right_blink
1761185211.7415855,-1558.3377736369148,-1271.403299286496,562.9185216305777,167.39979196665809,right_blink
1761185211.7415855,-1526.1409749183804,-1209.107785724569,569.9308340474963,354.38357005128637,right_blink
1761185211.757298,-1496.5097475694492,-1194.709170895163,590.9303722986951,297.4660326256417,right_blink
1761185211.757298,-1554.3398205842823,-1253.8033300950192,553.4939737422392,202.29305855324492,right_blink
1761185211.7580757,-1548.2924023559317,-1232.0632916525938,524.0609610909596,235.5781681588851,right_blink
1761185211.7580757,-1490.9185971356928,-1157.3999289372005,590.5900414027274,301.0862557827495,right_blink
1761185211.7715268,-1534.4734720196575,-1223.2520873569883,572.2009533206001,188.8144591129385,right_blink
1761185211.7715268,-1577.0634527150542,-1245.2763581960462,496.9429465122521,233.81293537979946,right_blink
1761185211.7872908,-1515.508439344354,-1162.0411447822116,511.5771750388667,303.88744084956124,right_blink
1761185211.7872908,-1522.0345647670329,-1190.7747961417772,508.0205301810056,247.55706771695986,right_blink
1761185211.78802,-1566.4570964407176,-1243.855196212884,480.4911266071722,211.69142714189366,right_blink
1761185211.78802,-1525.7894243225455,-1170.0632301871665,483.8682562671602,262.4082104410045,right_blink
1761185211.8014455,-1504.8272850709036,-1156.031125553418,522.523862209171,242.27632897952572,right_blink
1761185211.8014455,-1568.3532257182524,-1227.609070805367,487.054651029408,249.9880026881583,right_blink
1761185211.8173058,-1568.768354613334,-1214.4857618608512,466.93772916775197,236.3859865493141,right_blink
1761185211.8173058,-1516.0170657383278,-1152.7661928921007,487.10326972883195,274.38337009912357,right_blink
1761185211.817988,-1554.186484686099,-1200.3938188278116,453.694743424654,217.2302189762704,right_blink
1761185211.817988,-1581.046446167864,-1226.6105175171979,412.3763287141919,200.98783346870914,right_blink
1761185211.8314629,-1506.884230046533,-1128.3670855811797,473.75556678697467,324.0716809104197,right_blink
1761185211.8314629,-1524.5328179374337,-1158.4994595241733,484.61623625829816,244.22107695648447,right_blink
1761185211.847231,-1596.8176042810082,-1223.3081858563237,446.723569907248,184.73048836132511,right_blink
1761185211.847231,-1534.9708787137643,-1150.1033841236494,431.04216939304024,288.43791413260624,right_blink
1761185211.8479183,-1521.7353727705777,-1135.285900499206,444.143038937822,303.81264285044745,right_blink
1761185211.8479183,-1565.5034219520167,-1180.430232864339,418.24797164462507,204.94090772187337,right_blink
1761185211.8616555,-1560.783668207936,-1186.4439919930883,394.97831412032247,230.51434361888096,right_blink
1761185211.8616555,-1505.870717158541,-1117.8205677061342,458.01432787347585,299.24996490450576,right_blink
1761185211.8773165,-1556.3294473607093,-1165.4182744421996,449.7641085712239,237.4294186369516,right_blink
1761185211.8773165,-1579.4495088867843,-1203.1239457954653,405.13588239997625,215.70807969430462,right_blink
1761185211.8780484,-1501.0051073161885,-1125.734196012374,466.16730977687985,283.0337586966343,right_blink
1761185211.8780484,-1541.8934335317463,-1135.9590824912302,456.90357758663595,277.16211576620117,right_blink
1761185211.891632,-1593.4030756214634,-1185.9353655991144,359.41186554171145,222.46981881419197,right_blink
1761185211.891632,-1529.4395666792989,-1121.9194980575703,406.2354129869491,284.61199647793546,right_blink
1761185211.9071996,-1495.922583276406,-1084.6588747990318,451.37974535208195,319.49030346469954,right_blink
1761185211.9071996,-1567.814680124633,-1184.2935495185666,409.5227850480005,221.69191962340847,right_blink
1761185211.9079165,-1535.4944647075608,-1135.9590824912302,421.673720004037,260.8561519593932,right_blink
1761185211.9079165,-1499.972894928418,-1098.597481933888,456.5071481913328,309.0859017879702,right_blink
1761185211.9215376,-1549.7808825382963,-1132.1556042362936,386.15589012485,261.8547052475624,right_blink
1761185211.9215376,-1592.0529717374593,-1178.7921566837467,334.126401941292,222.9410462086089,right_blink
1761185211.9372065,-1506.9291088460013,-1073.3830764326267,405.76418559253216,336.11789866769686,right_blink
1761185211.9372065,-1514.8539568521082,-1109.3010756070726,429.6845857091248,294.2758979634382,right_blink
1761185211.9379508,-1571.2217289842665,-1182.0533494451083,378.27592091821134,201.7058942602016,right_blink
1761185211.9379508,-1544.8442145967856,-1114.323761247564,367.22825644910336,315.70178480958566,right_blink
1761185211.9515347,-1529.2525716815144,-1095.5270240702666,409.6761209461838,289.4065482211299,right_blink
1761185211.9515347,-1578.8586046937853,-1156.1545422519557,361.431411517784,229.56066913018003,right_blink
1761185211.9672146,-1561.628885597922,-1141.8980436208658,348.345501572825,264.5923120151274,right_blink
1761185211.9672146,-1495.5074543813244,-1064.7364277350716,407.0469712773338,310.8324350672774,right_blink
1761185211.9679265,-1542.5666155237705,-1119.2866084887646,419.7140124272555,247.04096152307466,right_blink
1761185211.9679265,-1580.7210748717189,-1163.7054002624936,300.3364058416337,240.0585683058016,right_blink
1761185211.9814713,-1501.928862605244,-1062.8963969568722,367.280615048483,332.4677563109435,right_blink
1761185211.9814713,-1527.678073800169,-1115.0418220390566,409.43302744906396,275.258506688755,right_blink
1761185211.9972332,-1584.5694319261238,-1175.3701482242905,351.2775831380859,208.28437828226015,right_blink
1761185211.9972332,-1508.87385682296,-1094.1507408865727,382.6964826658368,292.95945317903534,right_blink
1761185211.9981084,-1509.7041146131232,-1075.3128648097627,413.3374830028042,305.25250433338806,right_blink
1761185211.9981084,-1563.0051687816158,-1148.0127800484188,361.7231237143278,248.78375490242615,right_blink
1761185212.0114949,-1567.332233030349,-1132.6230917307548,329.20469359960407,247.6169061162509,right_blink
1761185212.0114949,-1487.8369195722044,-1056.4974281326868,392.1846088534221,318.2449167794548,right_blink
1761185212.027208,-1525.228439329192,-1109.813441901002,383.31730605848134,254.57312003383413,right_blink
1761185212.027208,-1595.2842452991754,-1163.3949885661714,315.8981295572594,226.52013046620414,right_blink
1761185212.027889,-1500.6685163201764,-1059.1452773013152,375.67669044900686,338.4029775406234,right_blink
1761185212.027889,-1515.1681084483862,-1095.0857158754952,399.4886334668845,260.5943589624949,right_blink
1761185212.041627,-1573.641444255598,-1161.5699173877947,329.20843349955976,190.0673255980946,right_blink
1761185212.041627,-1545.0499090943485,-1105.9389055469073,332.3462095623836,299.50801800144836,right_blink
1761185212.0573466,-1489.0149880582467,-1066.662476212252,396.60891050100327,338.1374446437694,right_blink
1761185212.0573466,-1594.3978890096769,-1183.9943575221114,323.4489875677973,189.4016234059818,right_blink
1761185212.0580602,-1545.4463384896517,-1096.5667162579484,325.7490260405466,280.7112808241509,right_blink
1761185212.0580602,-1489.8377660484985,-1058.84608530486,386.15589012485,314.0861480287276,right_blink
1761185212.071581,-1539.3129025623202,-1132.9970817263238,367.9537970405072,242.41844517784193,right_blink
1761185212.071581,-1576.558566221036,-1152.122930099722,315.8083719583228,238.34195422613993,right_blink
1761185212.087234,-1500.4254228230566,-1079.965300354641,356.5396223757416,302.7654708628543,right_blink
1761185212.087234,-1513.8853227635846,-1084.4793596011586,386.20450882427394,295.72697914624587,right_blink
1761185212.0880103,-1595.2505861995742,-1173.2608446492814,289.50191567,194.9254556405358,right_blink
1761185212.0880103,-1528.642967988737,-1124.2008370305412,331.8301033684984,253.77652134327218,right_blink
1761185212.1015074,-1481.811940743588,-1075.8551503033377,389.75367388222367,326.89156547700986,right_blink
1761185212.1015074,-1591.525645843707,-1167.7444922146387,322.7870252756402,199.24130018940195,right_blink
1761185212.117224,-1550.158612433821,-1114.1966046490707,312.8912499928847,257.93155019404367,right_blink
1761185212.117224,-1498.0244070515037,-1080.3766893497668,369.0570675274357,276.5113731739111,right_blink
1761185212.117962,-1551.329201119952,-1145.5033071781509,334.9267405318096,228.99594423687086,right_blink
1761185212.117962,-1559.1119329277426,-1165.5155118410476,287.6469252919778,223.07568260701373,right_blink
1761185212.1315727,-1514.9324947511777,-1080.9488940429874,349.6582064572722,291.31763709848747,right_blink
1761185212.1315727,-1518.8519099047408,-1099.4090402242728,361.6894646147266,261.90332394698635,right_blink
1761185212.147214,-1573.5404669567943,-1153.6712486813776,313.3624773873016,215.44628669740632,right_blink
1761185212.147214,-1524.7646917346865,-1093.7767508910038,328.0827236128971,269.90670985216275,right_blink
1761185212.1479137,-1501.7755267070606,-1098.1935727386735,364.1764980852604,267.5917117795907,right_blink
1761185212.1479137,-1555.1326793748885,-1157.826277532149,312.1769291013479,193.5940512563102,right_blink
1761185212.1615264,-1528.1979198940098,-1106.5410294397734,317.2931122407317,235.74646365689114,right_blink
1761185212.1615264,-1491.434703329578,-1043.8154273829423,368.82519373018295,303.7154054515995,right_blink
1761185212.177254,-1529.2039529820904,-1110.4978435928933,339.4669790780172,246.48371642967686,right_blink
1761185212.177254,-1561.8831987949088,-1154.6398827699013,290.2573754610494,200.02293928014114,right_blink
1761185212.1779184,-1483.9997822176665,-1061.1573434774764,353.1774523155764,296.4188606380485,right_blink
1761185212.1779184,-1498.2637606486678,-1062.6420837598853,376.2451552422717,266.24160789558664,right_blink
1761185212.2079797,-1584.072025232017,-1174.3790747360326,299.2443550545722,170.4291109307669,right_blink
1761185212.2079797,-1535.9170734025538,-1105.1684861560352,321.3359440928325,251.6933970679529,right_blink
1761185212.2087276,-1470.5286625772715,-1036.3599368212745,374.0217847186141,323.64720226544887,right_blink
1761185212.2094188,-1557.4888163469732,-1153.7703560302034,314.00387022970244,172.03913786169142,right_blink
1761185212.2094188,-1531.4553727554157,-1117.4895865600556,310.06575557636097,223.09625205677003,right_blink
1761185212.2222204,-1491.8872312242165,-1076.563861344941,362.1999609586783,295.9083642940968,right_blink
1761185212.2222204,-1536.1227679001167,-1143.0555426571518,346.2605073475279,205.47384346555918,right_blink
1761185212.222976,-1556.7969348551705,-1122.4636535011232,317.25758319115266,235.5164598096162,right_blink
1761185212.222976,-1481.4940492473543,-1072.54720879253,339.90641732281074,273.62978025805205,right_blink
1761185212.2365427,-1531.126261559315,-1115.2269470868632,352.94744846830145,226.35744481813163,right_blink
1761185212.2365427,-1560.6303323097527,-1150.5166430687532,313.74581713275984,191.40807973220944,right_blink
1761185212.2522724,-1494.4640222936869,-1057.0453234761953,356.4816539264284,299.89883754681796,right_blink
1761185212.2522724,-1502.325292000547,-1088.7970741000026,374.07040341803804,247.46918006800115,right_blink
1761185212.2529836,-1577.5197205096483,-1173.6254848949611,309.8675408787094,172.7085799537599,right_blink
1761185212.2529836,-1538.0562961772084,-1104.2690402166918,307.73953780392185,238.54577877372503,right_blink
1761185212.2665224,-1478.782621779479,-1061.4060468245298,379.43715985445306,289.93574406486005,right_blink
1761185212.2665224,-1557.021328852512,-1152.6670855432749,344.7682872652076,173.03395124990493,right_blink
1761185212.2822716,-1557.9189048418775,-1140.7480243844911,325.9229313884862,220.82239288371056,right_blink
1761185212.2822716,-1490.0771196456626,-1072.9249386880547,346.705555442255,274.25434355065227,right_blink
1761185212.28294,-1518.3806825103238,-1134.7604445554316,349.02429341478273,188.15436677075922,right_blink
1761185212.28294,-1571.3301860829815,-1144.42808594089,320.0176293584518,209.96172341238707,right_blink
1761185212.2965071,-1526.567323513329,-1106.5653387894854,333.9637162932195,248.36301615741104,right_blink
1761185212.2965071,-1503.1405901908875,-1095.5288940202445,369.14495517639443,234.54034592118114,right_blink
1761185212.3122616,-1552.3838529074565,-1157.5813140850514,329.00460895197466,181.32904935162514,right_blink
1761185212.3122616,-1523.8596359454095,-1094.799613528885,330.6239856327884,251.13802192453295,right_blink
1761185212.3129628,-1484.9609365062788,-1073.4896635813639,380.7124657393433,267.03633663617074,right_blink
1761185212.3129628,-1553.6479390924796,-1155.546808509156,336.9855554574169,189.22771805804223,right_blink
1761185212.3264546,-1550.2820291323587,-1131.0317642996088,345.2282949597575,238.27650597691536,right_blink
1761185212.3264546,-1502.5646455977112,-1070.7183977141976,346.4774215449579,273.04261596500874,right_blink
1761185212.3421917,-1523.8222369458526,-1109.9686477491632,358.078591207508,211.2145898975432,right_blink
1761185212.3421917,-1540.9995974423364,-1136.1142883393914,347.9172830278985,211.506302094087,right_blink
1761185212.342984,-1513.4627140685916,-1090.4613295802847,349.89943000441417,240.2960519529879,right_blink
1761185212.342984,-1516.1330026369542,-1102.0251002432778,356.1600225302391,225.00360103417188,right_blink
1761185212.356594,-1559.8935720184818,-1158.5723875733092,327.07482057483867,174.66454763058573,right_blink
1761185212.356594,-1523.4370272504166,-1109.2879859572276,326.756929078605,260.88794110901654,right_blink
1761185212.372182,-1491.0794128337875,-1075.2922953600064,386.37467427225783,273.43904536031187,right_blink
1761185212.372182,-1545.1808055927977,-1154.136866225861,366.5719040068798,182.82126943394542,right_blink
1761185212.3729248,-1517.2998514231294,-1124.1840074807405,341.7801072006114,198.5064098481089,right_blink
1761185212.3729248,-1492.2126025203615,-1063.2797367023304,388.40170004824176,291.4653631467372,right_blink
1761185212.386561,-1538.048816377297,-1126.5027454532683,336.45074976375327,206.89500544872135,right_blink
1761185212.386561,-1548.5691549526528,-1134.1097019631416,322.44856432965025,236.12606350239366,right_blink
1761185212.402189,-1510.2912789061666,-1086.0108486330137,343.2461479832418,278.73848359752446,right_blink
1761185212.402189,-1501.4800746105611,-1091.5982591668144,375.92539379606023,249.95621353853494,right_blink
1761185212.4029198,-1542.9892242187634,-1147.842614600435,361.7175138643943,202.10793350543827,right_blink
1761185212.4029198,-1528.5045916903764,-1121.2444461155683,373.4832391249947,230.46011506952345,right_blink
1761185212.416525,-1493.846938800998,-1068.3809602418914,383.6183680049144,268.22562482208014,right_blink
1761185212.416525,-1560.1104862159118,-1135.9721721410751,341.91100369906053,180.33423596341163,right_blink
1761185212.4322095,-1558.262975637801,-1128.8439228255302,334.3526658886112,215.82962644286454,right_blink
1761185212.4322095,-1497.1604901617393,-1088.4492634041235,358.3403842044063,257.4098341502249,right_blink
1761185212.4329176,-1498.3385586477816,-1094.4705023327842,390.00611712923273,243.93871450982988,right_blink
1761185212.4329176,-1562.3731256891042,-1158.7706022709608,329.63291214453056,183.6851863237098,right_blink
1761185212.4465387,-1522.5693704606965,-1089.18976359535,365.5209921193309,254.7507652817294,right_blink
1761185212.4465387,-1480.7759884558618,-1072.618266891688,403.0209689750336,267.33552863262594,right_blink
1761185212.462204,-1571.2591279838234,-1149.963137875311,343.75103447725996,177.98183889128268,right_blink
1761185212.462204,-1551.6844916157424,-1112.9119490142912,326.77936847833917,215.23124244995415,right_blink
1761185212.462914,-1461.3846071856096,-1034.5834843423218,405.56036104494706,298.70954936090857,right_blink
1761185212.462914,-1548.939405048266,-1153.6170201320201,351.3318116874434,176.85238910466433,right_blink
1761185212.476516,-1542.667592822574,-1152.543668844737,335.82618647115305,187.7878565751016,right_blink
1761185212.476516,-1501.311779112555,-1083.0488478681073,378.5395838650875,264.43336626701057,right_blink
1761185212.492169,-1521.3913019746542,-1093.0231610499322,399.5877408157103,245.4832931915298,right_blink
1761185212.492169,-1563.6446916740388,-1157.368139787577,350.09764470206574,190.66009974107146,right_blink
1761185212.4930096,-1522.8685624571517,-1097.7092556944117,363.50892594316974,242.94016122166067,right_blink
1761185212.4930096,-1489.7180892499164,-1066.335234966129,395.5075099640526,250.20304693561047,right_blink
1761185212.506566,-1557.9189048418775,-1170.0501405373216,341.9558824985288,170.76757187675685,right_blink
1761185212.506566,-1536.1302477000281,-1115.8739497791976,351.3280717874877,244.94100769795477,right_blink
1761185212.5222056,-1492.5342339165509,-1064.0912949927151,394.4939970760606,267.9339126255363,right_blink
1761185212.5222056,-1535.213972210884,-1127.8154503377154,369.9714730666019,204.15365878120065,right_blink
1761185212.5230007,-1574.6212980439886,-1163.7521490119398,314.51997642358765,169.21551339514554,right_blink
1761185212.5230007,-1485.7201361972839,-1055.807416590862,392.03314290521666,312.17318920139223,right_blink
1761185212.536683,-1516.2601592354476,-1095.2895404230803,403.44357767002657,241.223547141999,right_blink
1761185212.536683,-1565.9110710471869,-1169.7995672402903,329.5094954459928,170.06073078513145,right_blink
1761185212.552468,-1523.661421247758,-1091.3663853695616,360.8984757740982,259.55279682483524,right_blink
1761185212.552468,-1486.5578737873584,-1076.4479244463146,406.1363056381233,245.55061139073223,right_blink
1761185212.5529342,-1543.0378429181874,-1142.0457696691155,368.4568135845475,191.29588273353875,right_blink
1761185212.5529342,-1561.0529410047457,-1144.0727954450995,335.5830929740332,192.30191582161933,right_blink
1761185212.5665052,-1486.0642069932073,-1070.2471703197807,394.609933974687,270.9781911894679,right_blink
1761185212.5665052,-1530.090309271589,-1141.1781128793955,365.24423952260986,178.3483490869403,right_blink
1761185212.582347,-1564.8638990595937,-1145.3855003295466,347.24784093583,186.03758339583874,right_blink
1761185212.582347,-1516.7538260295987,-1094.6724569303915,377.8738816729747,233.87838362902403,right_blink
1761185212.582994,-1505.3546109646559,-1112.4257620200515,396.696798149962,228.7360211899504,right_blink
1761185212.582994,-1570.6158651914448,-1154.3949193228036,340.63569781417027,176.39238141011447,right_blink
1761185212.596574,-1515.0596513496712,-1097.7242152942345,346.82523224083707,233.23512083664536,right_blink
1761185212.596574,-1497.478381657973,-1085.5022222390398,393.9816307821311,234.71986111905426,right_blink
1761185212.6123018,-1548.4681776538491,-1150.3820066703483,380.0579832470976,169.24917249474674,right_blink
1761185212.6123018,-1540.2254381515086,-1120.1935342280194,368.92056117905304,210.85181960184127,right_blink
1761185212.613066,-1504.6028910735622,-1084.017481956631,392.03314290521666,236.82916469406337,right_blink
1761185212.613066,-1531.391794456169,-1117.5756042590365,389.7144049326889,199.39650603756309,right_blink
1761185212.626493,-1568.0278544221073,-1143.4183129528537,342.5430467915721,178.03045759070665,right_blink
1761185212.626493,-1493.1924563087523,-1071.65337270312,383.7118655038066,260.28955711610615,right_blink
1761185212.6422536,-1510.0294859092683,-1120.668501522392,390.29034952586517,190.7236780403182,right_blink
1761185212.6422536,-1550.8766732253134,-1138.8593749068677,371.7853245451115,187.70931867603213,right_blink
1761185212.6429577,-1504.6328102732077,-1086.7625685241073,386.8720809663646,248.92400115076452,right_blink
1761185212.6429577,-1513.8853227635846,-1094.01423453819,399.86449341243133,215.24246214982122,right_blink
1761185212.6564865,-1562.2609286904335,-1163.7409293120727,349.2673869119026,161.12610979098827,right_blink
1761185212.6564865,-1514.34907035809,-1105.4807678023353,370.573596959468,245.03076529689133,right_blink
1761185212.672215,-1484.815080408007,-1063.646246897988,413.04390085628256,241.29460524115711,right_blink
1761185212.672215,-1537.5027909837663,-1124.1840074807405,391.10564771620557,187.59338177740574,right_blink
1761185212.672908,-1561.3670926010236,-1160.9135649455711,343.3658247818239,176.58311630785465,right_blink
1761185212.672908,-1491.9134105239064,-1082.7608755715191,401.97379698744044,248.785624852404,right_blink
1761185212.6864805,-1500.1262308266014,-1087.2936343178153,429.20400856481865,242.8541435226798,right_blink
1761185212.6864805,-1570.5223676925525,-1168.4307638565078,354.83609794592485,146.2188685676083,right_blink
1761185212.7021928,-1512.987746774219,-1096.3516720104963,369.5974830710329,234.68620201945305,right_blink
1761185212.7021928,-1486.8720253836364,-1073.9122722763568,409.08708670316264,246.8633162751794,right_blink
1761185212.7029295,-1538.6060614706948,-1139.5475164987147,377.91502057248726,178.1202151896432,right_blink
1761185212.7029295,-1547.7276774626225,-1135.504684646614,339.2594146304764,179.14494777750224,right_blink
1761185212.7165031,-1493.0690396102145,-1068.362260742113,395.07368156919256,243.72554021235555,right_blink
1761185212.7165031,-1542.4095397256315,-1138.7920567076653,391.04580931691453,177.52183119673282,right_blink
1761185212.7321856,-1548.77110955026,-1137.2250386262313,346.4362826454453,187.96363187301904,right_blink
1761185212.7321856,-1493.858158500865,-1070.871733612381,393.9778908821754,256.7104728585109,right_blink
1761185212.7328691,-1528.8374427864328,-1115.9450078783557,379.78123065037653,213.3238934725523,right_blink
1761185212.7328691,-1557.8254073429853,-1165.0012755971402,340.4038240169175,156.86636374145746,right_blink
1761185212.7466135,-1518.2759653115645,-1094.4817220326513,384.13821409875527,235.25092691276222,right_blink
1761185212.7466135,-1504.5767117738724,-1098.6629301831126,421.52973385574296,225.93483612313867,right_blink
1761185212.7622335,-1558.9361576298252,-1165.292987793684,370.3529428620823,153.98290087562054,right_blink
1761185212.7622335,-1555.0990202752873,-1111.1317566353828,345.86033805226907,222.8045398602262,right_blink
1761185212.7628946,-1483.173264327459,-1054.3376359082758,402.6881178789772,267.51878373045474,right_blink
1761185212.7628946,-1552.8139414023608,-1155.5056696096435,365.3339971215464,162.1097034793347,right_blink
1761185212.7767048,-1570.0623599980026,-1158.370432975702,346.8214923408814,160.35569040011615,right_blink
1761185212.7767048,-1469.2234374927357,-1060.0222838409245,415.94606322189793,282.7326967502013,right_blink
1761185212.792227,-1509.7863924121484,-1107.8630840741098,415.19808323075995,219.45358949992806,right_blink
1761185212.792227,-1571.820112977177,-1160.5433148499578,360.69278127653524,155.06373196281493,right_blink
1761185212.792926,-1544.7731564976275,-1106.6251771887764,388.56251574633643,218.7355287084356,right_blink
1761185212.792926,-1494.2919868957251,-1084.8776589464396,418.27602089429274,232.38990344665945,right_blink
1761185212.8064747,-1570.1109786974266,-1159.0473548676819,363.8268174394034,153.11524408590049,right_blink
1761185212.8064747,-1539.6756728580222,-1128.484892429784,365.50229261955246,201.68158491048962,right_blink
1761185212.8222296,-1504.7824062714353,-1086.6765508251265,408.2792683127336,222.32209276594222,right_blink
1761185212.8222296,-1555.7759421672672,-1147.3152887066826,410.15295819053426,172.7534587532282,right_blink
1761185212.822906,-1576.4800283219665,-1175.869424868375,343.5191606800072,160.47162729874253,right_blink
1761185212.822906,-1517.3709095222875,-1080.65157199651,386.7187450681813,250.23670603521168,right_blink
1761185212.8365543,-1526.1073158187792,-1113.6561891054735,393.45056498842314,199.25812973920256,right_blink
1761185212.8365543,-1562.8256535837427,-1160.41989815142,363.927794738207,160.50902629829943,right_blink
1761185212.8521922,-1517.1165963253006,-1096.9313565036282,388.2034853505902,227.41583650559187,right_blink
1761185212.8521922,-1502.7516405954957,-1091.4374434687197,412.8718654583208,230.35539787076414,right_blink
1761185212.8529344,-1567.9493165230379,-1154.6754118194804,391.9770444058813,151.76888010185212,right_blink
1761185212.8529344,-1552.6493858043104,-1136.5069778347388,376.59109598817304,180.79798355791718,right_blink
1761185212.8664694,-1489.2954805549234,-1075.17635846138,451.14226170489565,250.43866063281894,right_blink
1761185212.8664694,-1548.5504554528743,-1148.4035995937884,398.37227333011106,167.27824521809816,right_blink
1761185212.8822389,-1576.5323869213462,-1146.9450386110693,355.53919913759455,167.72329331282526,right_blink
1761185212.8822389,-1504.4906940748915,-1066.3277551662177,404.3972521587275,249.75425894092768,right_blink
1761185212.882956,-1521.054710978642,-1103.9997674198821,411.93689046939835,196.8309346679598,right_blink
1761185212.882956,-1538.0899552768096,-1143.7362044490874,369.0065788780339,181.22059225291014,right_blink
1761185212.896521,-1501.2482008133084,-1069.6450464269146,388.01275045285,237.17323548998684,right_blink
1761185212.896521,-1511.6226832903922,-1085.6779975369573,432.9214691207744,226.17044982034713,right_blink
1761185212.912232,-1550.4129256308079,-1134.1695403624326,399.1726119206287,179.4516195738688,right_blink
1761185212.912232,-1528.5719098895788,-1116.2890786742792,377.6494876756333,195.21903778705746,right_blink
1761185212.9129732,-1462.985284366645,-1045.8966817082837,434.4810074022971,271.9430853780359,right_blink
1761185212.9129732,-1551.1496859220788,-1143.175219455734,379.2763441563584,153.2984991837293,right_blink
1761185212.9265857,-1548.5504554528743,-1120.9190748194233,368.35583628574386,195.9819773780182,right_blink
1761185212.9265857,-1508.4063693284988,-1076.7358967429027,408.1334122144617,233.63903003185987,right_blink
1761185212.9422536,-1515.1381892487407,-1090.2070163832977,433.13464341824874,210.48530940618366,right_blink
1761185212.9422536,-1578.2415212010965,-1171.15341102425,372.7576985335909,145.20161577966064,right_blink
1761185212.9429643,-1494.6472773915157,-1072.2180975964293,408.59715980896726,253.59513619542122,right_blink
1761185212.9429643,-1500.0626525273547,-1090.1022991845384,411.67883737245575,216.0615002401173,right_blink
1761185212.9565198,-1555.5814673695713,-1161.1940574422479,372.9072945318185,141.11390512809157,right_blink
1761185212.9565198,-1530.2286855699494,-1111.490787031129,375.91791399614885,203.75348948594183,right_blink
1761185212.9722881,-1482.967569829896,-1043.046877942048,436.1490027825348,267.720738328062,right_blink
1761185212.9722881,-1549.8818598371,-1138.747177908197,395.0213229698129,169.2678719945252,right_blink
1761185212.9730108,-1555.7572426674888,-1149.4358119815588,360.4496877794154,160.1911348020658,right_blink
1761185212.9730108,-1472.1816983576864,-1055.2015527980402,439.76922593964264,270.40598649624735,right_blink
1761185212.986544,-1500.9789280164987,-1107.1712025823072,438.42286195559427,200.03976882994175,right_blink
1761185212.986544,-1567.803460424766,-1167.162937771529,361.9419078617357,145.15299708023667,right_blink
1761185213.0022805,-1526.2868310166523,-1112.8521106150001,388.0912883519195,207.22037674486637,right_blink
1761185213.0022805,-1479.579220470041,-1058.7170587563887,432.5250397254713,252.53674450796098,right_blink
1761185213.0030327,-1556.6398590570316,-1150.1875318726525,395.357913965825,152.1877488968894,right_blink
1761185213.0030327,-1548.6102938521653,-1139.5961351981387,365.7902649161406,189.8261020509526,right_blink
1761185213.016461,-1495.5747725805268,-1071.9974434990436,417.0343741090037,232.80503234174103,right_blink
1761185213.016461,-1535.1279545119032,-1126.2446923563257,407.9800763162784,174.05120403785259,right_blink
1761185213.0323615,-1562.025314993225,-1151.1187669616193,372.57818333571777,159.21128101367503,right_blink
1761185213.0323615,-1513.1485624723136,-1104.6804292118177,393.9741509822197,199.58724093530327,right_blink
1761185213.0331044,-1518.6723947068676,-1129.4348270185292,425.09385851351544,196.00067687779665,right_blink
1761185213.0331044,-1565.5333411516622,-1166.8637457750738,379.32122295582667,147.86816444806755,right_blink
1761185213.0465539,-1520.4451072858647,-1105.2713334048167,389.3815538366325,206.82394734956324,right_blink
1761185213.0465539,-1515.530878744088,-1121.3641229141504,432.8616307214834,184.63512091245502,right_blink
1761185213.0622017,-1561.5690471986309,-1133.8441690662876,387.51908365869895,161.39164268784225,right_blink
1761185213.0622017,-1538.1759729757905,-1130.4707793062553,355.6326966364868,175.76407821755856,right_blink
1761185213.0629425,-1490.3912712419406,-1113.7758659040555,422.5170674440451,233.54927243292332,right_blink
1761185213.0629425,-1534.2303785225376,-1159.9000520575792,416.2489951183088,172.2261328594759,right_blink
1761185213.0764985,-1558.4611903354526,-1159.7953348588198,379.4222002546303,173.7146130418405,right_blink
1761185213.0764985,-1500.2421677252278,-1081.7062237840146,431.16371614160016,251.7812847169116,right_blink
1761185213.0921595,-1547.3798667667434,-1146.5299097159877,426.54119979636744,151.76514020189643,right_blink
1761185213.0921595,-1547.4247455662116,-1152.7531032422557,377.55599017674103,166.46668692771345,right_blink
1761185213.092935,-1516.7052073301747,-1117.328770861961,391.10564771620557,221.17020357958972,right_blink
1761185213.092935,-1502.628223896958,-1091.0522337732837,420.65085736615583,216.12507853936404,right_blink
1761185213.1065714,-1577.1120714144781,-1201.3381435666233,376.73321218648925,135.1786838984117,right_blink
1761185213.1065714,-1533.3851611325517,-1116.206800875254,392.59786779852584,226.78379341308028,right_blink
1761185213.1221569,-1494.4004439944401,-1071.7543500019237,429.5555591606535,241.05525164399296,right_blink
1761185213.1221569,-1555.5403284700587,-1153.3851463347673,385.866047878284,155.46764115802944,right_blink
1761185213.1229296,-1543.7372042099014,-1136.5630763340741,384.44114599516615,192.88160031475127,right_blink
1761185213.1229296,-1510.2314405068755,-1094.5602599317208,419.19229638343677,247.3756825691089,right_blink
1761185213.1365604,-1509.236627118662,-1093.5243076439947,457.2420385326259,237.86511698178947,right_blink
1761185213.1365604,-1575.4291164344177,-1166.295280981809,377.5335507770069,170.76383197680116,right_blink
1761185213.152327,-1513.156042272225,-1089.698389989324,409.3937584995292,237.04981879144907,right_blink
1761185213.152327,-1480.3982585603371,-1072.7790825897828,436.0704648834653,231.87753715272993,right_blink
1761185213.152897,-1563.3454996775836,-1162.9592902213335,383.2705573090352,157.32263153605163,right_blink
1761185213.152897,-1536.1115482002497,-1130.6689940039068,374.80342380935326,207.62428594008088,right_blink
1761185213.166587,-1482.1298322398216,-1074.174065273255,445.80542446812615,257.1592608531937,right_blink
1761185213.166587,-1556.321967560798,-1153.3477473352104,395.0624618693255,164.06193125620484,right_blink
1761185213.1822045,-1560.4994358113036,-1151.6012140559033,391.63297360995784,186.66214668843895,right_blink
1761185213.1822045,-1503.495880686678,-1097.8064930932596,413.75822174781933,244.4136818042025,right_blink
1761185213.1829467,-1527.4275005031377,-1126.4242075541988,436.5678715775721,192.945178613998,right_blink
1761185213.1829467,-1551.4862769180909,-1156.2910486003384,397.26900284318253,191.35946103278548,right_blink
1761185213.197224,-1521.6194358719513,-1109.1496096588671,383.6744665042497,223.76569414883852,right_blink
1761185213.197224,-1532.9513327376917,-1104.931002508849,431.8107188339345,204.29577497951686,right_blink
1761185213.1979275,-1559.9309710180387,-1160.214203653857,397.8075484368019,176.88791815424338,right_blink
1761185213.2115476,-1523.624022248201,-1105.8061390984803,393.14763309201226,222.312743016053,right_blink
1761185213.2115476,-1507.6247302377596,-1100.4730417616665,428.5196068729274,228.24422434577718,right_blink
1761185213.2272515,-1555.5104092704132,-1160.3750193519518,405.78101514233276,158.8354210681282,right_blink
1761185213.2272515,-1530.2062461702153,-1132.1761736860499,396.5846011512913,212.47680613258854,right_blink
1761185213.2279727,-1499.5615059332922,-1089.563753590919,419.0015614856966,245.7993147377856,right_blink
1761185213.2279727,-1523.6651611477137,-1123.3724491903558,435.80119208665565,206.62012280197814,right_blink
1761185213.2414944,-1579.2812133887783,-1175.8432455686852,376.0787296942435,151.88294705050066,right_blink
1761185213.2414944,-1510.7961654001847,-1089.032687797211,426.3616845984943,253.82514004269615,right_blink
1761185213.257247,-1523.4632065501064,-1115.398982484825,426.4402224975638,218.18389346497133,right_blink
1761185213.257247,-1554.3884392837062,-1155.2550963126123,399.808394913096,182.49402818782255,right_blink
1761185213.2579224,-1555.2785354731604,-1149.4844306809828,382.58241571718827,186.8510116362013,right_blink
1761185213.2579224,-1472.7202439513057,-1065.96124497056,458.1583140217699,269.68231585482135,right_blink
1761185213.2715409,-1546.4860306773335,-1150.7185976663604,411.4806226748042,158.34175427397713,right_blink
1761185213.2715409,-1550.1249533342198,-1154.305161723867,386.565409169998,190.63953029131517,right_blink
1761185213.2871697,-1497.9795282520354,-1098.7751271817833,417.68511670129374,235.42109236074612,right_blink
1761185213.2871697,-1512.9204285750166,-1113.09520411212,448.412134737242,218.41202736226842,right_blink
1761185213.2879443,-1569.8267463007942,-1162.61521942541,377.1184218819253,147.8288954985328,right_blink
1761185213.2879443,-1519.5325716966763,-1104.9160429090261,407.82674041809514,229.80002272734419,right_blink
1761185213.3015258,-1485.791194296442,-1086.1454850314185,444.7769519803114,244.84564024908468,right_blink
1761185213.3015258,-1563.2707016784698,-1176.5351270604879,396.33028795430437,151.47903785528615,right_blink
1761185213.3171299,-1539.821528956294,-1144.5627223392949,393.0578754930757,189.86163110053167,right_blink
1761185213.3171299,-1486.6214520866051,-1105.652803200297,454.1678407690488,238.60374722303823,right_blink
1761185213.3179965,-1523.683860647492,-1135.5682629458606,445.4875329718925,199.62276998488232,right_blink
1761185213.3179965,-1564.0897397687659,-1172.2192825116217,398.89585932390764,187.93558262335137,right_blink
1761185213.3315518,-1497.7139953551814,-1093.0642999494448,418.5452936911024,247.7328430148773,right_blink
1761185213.3315518,-1513.1036836728454,-1113.0428455127403,430.1427234536968,202.60721014952287,right_blink
1761185213.347238,-1541.799936032854,-1144.368247541599,389.4226927361451,188.78453991329297,right_blink
1761185213.347238,-1516.7351265298203,-1104.953441908583,407.1759978258051,227.96373184910044,right_blink
1761185213.3479543,-1496.9286163644865,-1106.6737958882004,449.1675945282914,231.74103080434725,right_blink
1761185213.3479543,-1547.8810133608058,-1157.1736649898812,415.48605552734807,186.2975064427592,right_blink
1761185213.3615527,-1530.0005516726524,-1129.3936881190166,391.51329681137577,211.38475534552708,right_blink
1761185213.3615527,-1496.2292550727725,-1100.671256459318,422.31511284643784,235.5781681588851,right_blink
1761185213.3772027,-1538.9800514662638,-1157.6748115839437,410.89345838176087,186.9220697353594,right_blink
1761185213.3772027,-1557.0138490526006,-1137.1652002269402,384.5047242944129,203.6356826373376,right_blink
1761185213.3779151,-1513.3056382704526,-1098.0757658900693,422.76390084112063,228.81642903899774,right_blink
1761185213.3779151,-1513.649709066376,-1127.1983668450266,447.33130365004763,219.44423975003883,right_blink
1761185213.3915005,-1562.5115019874647,-1169.7023298414424,389.5311498348601,179.24031522637233,right_blink
1761185213.3915005,-1505.870717158541,-1103.3602445274591,408.6532583083026,248.81741400202736,right_blink
1761185213.40718,-1491.6216983273625,-1090.5922260787338,461.14275418641046,242.03323548240587,right_blink
1761185213.40718,-1556.8717328542843,-1164.425331003964,394.1611459800042,160.60065384721383,right_blink
1761185213.4078689,-1522.371155763045,-1114.000259901397,407.9950359161012,217.64908777130768,right_blink
1761185213.4078689,-1495.9188433764502,-1091.759074864909,445.2257399749942,233.7568368804641,right_blink
1761185213.421507,-1557.406538547948,-1155.1915180133656,416.0021617212333,180.1752902152948,right_blink
1761185213.421507,-1551.2581430207938,-1154.4285784224048,375.1998532046564,194.45422824611887,right_blink
1761185213.43715,-1473.9394513368607,-1089.4253772925586,429.20400856481865,253.94855674123392,right_blink
1761185213.43715,-1517.557904520072,-1145.51265692804,458.39766761893407,184.53601356362924,right_blink
1761185213.4379184,-1527.038550907746,-1159.1371124666184,404.27009556023404,188.57884541573003,right_blink
1761185213.4379184,-1510.624130002223,-1117.4933264600113,400.0926273097284,229.60180802969262,right_blink
1761185213.4514968,-1492.594072315842,-1090.0312410853803,463.48019165871665,203.72544023627415,right_blink
1761185213.4514968,-1541.6017213352025,-1152.5586284445599,418.45553609216586,191.26409358391538,right_blink
1761185213.4672792,-1520.4825062854216,-1133.500098270364,424.8507650163956,210.74149255314842,right_blink
1761185213.4672792,-1465.154426340945,-1085.6069394377992,454.743785362225,261.01696765748784,right_blink
1761185213.4678853,-1512.337004181929,-1147.7266777018085,450.872988908086,173.42103089531884,right_blink
1761185213.4678853,-1501.5698322094977,-1143.1677396558225,468.25978380208835,107.00414758222178,right_blink
1761185213.481566,-1449.7871774230152,-1085.2030302425846,474.96168452268466,338.3281795415096,right_blink
1761185213.481566,-1519.2371196001768,-1130.0930494107306,423.5231005321257,206.223693406675,right_blink
1761185213.4972253,-1567.223775931634,-1185.2715333569795,379.6054553524591,169.2847015443258,right_blink
1761185213.4972253,-1462.465438272804,-1091.747855165042,460.2750973966904,223.80870299832895,right_blink
1761185213.4979303,-1466.5045302249491,-1108.1884553702548,480.75478955404833,299.8932276968844,right_blink
1761185213.4979303,-1542.7872696211562,-1185.6417834525928,436.1190835828893,210.50587885593995,right_blink
1761185213.5115905,-1459.5894552068785,-1107.197381881997,521.7253935686313,-72.36519419262186,right_blink
1761185213.5115905,-1404.7363425567746,-1075.5952272564173,591.2127347453497,145.25584432901815,right_blink
1761185213.527111,-1527.5284778019413,-1172.5483937077224,400.0589682101272,202.2967984532006,right_blink
1761185213.527111,-1511.0542184971273,-1168.3223067577928,438.43782155541703,67.37616765173152,right_blink
1761185213.5280643,-1509.924768710509,-1162.3833456281573,446.8974752551876,475.99763681041077,right_blink
1761185213.5280643,-1473.7823755387217,-1156.814634594135,520.0985370879062,50.63263555010781,right_blink
1761185213.5414357,-1523.1378352539614,-1200.6350423749536,361.73247346421704,353.8225850579329,right_blink
1761185213.5414357,-1455.9093936504796,-1144.2410909431055,482.79303502989933,149.8634010744281,right_blink
1761185213.5571504,-1451.8067233990878,-1196.3528569256887,543.4766517109238,393.7609766847454,right_blink
1761185213.5571504,-1532.7344185402617,-1227.1060542613268,426.38038409827277,249.45693689445034,right_blink
1761185213.5578716,-1520.8976351805031,-1190.5298326946795,456.7259323387407,335.05202718032524,right_blink
1761185213.5578716,-1456.4142801444978,-1147.7154580019414,551.397759817075,359.5334122902714,right_blink
1761185213.571613,-1536.3471618974581,-1247.9485167143866,473.1291335443966,302.7991299624555,right_blink
1761185213.571613,-1503.2527871895581,-1216.802629883401,537.7433850788511,262.60642513865605,right_blink
1761185213.5872831,-1468.0678084064275,-1176.5164275607094,537.2310187849216,283.84157708706334,right_blink
1761185213.5872831,-1522.4945724615827,-1244.784561351873,582.5399067481048,353.5533122611232,right_blink
1761185213.587983,-1509.76769291237,-1242.3648460805416,564.5210687615909,261.11794495629147,right_blink
1761185213.587983,-1491.651617527008,-1204.816250525415,600.5961437341757,397.6205534390174,right_blink
1761185213.601479,-1520.9686932796612,-1230.902052716352,605.8020844724961,358.0748513075523,right_blink
1761185213.601479,-1559.0670541282743,-1279.4197748415172,579.5031079840846,350.5838316963054,right_blink
1761185213.6172464,-1533.0223908368498,-1256.1426375173032,595.9399682893418,341.0022080098279,right_blink
1761185213.6172464,-1476.1497322106734,-1183.3641843795776,695.7691178065725,382.66095361625776,right_blink
1761185213.61797,-1550.5139029296115,-1277.6919410619885,604.8035311843269,293.54661747207865,right_blink
1761185213.61797,-1561.8233603956178,-1265.7130415039137,572.8273865631782,337.5540202506818,right_blink
1761185213.6314287,-1489.5984124513343,-1195.9601674303412,621.2329116896726,432.01641333149746,right_blink
1761185213.6314287,-1531.6423677532002,-1262.1937956456095,613.5960359801538,318.10654048109427,right_blink
1761185213.6629667,-1571.5134411808103,-1262.971694836393,612.6012225919403,336.41335076419637,right_blink
1761185213.6629667,-1529.581682877615,-1216.574495986104,575.2845008340664,389.92757923016325,right_blink
1761185213.6636896,-1518.100190013647,-1206.2935110079125,558.9972365270369,375.33448960306123,right_blink
1761185213.6636896,-1569.1834835084155,-1274.236273502931,544.2769903014414,316.95839119469747,right_blink
1761185213.6644397,-1537.7010056814179,-1234.3689399752766,562.9764900798909,328.3239471600391,right_blink
1761185213.6644397,-1500.6647764202207,-1190.7093478925526,622.0893487795256,422.01218095002696,right_blink
1761185213.6772137,-1579.0269001917914,-1256.6363043114543,507.83540513319895,360.7900186753832,right_blink
1761185213.6772137,-1570.3877312941477,-1231.3695402108133,478.11068028537557,374.9044011081569,right_blink
1761185213.6779575,-1531.4927717549726,-1173.554426795803,523.4681869479828,446.3364902618341,right_blink
1761185213.6779575,-1574.3370656473562,-1229.768863029778,528.326316990424,363.0077793491073,right_blink
1761185213.6918166,-1596.1967808883637,-1225.1949653839692,529.2463323795237,377.2680178801529,right_blink
1761185213.6918166,-1575.9489625282586,-1191.4498480837792,477.9872635868378,406.5402148333378,right_blink
1761185213.7071939,-1599.6262691477314,-1202.5049923527986,454.66150756319985,437.4542278670706,right_blink
1761185213.7071939,-1630.1251532863826,-1240.9324643975124,446.42998776072636,369.54886437160894,right_blink
1761185213.7079787,-1580.9417289691046,-1166.7590285763144,469.81184228369966,447.8623694437556,right_blink
1761185213.7079787,-1557.032548552379,-1139.1286477036774,505.61016465956345,448.7225464335643,right_blink
1761185213.7215664,-1624.5190432528034,-1230.9170123161748,440.8575368267484,312.82206184370443,right_blink
1761185213.7215664,-1650.8105399413034,-1215.246831501834,405.08165385061875,368.13892208831385,right_blink
1761185213.7372096,-1569.1311249090359,-1103.001214131713,449.5640239235945,503.3288256865926,right_blink
1761185213.7372096,-1623.449431865476,-1180.428362914361,416.4472098159604,375.9066942962818,right_blink
1761185213.737888,-1652.250401424244,-1205.3360966192558,375.8992144963704,338.23468204261735,right_blink
1761185213.737888,-1606.264591569081,-1135.3251694487408,395.96751765860245,393.2785295904614,right_blink
1761185213.7515104,-1604.3123637922108,-1156.7435764949769,399.59148071566597,410.7251628837548,right_blink
1761185213.7515104,-1651.057373338379,-1197.4000289132819,348.79989941744134,381.21361233340576,right_blink
1761185213.76725,-1632.7206438556314,-1146.9038997115567,347.76020722975954,412.74470885982737,right_blink
1761185213.76725,-1598.388362262398,-1105.3685708036646,386.0979216755368,452.81025708513334,right_blink
1761185213.76799,-1651.0910324379802,-1171.0973125249147,381.355728531722,326.16228498565033,right_blink
1761185213.76799,-1637.6722713969648,-1163.7671086117625,340.9909883099608,328.0546743632294,right_blink
1761185213.7814984,-1590.1418828601018,-1092.783807452768,338.9490029341541,470.4925040756352,right_blink
1761185213.7814984,-1647.8821982759982,-1163.5165353147313,335.78504757164046,386.3896338720806,right_blink
1761185213.7972414,-1671.6904013939202,-1187.5977511294186,310.0620156764053,347.79386632936075,right_blink
1761185213.7972414,-1619.4439990129322,-1109.029932860285,348.7064019185491,395.66832566214725,right_blink
1761185213.7979505,-1606.0065384721383,-1118.5778974471614,379.44463965436444,398.25633643148467,right_blink
1761185213.7979505,-1667.2436603466049,-1180.791133210063,320.6608921508305,310.1966520748101,right_blink
1761185213.811554,-1634.5793741336092,-1134.6295480569825,314.6134739224799,405.5828004446812,right_blink
1761185213.811554,-1577.9198898049071,-1096.2058159122244,356.98280052049085,412.1425849669613,right_blink
1761185213.827176,-1649.6436911551282,-1173.517027796246,324.6476255035959,317.18652509199455,right_blink
1761185213.827176,-1664.6631293771788,-1150.9093325641006,280.98803342087194,334.6219386854209,right_blink
1761185213.8278975,-1603.9757727961987,-1090.9362968746573,315.11462051654235,425.26963381143287,right_blink
1761185213.8278975,-1630.1139335865155,-1129.146854721941,339.7418617247604,361.515559266787,right_blink
1761185213.8415568,-1667.0716249486431,-1168.4719027560204,285.27769867004827,326.45773708214983,right_blink
1761185213.8415568,-1605.1688008820638,-1106.2474472932518,277.43138856301084,395.96003785869107,right_blink
1761185213.8571684,-1613.9912248775363,-1113.1400829115883,316.5806612991728,393.3944664890878,right_blink
1761185213.8571684,-1659.4459689389914,-1158.7107638716698,287.970426638145,321.07602104591206,right_blink
1761185213.8579812,-1628.4571579061449,-1125.7435457622632,260.930949958507,375.08391630603,right_blink
1761185213.8579812,-1610.363521920517,-1089.8816450871527,303.4910114542581,411.2562286774628,right_blink
1761185213.871524,-1645.3839451055974,-1148.9047461878508,283.3853092924692,328.9260710529052,right_blink
1761185213.871524,-1654.9356495924294,-1129.1917335214093,255.20142322639003,350.13130380166695,right_blink
1761185213.8871956,-1599.8319636452943,-1077.0799675388262,294.44045356148854,398.3909728298895,right_blink
1761185213.8871956,-1629.2836757963523,-1128.8551425253972,291.3438163981773,368.9729197784327,right_blink
1761185213.8879251,-1664.0011670850217,-1150.4904637690634,242.91959177190438,340.3327659177594,right_blink
1761185213.8879251,-1605.2174195814878,-1080.2813219008967,269.7084951545112,385.2714037853293,right_blink
1761185213.9016037,-1602.779004810378,-1084.6495250491425,306.9728583130054,378.62560156406835,right_blink
1761185213.9016037,-1637.9490239936858,-1109.4301021555439,289.8254170161672,368.73730608122423,right_blink
1761185213.917212,-1640.3388200653717,-1110.7091479403898,250.62752558058128,378.24787166854367,right_blink
1761185213.917212,-1559.7177967205644,-1041.046031465754,313.9178525307216,424.9293029154651,right_blink
1761185213.9179325,-1634.4596973350272,-1124.8459697728977,309.0073638889007,329.27762164874,right_blink
1761185213.9179325,-1634.8673464301974,-1140.2169585907832,268.2985528712161,354.1516962540336,right_blink
1761185213.9316063,-1555.8694396661595,-1036.3748964210972,289.94509381474927,427.4911343851127,right_blink
1761185213.9316063,-1624.620020551607,-1102.0998982423916,304.5755824414082,350.64740999555215,right_blink
1761185213.9471595,-1660.4781813267618,-1154.2415834246203,257.75203499617055,306.5278102182783,right_blink
1761185213.9471595,-1564.1346185682341,-1073.1156735857949,317.32864129031077,389.4638316356577,right_blink
1761185213.94798,-1565.8549725478515,-1080.5954734971747,324.9542972999625,378.3376292674802,right_blink
1761185213.94798,-1648.3347261706367,-1157.091387190856,283.50872599100694,291.4896724964492,right_blink
1761185213.961576,-1605.7297858754173,-1097.174450000748,272.1768291252665,338.8854246349074,right_blink
1761185213.961576,-1577.5870387088507,-1076.4367047464475,304.91591333737597,350.6773291951977,right_blink
1761185213.9771757,-1602.1581814177334,-1124.056850882247,291.54203109582886,305.74243122758344,right_blink
1761185213.9771757,-1598.7922714576125,-1114.000259901397,278.80019194679335,335.48959547514096,right_blink
1761185213.9779673,-1563.3417597776279,-1075.6924646552652,309.22427808633074,359.2977985930629,right_blink
1761185213.9779673,-1585.6951418127865,-1108.6185438651592,336.5891260621138,309.6394069814123,right_blink
1761185213.99158,-1610.2251456221566,-1130.5642768051475,294.5638702600263,304.2352515454404,right_blink
1761185213.99158,-1576.5922253206372,-1068.6539729386568,317.44457818893716,381.090195634868,right_blink
1761185214.007235,-1572.1903630727902,-1098.8948039803654,298.59174251230434,316.25529000302777,right_blink
1761185214.007235,-1605.4642529785633,-1152.6745653431863,280.76737932348624,267.213981884066,right_blink
1761185214.007905,-1562.9939490817487,-1071.6010141037405,306.0117040243931,368.39323528530076,right_blink
1761185214.007905,-1557.3990587480366,-1080.4683168986812,325.73967629065737,326.5437547811307,right_blink
1761185214.0215476,-1590.4672541562468,-1147.2330109076574,314.25444352673367,266.38746399385855,right_blink
1761185214.0215476,-1581.2072618659586,-1098.8648847807199,326.42033808259293,338.04768704483286,right_blink
1761185214.0371108,-1562.941590482369,-1084.8813988463953,317.19400489190593,328.59695985680446,right_blink
1761185214.0371108,-1575.6759498314932,-1110.5670317420736,333.60842579742894,300.99275828385726,right_blink
1761185214.0379734,-1609.4996050307527,-1141.1781128793955,297.9110807203688,269.71597495442256,right_blink
1761185214.0379734,-1550.0651149349287,-1076.0776743507013,320.9114654478617,340.97228881018236,right_blink
1761185214.0515616,-1555.1065000751987,-1096.8266393048689,326.756929078605,292.43212728528306,right_blink
1761185214.0515616,-1576.835318817757,-1126.7308793505654,316.9097724952735,270.67712924303487,right_blink
1761185214.0675383,-1574.1388509497046,-1104.5869317129254,304.9121734374203,311.946925254073,right_blink
1761185214.0675383,-1546.6468463754281,-1078.8863392174244,352.28174627618864,304.758837539237,right_blink
1761185214.067927,-1595.6432756949216,-1147.648139802739,330.6539048324339,240.41011890163645,right_blink
1761185214.067927,-1583.3651841403916,-1112.504299919121,308.54735619435087,279.443454739172,right_blink
1761185214.0816839,-1545.322921791114,-1079.615619708784,327.6993838674389,287.8956286390312,right_blink
1761185214.0816839,-1556.538881758228,-1115.578497682698,344.4765750686638,259.82767947157845,right_blink
1761185214.0971491,-1570.3802514942363,-1133.2457850733772,313.07263514073566,249.89824508922175,right_blink
1761185214.0971491,-1561.8981583947316,-1095.4653157209978,312.93051894241944,267.7338279779069,right_blink
1761185214.0978603,-1548.180205357261,-1091.314026770182,350.2696801000275,273.9532816042192,right_blink
1761185214.0978603,-1570.3391125947237,-1133.9862852646038,328.3202072600834,239.29188881488517,right_blink
1761185214.1115396,-1560.3161807134748,-1113.0652849124745,314.6022542226128,258.5411538868211,right_blink
1761185214.1115396,-1531.66854705289,-1076.9752503400669,359.2342202938162,271.821538629476,right_blink
1761185214.1271825,-1584.939682021737,-1135.9833918409422,354.06193865509704,210.03839136147872,right_blink
1761185214.1271825,-1560.5256151109934,-1097.3726646983996,325.2871483960189,269.1811692607589,right_blink
1761185214.1282144,-1518.5863770078868,-1061.4434458240867,361.6053168657236,293.99166556680575,right_blink
1761185214.1282144,-1555.6039067693055,-1116.7939651682973,358.98364699678496,223.96951869642362,right_blink
1761185214.1415524,-1555.7722022673115,-1101.3032995518297,340.4861018159427,253.68302384437993,right_blink
1761185214.1415524,-1526.735619011335,-1081.4519105870277,327.2805150724016,267.8946436760016,right_blink
1761185214.1572893,-1516.2601592354476,-1072.0685015982017,378.7228389629163,273.6241704081185,right_blink
1761185214.1572893,-1572.5643530683592,-1106.5802983893082,361.6763749648817,255.67639052076265,right_blink
1761185214.1581888,-1552.3090549083427,-1080.6179128969088,347.4161364338361,274.34597109956667,right_blink
1761185214.1581888,-1503.0096936924383,-1044.71113342233,383.92129990132526,301.1311345822178,right_blink
1761185214.1715133,-1568.8207132127136,-1124.72255307436,362.5178524549119,219.2385452524759,right_blink
1761185214.1715133,-1548.9319252483547,-1096.9650156032294,344.8430852643214,257.9128506942652,right_blink
1761185214.1872575,-1509.4311019163579,-1059.9961045412347,376.21336609264836,295.91771404398605,right_blink
1761185214.1872575,-1550.0164962355047,-1100.9442691560835,368.0155053897761,233.82789497962222,right_blink
1761185214.1879418,-1577.1681699138135,-1137.2212987262756,343.75477437721565,208.2320196828805,right_blink
1761185214.1879418,-1495.7430680785328,-1041.6818144582212,386.77110366756096,335.16048427904025,right_blink
1761185214.202257,-1539.642013758421,-1080.2476628012955,355.183908641804,234.62449367018417,right_blink
1761185214.202257,-1583.275426541455,-1134.3602752601728,343.3359055821784,213.3070639227517,right_blink
1761185214.2030077,-1512.9596975245513,-1063.0983515544794,376.86223873496056,305.7573908274062,right_blink
1761185214.2164996,-1521.8681392190047,-1065.7761199227534,382.3748512696475,274.32353169983253,right_blink
1761185214.2164996,-1575.7339182808064,-1130.72696245322,371.140191802755,195.2994456361048,right_blink
1761185214.2321935,-1567.9661460728385,-1114.469617345836,340.1663403697312,236.66647904599085,right_blink
1761185214.2321935,-1518.823860655073,-1067.9826608966105,382.45712906867266,269.23352786013857,right_blink
1761185214.232996,-1515.1774581982754,-1075.1183900120668,376.9594761338085,263.9864482223056,right_blink
1761185214.232996,-1590.7122176033445,-1147.5602521537803,321.94928768556565,211.07434364920482,right_blink
1761185214.2465472,-1532.5792126921006,-1075.8327109036036,356.5321425758302,271.16331623727456,right_blink
1761185214.2465472,-1533.4019906823523,-1090.107909034472,379.38667120505124,236.32614815002307,right_blink
1761185214.2622027,-1585.0687085702084,-1156.681868145708,351.55807563476264,174.85341257834807,right_blink
1761185214.2622027,-1519.9121715421788,-1091.8058236143552,376.33865274116397,243.4282181658782,right_blink
1761185214.2629569,-1474.1918945838697,-1071.715081052389,424.37392777204514,266.53332009213045,right_blink
1761185214.2629569,-1507.1591126932763,-1118.9724568924867,410.6784141343087,167.74386276258156,right_blink
1761185214.2765005,-1492.4201669679023,-1125.588339914102,389.61903748381883,177.75183504400775,right_blink
1761185214.2765005,-1425.0271697663702,-1087.6171356639825,438.63416630309075,234.30660217395052,right_blink
1761185214.29232,-1444.2764348383062,-1119.6418989845552,468.9198761442676,168.33476695558056,right_blink
1761185214.29232,-1502.43561904924,-1202.331087004859,382.57680586725473,85.05467474227771,right_blink
1761185214.2929473,-1405.6507480959408,-1101.7539574964903,408.7149666575715,142.86978815728799,right_blink
1761185214.2929473,-1373.7643610737287,-1106.0585823454894,493.84630934894085,172.4710963065736,right_blink
1761185214.3064551,-1453.6635837270878,-1193.647039307747,414.6726272869855,34.86895723687485,right_blink
1761185214.3064551,-1415.984091673512,-1165.5491709406488,428.29708282556385,85.8363138330169,right_blink
1761185214.322193,-1358.7486627516337,-1110.8232148890384,467.12846406549215,103.0286339293234,right_blink
1761185214.322193,-1391.4204287645407,-1162.2505791797303,479.80672491528094,69.36579442815855,right_blink
1761185214.3230357,-1420.5991282188334,-1184.2187515194528,423.2332582855597,18.383478232193738,right_blink
1761185214.3230357,-1389.0942109921016,-1139.48206824949,461.20446253567934,80.55183519562706,right_blink
1761185214.336586,-1356.3364272802137,-1122.2747885533608,488.80492420867085,88.1326124058105,right_blink
1761185214.336586,-1427.8021755334921,-1204.9452770738862,418.9061940368265,25.5117275477387,right_blink
1761185214.352372,-1383.7760732551105,-1148.3942498438992,428.92538601811975,57.34949587052688,right_blink
1761185214.352372,-1363.244022498373,-1117.2521029128693,464.5441931961104,78.95489791454747,right_blink
1761185214.3530042,-1415.3632682808675,-1177.0942421038635,429.2395376143977,21.95134278992191,right_blink
1761185214.3530042,-1408.3771351636387,-1168.6757273036055,421.02671731170267,49.77245856029913,right_blink
1761185214.3666017,-1348.8753268686123,-1115.6776050315239,481.1156898997724,94.61385902902111,right_blink
1761185214.3666017,-1413.560636502225,-1186.3804136938415,434.3632005536929,3.5659946077503264,right_blink
1761185214.3821766,-1409.9217138453387,-1164.4645999534987,423.40155378356576,37.385909907054156,right_blink
1761185214.3821766,-1395.0144726219587,-1132.959682726767,446.4393375106156,64.56002298509702,right_blink
1761185214.383044,-1371.3783049019985,-1143.7567738988437,468.2504340521991,62.9743054038845,right_blink
1761185214.383044,-1443.3825987488963,-1175.5347038223408,417.69820635113865,22.78908037999645,right_blink
1761185214.3967395,-1417.16590005951,-1151.000960113015,398.9987065726891,68.55797603772953,right_blink
1761185214.3967395,-1379.0600594109856,-1102.445838988293,479.09240402374417,106.86951118381694,right_blink
1761185214.4278705,-1451.0381739581935,-1187.7417372777127,413.4908189009875,16.779061151202768,right_blink
1761185214.4278705,-1416.4590589678846,-1151.6105638057925,386.72435491811484,67.76137734716758,right_blink
1761185214.4285903,-1346.3247150988318,-1054.6386978547089,483.40076877269894,183.44770267652348,right_blink
1761185214.4285903,-1465.264753389638,-1167.1535880216397,420.8771213134751,34.34911114303395,right_blink
1761185214.4293478,-1458.2599207726307,-1150.469894319307,387.49477430898696,63.43431309843436,right_blink
1761185214.4293478,-1391.562544962857,-1093.5710563934408,447.04520130343735,127.27440534206107,right_blink
1761185214.442273,-1439.7773351916112,-1146.4270624672063,431.4647780880332,58.05633696215227,right_blink
1761185214.442273,-1443.6668311455287,-1144.7104483875446,414.25375849194825,89.92402448458597,right_blink
1761185214.443192,-1415.127654583659,-1090.85588902561,411.8901417199522,136.99440532689914,right_blink
1761185214.443192,-1449.284160878975,-1138.7752271578647,440.9454244757071,73.2777297818102,right_blink
1761185214.4565024,-1470.5417522271164,-1154.740860068705,416.92404706031084,71.3105424051173,right_blink
1761185214.4565024,-1433.5055229659192,-1096.0132110645063,421.33338910806924,149.81478237500414,right_blink
1761185214.472208,-1420.580428719055,-1086.525084876921,441.8841393645853,133.80801056465134,right_blink
1761185214.472208,-1491.7021061764099,-1161.3305637906305,419.1305880341679,59.70189294265583,right_blink
1761185214.4729486,-1474.2405132832937,-1147.0890247593634,384.9591221390292,94.33710643230006,right_blink
1761185214.4729486,-1407.5580970733427,-1065.7237613233738,450.41111126355827,174.33730638446286,right_blink
1761185214.4865189,-1451.9394898475148,-1122.4131648517214,431.96966458205134,119.47671393444762,right_blink
1761185214.4865189,-1507.6041607880034,-1175.1270547271706,376.75004173628986,55.39726809365675,right_blink
1761185214.5022223,-1445.8172736200504,-1101.0845154044218,426.606648045592,134.9748593508266,right_blink
1761185214.5022223,-1448.0200746939518,-1099.2070856266655,457.46456257998943,147.4549055029638,right_blink
1761185214.5029838,-1469.7077545369975,-1132.174303736072,442.78919515386224,125.49795286310837,right_blink
1761185214.5029838,-1489.0804363074712,-1151.5731648062356,363.92966468818486,106.54039998771623,right_blink
1761185214.5164623,-1445.6564579219557,-1098.006577740889,419.7962902262807,146.43391281506047,right_blink
1761185214.5164623,-1485.127362054307,-1146.2400674694218,419.22034563310444,105.44460930069908,right_blink
1761185214.5479417,-1471.0952574205585,-1122.9778897450306,399.4213152676821,127.27814524201676,right_blink
1761185214.5479417,-1454.7967734136619,-1094.3975742836483,441.0239623747766,147.4623853028752,right_blink
1761185214.548806,-1488.998158508446,-1164.2177665564232,428.96278501767665,77.70577132934704,right_blink
1761185214.548806,-1464.8234451948665,-1139.568085948471,401.95322753768414,128.92370122252032,right_blink
1761185214.5494838,-1461.3341185362078,-1096.9556658533402,394.90725602116436,164.0264022066258,right_blink
1761185214.5494838,-1453.0913790338673,-1098.489024835173,434.41181925311685,134.94868005113676,right_blink
1761185214.562256,-1519.9383508418687,-1190.800975441467,388.8149589933455,71.11606760742143,right_blink
1761185214.562256,-1477.0566579499282,-1116.2086708252318,408.84960305597633,165.1371524934657,right_blink
1761185214.5629146,-1438.8685395023786,-1062.668263059575,469.23402774054557,197.7789993067272,right_blink
1761185214.5629146,-1488.4296937151812,-1144.1232840945013,441.15111897327006,129.08825682057068,right_blink
1761185214.576702,-1512.3426140318625,-1167.3368431194685,359.0303957462311,89.32564049167559,right_blink
1761185214.576702,-1433.483083566185,-1066.2772665168159,428.7496107202023,203.13079614331946,right_blink
1761185214.5922296,-1477.3408903465606,-1124.9039382222109,412.4922656128183,120.22095402562991,right_blink
1761185214.5922296,-1520.4133181362413,-1166.222352932673,379.5175677035004,97.3963445960544,right_blink
1761185214.5930665,-1472.8604901996441,-1081.278005239088,410.14360844064504,193.76234675431624,right_blink
1761185214.5930665,-1475.586877267342,-1091.7572049149312,451.64527824893594,170.42163113085553,right_blink
1761185214.6067972,-1518.7004439565353,-1158.5331186237745,381.2940201824531,108.51132726436481,right_blink
1761185214.6067972,-1504.5636221240275,-1143.9624683964066,357.45215796492994,120.31071162456647,right_blink
1761185214.6223278,-1450.9820754588582,-1064.6990287355147,438.15171920880675,186.35360494209453,right_blink
1761185214.6223278,-1504.3953266260214,-1153.8507638792507,403.5726042184979,104.5844323108904,right_blink
1761185214.6230085,-1532.4931949931197,-1146.2999058687128,387.928602703847,141.63562117191032,right_blink
1761185214.6230085,-1486.129655242432,-1104.65237996215,416.4191605662927,152.0923814480193,right_blink
1761185214.6366298,-1497.742044604849,-1113.1344730616547,419.949626124464,134.3465561582707,right_blink
1761185214.6366298,-1513.4159653191455,-1144.9198827850632,392.4763210499659,133.42654076917097,right_blink
1761185214.6522899,-1495.741198128555,-1112.3154349713586,397.42420869134367,174.67015748051926,right_blink
1761185214.6522899,-1457.5381200811826,-1090.119128734339,418.73415863886476,180.87465150700882,right_blink
1761185214.6529105,-1523.9213442946784,-1168.8066238020547,395.3298647161573,129.8586762114428,right_blink
1761185214.6529105,-1489.7087395000271,-1114.566854744684,395.5916577130556,194.86187734128907,right_blink
1761185214.666619,-1475.104430173058,-1095.1380744748749,446.9217846048996,181.5104344994761,right_blink
1761185214.666619,-1508.8084085737355,-1137.3204060751013,421.2062325095758,150.0541359721683,right_blink
1761185214.6822276,-1523.1097860042937,-1140.4768816377036,371.6301186969504,144.33208903996274,right_blink
1761185214.6822276,-1477.5952035435475,-1087.392741666641,436.6856784261763,197.98843370424584,right_blink
1761185214.683025,-1495.0231373370625,-1131.3477858458646,435.04386234562844,144.69111943570897,right_blink
1761185214.683025,-1520.4544570357539,-1150.2380205220543,380.8938508871943,144.72851843526587,right_blink
1761185214.696526,-1491.8591819745488,-1101.3575281011872,407.8660093676299,199.38341638771817,right_blink
1761185214.696526,-1496.9865848137997,-1113.3027685596608,438.88847950007766,170.10747953457758,right_blink
1761185214.7122805,-1541.5774119854905,-1167.9614064120688,393.35893743950874,123.93841458158568,right_blink
1761185214.7122805,-1524.0559806930833,-1143.558559201192,377.9879486216232,150.06909557199106,right_blink
1761185214.7129645,-1469.34124434134,-1085.4367739898153,446.00550911575556,206.21247370680794,right_blink
1761185214.7129645,-1537.48222153401,-1171.1814602739178,402.0429851366207,114.08377819834277,right_blink
1761185214.7265532,-1511.8003285382874,-1133.984415314626,387.27412021160126,161.0232625422068,right_blink
1761185214.7265532,-1499.56337588327,-1128.9766892739572,406.17557458765805,174.19519018614665,right_blink
1761185214.7422502,-1489.50678490242,-1108.283822819125,439.41580539382994,197.4124891110696,right_blink
1761185214.7422502,-1547.4116559163667,-1165.8670624368824,381.3388989819214,126.71342034870759,right_blink
1761185214.7429564,-1485.2133797532879,-1105.2993826544844,411.77794472128153,197.09833751479164,right_blink
1761185214.7429564,-1484.102629466448,-1109.9892171989195,426.5094106467441,182.50150798773393,right_blink
1761185214.756534,-1537.5719791329466,-1175.5870624217205,380.60961849056184,120.43038842314854,right_blink
1761185214.756534,-1469.1804286432452,-1096.353541960474,421.63258110452443,232.3132354975678,right_blink
1761185214.7721827,-1503.8268618327565,-1117.5886939088814,427.7959362315014,162.56410132395104,right_blink
1761185214.7721827,-1499.3128025862388,-1114.664092143532,433.3870866652578,175.08154647564515,right_blink
1761185214.772952,-1538.5480930213816,-1162.2393594798632,373.3990913759917,147.73539799964055,right_blink
1761185214.772952,-1461.5323332338594,-1077.0668778889813,413.5955360997468,225.91052677342668,right_blink
1761185214.786562,-1491.9152804738842,-1122.1962506542914,420.03938372340053,170.5861867289059,right_blink
1761185214.786562,-1533.2449148842134,-1159.5952502111904,390.68116907123476,160.41739874938503,right_blink
1761185214.8022652,-1488.6316483127885,-1106.8290017363615,421.8719347016886,199.19642138993368,right_blink
1761185214.8022652,-1490.0191511963494,-1111.4290786818601,436.797875424847,184.01616746978834,right_blink
1761185214.8029664,-1542.2879929770716,-1166.7870778259821,377.8046935237944,147.0509963077493,right_blink
1761185214.8029664,-1518.1394589631818,-1138.9098635562696,379.64472430199385,159.2430701632984,right_blink
1761185214.816536,-1441.2433759742416,-1057.9260699157603,453.23473573010415,255.04060752829537,right_blink
1761185214.816536,-1541.43903568713,-1176.3088631131686,396.98664039652795,123.6317427852191,right_blink
1761185214.83216,-1525.903491271194,-1125.588339914102,408.8346434561536,179.00844142911956,right_blink
1761185214.83216,-1496.5415367190726,-1111.5076165809296,420.52183081768453,210.65173495421186,right_blink
1761185214.832974,-1483.425707574468,-1127.9369970862754,444.9807765278965,194.4056095466949,right_blink
1761185214.832974,-1566.7394588873722,-1183.1827992317267,383.63893745467067,124.67517487285659,right_blink
1761185214.8465776,-1486.5073851379566,-1091.241098721046,395.8272714102641,219.6461943476461,right_blink
1761185214.8465776,-1484.0764501667581,-1105.3704407536425,431.78640948422253,197.0422390154563,right_blink
1761185214.8619175,-1538.4433758226223,-1175.1569739268161,384.64497054275125,136.81489012902603,right_blink
1761185214.8619175,-1510.6559191518463,-1120.4497173749842,393.8226850340143,194.80951874190941,right_blink
1761185214.8772604,-1499.166946487967,-1107.1805523321964,432.56056877505034,193.75860685436055,right_blink
1761185214.8772604,-1506.5382893006317,-1135.936643091496,418.3040701439604,175.8444860666059,right_blink
1761185214.8779263,-1541.4203361873515,-1159.0230455179699,375.6617308491841,151.9427854497917,right_blink
1761185214.8779263,-1476.020705662202,-1084.6364353992976,413.6067557996139,237.03672914160416,right_blink
1761185214.8921762,-1514.1377660105936,-1121.2500559655018,419.2390451328829,177.38906474830583,right_blink
1761185214.8921762,-1545.8259383351542,-1161.3230839907192,378.0216077212244,142.42847996251658,right_blink
1761185214.8929744,-1481.0433913026936,-1101.9671317939647,416.29200396779925,229.0146437366493,right_blink
1761185214.8929744,-1484.573856860865,-1101.8624145952053,459.63744445424527,207.75331248855218,right_blink
1761185214.906532,-1541.304399288725,-1160.9790131947957,396.87070349790156,156.9093725909479,right_blink
1761185214.906532,-1514.8296475023963,-1126.9496634979732,404.39164230879396,199.27121938904747,right_blink
1761185214.9379308,-1475.8785894638859,-1092.0189979118295,450.6579446606338,243.0280488706194,right_blink
1761185214.9379308,-1544.9283623457886,-1170.3549423837103,403.90919521450996,132.76083857705817,right_blink
1761185214.9386537,-1538.8472850178368,-1151.8760967026465,360.22716373205185,162.49678312474862,right_blink
1761185214.9386537,-1464.4531950992532,-1069.8152118748985,422.8256091903895,248.0582143110223,right_blink
1761185214.9394147,-1513.0270157237537,-1134.3247462105937,429.3517346130684,174.12413208698854,right_blink
1761185214.9394147,-1542.344091476407,-1163.7951578614302,384.98156153876334,167.42597126634791,right_blink
1761185214.9519367,-1489.989231996704,-1082.6692480226047,424.2355514736846,236.6103805466555,right_blink
1761185214.9519367,-1495.6028218301944,-1119.3427069881,429.67336600925773,199.8209846825339,right_blink
1761185214.9672956,-1536.0423600510694,-1163.8288169610314,391.42166926246136,152.29433604562655,right_blink
1761185214.9672956,-1519.7625755439512,-1124.0662006321363,380.7741740886122,189.94016899960116,right_blink
1761185214.9679751,-1456.7452612905763,-1053.1576974722557,457.2962670819834,274.80223889416084,right_blink
1761185214.9679751,-1558.167608188931,-1166.2298327325843,394.6791221238673,131.91936108702794,right_blink
1761185214.9823556,-1537.2353881369345,-1144.11580429459,380.8190528880805,181.7759673963301,right_blink
1761185214.9823556,-1476.7836452531628,-1096.2675242614932,434.67361225001514,235.21539786318317,right_blink
1761185214.9829288,-1511.9761038362049,-1133.561806619633,430.8701339950785,197.53590580960736,right_blink
1761185214.9829288,-1549.494780191686,-1155.4664006601088,365.56026106886566,175.45179657125846,right_blink
1761185214.996478,-1496.6724332175218,-1083.0619375179522,400.8948358502239,250.5115886819549,right_blink
1761185214.996478,-1485.5163116496988,-1074.4863469195552,440.75468957796693,246.95868372404948,right_blink
1761185215.0122192,-1572.7644377159886,-1174.0163044403307,379.5886258026585,138.77085780585185,right_blink
1761185215.0122192,-1522.7544955085032,-1125.9772895094939,398.3741432800889,199.4469946869649,right_blink
1761185215.0129488,-1487.913587521296,-1085.2535188919865,423.95505897700787,225.8619080740027,right_blink
1761185215.0129488,-1529.2357421317138,-1109.9144191998057,415.2710112798959,221.92379342066124,right_blink
1761185215.0265045,-1566.488885590341,-1167.1199289220385,367.41899134684354,160.89236604375765,right_blink
1761185215.0265045,-1500.1580199762248,-1092.8642153018154,414.3435160908848,224.14155409438536,right_blink
1761185215.0422077,-1519.837373543065,-1122.5777204497717,407.5294183716178,193.46315475786105,right_blink
1761185215.0422077,-1522.5076621114276,-1149.385323332157,371.7273560957983,177.471342547331,right_blink
1761185215.04295,-1499.8513481798582,-1095.691579668317,394.2228543292731,237.1339665404521,right_blink
1761185215.04295,-1512.0883008348756,-1115.4120721346699,424.4524656711146,206.79215819993988,right_blink
1761185215.0564637,-1542.7068617721088,-1138.2853002636693,402.6413691295311,193.43323555821553,right_blink
1761185215.0564637,-1528.775734437164,-1135.5327338962816,372.57257348578423,214.14854141278192,right_blink
1761185215.0723,-1476.9332412513904,-1097.4081937479787,439.4681639932096,229.78132322756574,right_blink
1761185215.0723,-1538.061906027142,-1179.7121720728464,403.7483795164153,162.5790609237738,right_blink
1761185215.0729797,-1520.8845455306582,-1136.9052771800198,386.8926504161209,210.10570956068113,right_blink
1761185215.0729797,-1482.0793435904197,-1083.6229225113057,422.5638161934912,250.59760638093576,right_blink
1761185215.086445,-1520.5180353350006,-1138.4984745611437,421.2324118092656,196.1858019256033,right_blink
1761185215.086445,-1552.2024677596055,-1170.16420748597,360.40667892992496,175.7734279674478,right_blink
1761185215.10232,-1500.6591665702872,-1105.7070317496546,392.31924525182694,228.1993455463089,right_blink
1761185215.10232,-1487.96220622072,-1104.050256069284,439.0904340976849,236.84973414381966,right_blink
1761185215.103001,-1556.2191203120165,-1174.711925832089,388.953335291706,168.34598665544763,right_blink
1761185215.103001,-1524.7366424850188,-1131.5422606435604,382.8460786640644,214.85538250440732,right_blink
1761185215.1165273,-1459.5651458571665,-1080.3355504502542,431.74527058470994,266.65299689071253,right_blink
1761185215.1165273,-1544.0981045556255,-1173.5263775461353,414.0929427938536,164.0563214062713,right_blink
1761185215.1322463,-1542.1907555782236,-1142.9003368089907,402.3122579334304,213.68105391832069,right_blink
1761185215.1322463,-1493.2392050581984,-1094.1170817869715,398.8528504744172,246.31168103171512,right_blink
1761185215.1329288,-1524.299074190203,-1146.2325876695104,402.2225003344938,193.75486695440486,right_blink
1761185215.1329288,-1534.5725793684833,-1145.357451079879,399.23806016985327,192.62167726783082,right_blink
1761185215.1465135,-1488.661567512434,-1117.3381206118502,396.515413002111,239.84539400832728,right_blink
1761185215.1465135,-1466.7868926716037,-1095.9608524651267,468.3626310508698,260.3662250651978,right_blink
1761185215.1622095,-1564.738612411078,-1189.2638765596785,378.5077947154641,155.28999591013417,right_blink
1761185215.1622095,-1522.5899399104528,-1119.668078284245,388.72146149445325,215.86889539239928,right_blink
1761185215.1629813,-1481.4473004979081,-1086.7606985741295,457.2925271820277,238.89919931953773,right_blink
1761185215.1629813,-1494.6454074415378,-1110.2771894955076,432.77748297248036,239.16099231643602,right_blink
1761185215.1765113,-1543.0995512674563,-1179.330702277366,368.0211152397096,167.654105163645,right_blink
1761185215.1765113,-1453.5364271285944,-1078.14396907622,447.4640700984746,249.5466944933869,right_blink
1761185215.1922798,-1487.1805671299808,-1109.5404292042367,450.957136657089,245.71329703880474,right_blink
1761185215.1922798,-1561.7018136470579,-1192.1660389252938,367.7668020427227,143.73744494700804,right_blink
1761185215.1929219,-1469.9134490345605,-1105.2732033547945,421.9355130009353,218.47934556147084,right_blink
1761185215.1929219,-1466.555018874351,-1097.8233226430602,465.79705968126655,244.28839515568689,right_blink
1761185215.2071996,-1532.044406998437,-1187.6033609793521,387.46485510934144,135.4535665451549,right_blink
1761185215.2071996,-1503.3369349385612,-1150.8251848150976,396.2947589047253,203.91617513401434,right_blink
1761185215.2079709,-1445.1310019781813,-1113.1980513609014,494.05013389652595,148.74330103769898,right_blink
1761185215.2215936,-1505.5790049619973,-1191.8219681293704,440.2180139343254,220.90467068273574,right_blink
1761185215.2215936,-1508.8065386237577,-1201.6541651128791,409.685470696073,97.2673180475831,right_blink
1761185215.237305,-1466.2015983285382,-1135.2784206992947,456.3930812426843,283.8771061366424,right_blink
1761185215.237305,-1514.7081007538363,-1166.3831686307676,444.99012627778575,246.02931858506054,right_blink
1761185215.23791,-1498.9593820404261,-1193.8714333050884,439.69442794052884,86.60860317386687,right_blink
1761185215.23791,-1424.7111482201144,-1117.0239690155722,487.4342508749105,206.47613665368408,right_blink
1761185215.2515917,-1445.0113251795992,-1155.4738804600202,500.97268871450797,155.80797205399722,right_blink
1761185215.2515917,-1520.1085162898526,-1217.0588130303659,395.7655630609952,271.28860288579017,right_blink
1761185215.267365,-1491.5543801281601,-1158.0357119296677,391.8424080074765,237.76039978303015,right_blink
1761185215.267365,-1418.9068234888837,-1114.241483448539,538.4352665706538,220.8074332838878,right_blink
1761185215.267916,-1508.2268541306257,-1224.415196243208,479.1391527731903,236.72070759534836,right_blink
1761185215.267916,-1506.293325853534,-1208.5991593305953,414.60343913780525,158.38476312346756,right_blink
1761185215.2815163,-1451.0998823074624,-1148.783199439291,455.4281870541163,228.403170093894,right_blink
1761185215.2815163,-1444.8654690813273,-1161.4726799889468,513.1872019697912,195.77628288045526,right_blink
1761185215.2972572,-1476.7855152031407,-1199.5186822381802,479.4271250697784,233.58667143248022,right_blink
1761185215.2972572,-1465.3414213387296,-1172.8232763544656,491.9595298212953,323.68834116496146,right_blink
1761185215.2979236,-1466.6541262231767,-1174.5660697338171,482.9463709280826,260.5363905131817,right_blink
1761185215.2979236,-1483.5659538228065,-1231.7304405565374,497.7713343524374,145.24275467917323,right_blink
1761185215.3115292,-1460.789963092655,-1175.3701482242905,448.2587988390587,277.0630084173754,right_blink
1761185215.3115292,-1410.7688011853024,-1146.7337342635728,503.71777528198436,236.2569600008428,right_blink
1761185215.327191,-1487.4704093765467,-1232.2241073506884,455.9368134480901,210.69848370365798,right_blink
1761185215.327191,-1508.4699476277456,-1231.494826859329,456.7259323387407,296.1103188917041,right_blink
1761185215.328046,-1452.5846225898713,-1154.4641074719839,552.362654005643,293.6943435203284,right_blink
1761185215.328046,-1494.1461307974532,-1223.0538726593368,523.2550126505084,274.2880026502535,right_blink
1761185215.3415067,-1496.5022677695379,-1251.1143420268781,513.6210303646512,247.86560946330428,right_blink
1761185215.3415067,-1477.6793512925506,-1190.9430916397832,529.7736582732759,331.2354592755437,right_blink
1761185215.3571758,-1444.8953882809728,-1174.7829839312471,603.0943969045766,283.3946590423584,right_blink
1761185215.3571758,-1530.5914558656514,-1266.3207752467133,520.7118806806393,153.74728717841208,right_blink
1761185215.3580933,-1475.2521562213078,-1210.5588669073768,589.3390448675491,252.84341630432755,right_blink
1761185215.3580933,-1471.8413674617186,-1189.6640458549373,586.6949355988763,389.2525272881612,right_blink
1761185215.3714848,-1549.698604739271,-1280.8914254740812,551.5323962154798,305.748041077517,right_blink
1761185215.3714848,-1534.3650149209425,-1269.8998595043086,507.4464555378072,279.67719848640263,right_blink
1761185215.3872418,-1450.1312482189387,-1185.4753579045646,620.7616842952557,280.03996878210455,right_blink
1761185215.3872418,-1493.9890549993142,-1231.1731954631396,621.0571363917552,330.79789098072797,right_blink
1761185215.3879633,-1561.3035143017769,-1297.1674700812437,546.6705262730829,261.28437050431967,right_blink
1761185215.3879633,-1501.094864915125,-1210.3082936103456,586.0030541070737,362.9535507997498,right_blink
1761185215.4015126,-1502.8750572940335,-1220.2938264920376,663.8415918848477,237.86511698178947,right_blink
1761185215.4015126,-1536.1900860993192,-1277.226323517505,598.7261937563308,229.12497078534216,right_blink
1761185215.4172564,-1500.421682923101,-1240.0891169575043,561.0354820028879,413.95830639544874,right_blink
1761185215.4172564,-1503.9072696818039,-1233.7948653320782,598.6925346567295,335.70089982263744,right_blink
1761185215.4179409,-1521.4922792734578,-1245.5456309928559,577.7677944046445,247.92170796263963,right_blink
1761185215.4179409,-1560.3872388126329,-1263.7477240771987,528.5170518881641,330.6295954827219,right_blink
1761185215.4315016,-1504.0942646795884,-1221.3821373791434,587.3157589915209,340.0466635711491,right_blink
1761185215.4315016,-1531.7844839515164,-1238.4099018773995,591.3585908436216,293.38019192405045,right_blink
1761185215.4472451,-1539.7803900567815,-1271.4556578858756,586.964208395686,277.1752054160461,right_blink
1761185215.4472451,-1495.6981892790645,-1205.7605752642266,613.7194526786916,360.38049963023514,right_blink
1761185215.4479108,-1489.2244224557653,-1212.3240996864624,649.3046007570811,299.7006228491664,right_blink
1761185215.4479108,-1565.1556112561375,-1271.3920795866288,534.2652781200595,240.50548635050654,right_blink
1761185215.4614956,-1521.948547068052,-1230.7244074684568,522.1367825637572,386.42516292165965,right_blink
1761185215.4614956,-1489.8003670489416,-1200.5060158264823,584.0508263302036,343.3826543316245,right_blink
1761185215.4772575,-1532.3118098452687,-1255.2357117780484,574.1812303471379,312.28164630010724,right_blink
1761185215.4772575,-1547.8810133608058,-1246.0205982872285,535.2862708079629,323.72200026456267,right_blink
1761185215.4779904,-1498.3385586477816,-1212.4400365850888,575.4789756317623,321.39952239207923,right_blink
1761185215.4779904,-1501.2070619137958,-1206.3813986568712,612.9452933878638,274.9873639419675,right_blink
1761185215.4916232,-1566.6740106381476,-1261.7917564003728,578.063246501144,325.87244273908436,right_blink
1761185215.4916232,-1525.7146263234317,-1240.5902635515667,534.7963439137675,288.92597107682377,right_blink
1761185215.507311,-1503.6716559845954,-1203.6138726896606,531.5239314525388,321.58651738986373,right_blink
1761185215.507311,-1548.0044300593436,-1241.7907714373432,505.60642475960776,348.3791606724262,right_blink
1761185215.5080287,-1543.4080930138007,-1233.0955040403642,491.98196922102943,288.4061249829829,right_blink
1761185215.5080287,-1497.0108941635117,-1176.7539112078957,557.2095643482171,340.241138368845,right_blink
1761185215.5216076,-1527.0909095071256,-1230.5972508699633,562.0041160914116,210.6947438037023,right_blink
1761185215.5216076,-1548.2849225560203,-1241.8132108370773,502.16197690041736,318.94240812119097,right_blink
1761185215.5372455,-1530.3483623685315,-1206.901244750712,540.4024539473467,349.3515346609056,right_blink
1761185215.5372455,-1525.6660076240078,-1199.1409523426555,487.2210765774362,333.9655862431973,right_blink
1761185215.5381012,-1565.5146416518837,-1235.219767215196,453.8948280722834,254.35059598647058,right_blink
1761185215.5381012,-1539.4026601612568,-1197.0952270668931,462.96782536478713,318.7030545240268,right_blink
1761185215.5515764,-1506.0988510558382,-1176.148047415074,517.989233512897,336.6134354118258,right_blink
1761185215.5515764,-1558.8950187303126,-1237.6507021863945,478.33881418267265,265.5777756534517,right_blink
1761185215.5672324,-1542.016850230284,-1207.2303559468128,460.73136519128457,273.4203458605334,right_blink
1761185215.5672324,-1520.609662883915,-1159.830863908399,490.6580446367152,365.55652116890997,right_blink
1761185215.567924,-1548.277442756109,-1213.9247768674977,480.5490950564854,276.2813693266362,right_blink
1761185215.567924,-1566.3523792419583,-1223.2782666566782,441.02957222471014,250.32272373419255,right_blink
1761185215.5816565,-1509.9509480101988,-1160.5489246998914,479.3261477709748,307.1430237609893,right_blink
1761185215.5816565,-1535.1840530112386,-1173.25336484937,466.1729196268134,313.64296988397837,right_blink
1761185215.5973067,-1571.3862845823169,-1212.6494709826075,387.6200609575026,291.23348934948444,right_blink
1761185215.5973067,-1542.5703554237261,-1166.5552040287293,405.5454014451243,298.354258865118,right_blink
1761185215.5980265,-1492.3584586186334,-1138.0534264664166,485.63909889617935,341.0040779598057,right_blink
1761185215.5980265,-1575.7544877305627,-1204.8929184745066,443.1575752994977,199.10105394106358,right_blink
1761185215.6115737,-1565.1780506558716,-1175.6356811211444,418.68740988941863,319.8474639104679,right_blink
1761185215.6115737,-1510.8859229991212,-1124.2307562301867,447.0059323539026,336.21700601652265,right_blink
1761185215.6273007,-1584.0421060323715,-1202.0992132076062,420.2207688712515,250.38630203343928,right_blink
1761185215.6273007,-1560.8023677077144,-1175.362668424379,371.5721502476372,256.0933893658221,right_blink
1761185215.6280024,-1508.2455536304042,-1109.2748963073827,405.51922214543447,342.73565163929015,right_blink
1761185215.6280024,-1540.2628371510655,-1161.8504098844714,420.67329676589,286.2781219081953,right_blink
1761185215.6415713,-1563.4090779768303,-1191.186185136903,404.48700975766405,269.2391377100721,right_blink
1761185215.6415713,-1515.2354266475886,-1145.4098096792586,438.2583063575439,290.4406305588782,right_blink
1761185215.6572976,-1512.0303323855624,-1129.582553066779,440.5658246302046,320.1204766072333,right_blink
1761185215.6572976,-1577.5945185087621,-1201.919698009733,380.07668274687603,276.63291992247105,right_blink
1761185215.6579752,-1575.8891241289675,-1163.3837688663043,339.2893338301219,281.1245397692546,right_blink
1761185215.6579752,-1515.5533181438223,-1105.845408048015,429.16660956526175,356.0683949813247,right_blink
1761185215.6715486,-1542.9967040186748,-1152.616596893873,417.4420232041739,257.421053850092,right_blink
1761185215.6715486,-1557.997442740947,-1174.8241228307597,406.1363056381233,213.2528353733942,right_blink
1761185215.68721,-1526.4663462145254,-1116.1787516255863,416.76136141223833,385.90905672777444,right_blink
1761185215.68721,-1552.0659614112228,-1164.341183254961,434.1518962061964,288.04335468728095,right_blink
1761185215.688034,-1565.8886316474527,-1177.1540805031545,373.3486027265899,261.0524967070669,right_blink
1761185215.688034,-1527.9286470972002,-1117.569994409103,422.57690584333614,294.89485140610486,right_blink
1761185215.7015393,-1538.8304554680362,-1134.4332033093087,423.4034237335436,271.9767444776371,right_blink
1761185215.7015393,-1558.0797205399722,-1159.9206215073355,395.9936969582923,287.355213095434,right_blink
1761185215.7172716,-1559.5270618228242,-1163.133195569273,377.5709497765638,307.4496955573559,right_blink
1761185215.7172716,-1521.021051879041,-1114.5257158451714,442.1552821113728,304.00898759812117,right_blink
1761185215.718011,-1565.0621137572452,-1180.5312101631425,419.98515517404303,261.8939741970971,right_blink
1761185215.718011,-1581.1324638668448,-1178.2162120905705,401.00142299896106,261.8977140970528,right_blink
1761185215.731532,-1535.8347956035286,-1128.737335676793,412.30714056501165,328.7446859050542,right_blink
1761185215.731532,-1537.7159652812406,-1140.9593287319876,404.9918962516822,243.9723736094311,right_blink
1761185215.747275,-1556.176111462526,-1170.0520104872994,395.52246956387535,223.3655248535797,right_blink
1761185215.747275,-1545.0611287942156,-1123.9166046339087,384.044716599863,334.06656354200095,right_blink
1761185215.748028,-1519.7120868945494,-1113.916112152394,425.16865651262924,311.440168810077,right_blink
1761185215.748028,-1575.4328563343734,-1167.4677396179177,368.83454348007217,244.57449750229716,right_blink
1761185215.761542,-1550.7869156263769,-1137.2194287762977,371.80402404488996,282.4409845536575,right_blink
1761185215.761542,-1514.4500476568937,-1115.3297943356447,415.16816403111443,288.52954168152064,right_blink
1761185215.7772052,-1549.0777813466266,-1151.3936496083625,417.7636546003632,289.67769096791744,right_blink
1761185215.7772052,-1572.67655006703,-1180.284376766067,368.9243010790087,230.4040165701881,right_blink
1761185215.7779748,-1501.2930796127766,-1109.2374973078258,430.24370075250044,280.9412846714258,right_blink
1761185215.7779748,-1562.5002822875977,-1178.956712281797,403.776428766083,255.54362407233566,right_blink
1761185215.791555,-1580.6911556720734,-1175.6693402207457,358.8527504983358,249.18205424770713,right_blink
1761185215.791555,-1537.3943338850513,-1106.484930940438,369.9415538669564,322.1549821831286,right_blink
1761185215.8071892,-1527.8276697983965,-1143.102291406598,402.7217769785784,249.63084224238992,right_blink
1761185215.8071892,-1584.9696012213826,-1188.7477703657933,355.4793607383035,219.04968030471355,right_blink
1761185215.807925,-1535.131694411859,-1137.0436534783803,386.0193837764673,279.41166558954865,right_blink
1761185215.807925,-1527.3975813034922,-1124.9675165214576,412.23234256589785,288.7726351786405,right_blink
1761185215.821538,-1561.6475850977004,-1163.810117461253,373.4271406256594,244.3725429046899,right_blink
1761185215.821538,-1562.0888932924718,-1147.7584668514319,340.9236701107584,277.1228468166664,right_blink
1761185215.8371742,-1518.8182508051395,-1106.2530571431853,399.78969541331753,311.6271638078615,right_blink
1761185215.8371742,-1529.7013596761972,-1127.66398438951,412.5427542622201,293.81776021886617,right_blink
1761185215.8380992,-1559.9534104177728,-1173.5151578462683,383.63332760473713,228.32089229486883,right_blink
1761185215.8380992,-1529.5966424774379,-1121.343553464394,373.95446651941165,297.0303342808038,right_blink
1761185215.851608,-1519.1585817011073,-1118.9836765923537,386.33727527270094,302.4831084161997,right_blink
1761185215.851608,-1564.9947955580428,-1169.2554117967375,340.64691751403734,224.61839133873582,right_blink
1761185215.867186,-1543.4828910129145,-1125.3377666170709,363.7482795403339,276.85357401985675,right_blink
1761185215.867186,-1499.8606979297474,-1089.6404215400107,436.1789219821803,315.5278794616461,right_blink
1761185215.8679464,-1548.9730641478673,-1155.9151886547916,422.1019385489635,274.33662134967744,right_blink
1761185215.8679464,-1564.6282853623852,-1157.0521182413213,354.31625185208395,266.598768341355,right_blink
1761185215.881601,-1507.3517175409943,-1085.391895190347,391.9134661066346,324.0137124611065,right_blink
1761185215.881601,-1538.7107786694542,-1153.4094556844793,381.6848397278227,248.73700615298003,right_blink
1761185215.8974652,-1532.6297013415024,-1111.3542806827463,389.59098823415115,273.678398957476,right_blink
1761185215.8974652,-1530.0566501719877,-1109.1253003091551,369.7395992693491,328.8606228036806,right_blink
1761185215.8980272,-1497.1978891612962,-1096.9893249529414,429.6677561593242,330.21072668768466,right_blink
1761185215.8980272,-1558.5509479343891,-1154.8455772674643,380.73490513907745,260.35687531530857,right_blink
1761185215.9115996,-1543.307115714997,-1135.4354964974336,383.0536431116052,277.537975711748,right_blink
1761185215.9115996,-1492.2163424203172,-1079.3556966618635,437.98529366077855,341.3930275551975,right_blink
1761185215.9272223,-1560.3872388126329,-1157.392449137289,357.80183861078694,249.92255443893373,right_blink
1761185215.9272223,-1542.3160422267392,-1132.0733264372684,339.3192530297674,293.78784101922065,right_blink
1761185215.9279332,-1511.6825216896832,-1090.964346124325,387.78087665559724,312.60701759625226,right_blink
1761185215.9279332,-1536.5491164950654,-1111.4851771811955,408.9449705048464,285.9228314124048,right_blink
1761185215.941503,-1590.392456157133,-1182.90230673505,324.33347390731797,228.21243519615382,right_blink
1761185215.941503,-1536.2200052989647,-1124.4738497273065,340.4300033166073,286.7942281020805,right_blink
1761185215.9572308,-1503.7352342838421,-1079.434234560933,430.24370075250044,320.666502000764,right_blink
1761185215.9572308,-1587.1275234958157,-1173.0738496514969,332.4752361108549,235.94280840456486,right_blink
1761185215.9583132,-1560.420897912234,-1134.5080013084225,321.547248440329,266.1948591461405,right_blink
1761185215.9583132,-1500.4890011223033,-1056.1271780370735,398.5069097285159,350.3949667485431,right_blink
1761185215.9715657,-1546.4486316777766,-1137.8402521689422,346.6195377432741,266.2397379456088,right_blink
1761185215.9715657,-1554.7325100796297,-1129.3244999698363,338.20476284297183,261.14973410591483,right_blink
1761185215.9872096,-1501.6521100085229,-1090.5192980295978,387.66493975697085,304.83550548832864,right_blink
1761185215.9872096,-1522.6441684598103,-1089.647901339922,386.74118446791545,327.4432007204741,right_blink
1761185215.988027,-1602.7490856107324,-1178.3022297895513,296.4562596376054,219.8500188952312,right_blink
1761185215.988027,-1527.7715712990612,-1111.3393210829236,344.78698676498607,310.19852202478796,right_blink
1761185216.001596,-1521.9522869680077,-1084.4457005015574,399.4269251176156,326.25391253456473,right_blink
1761185216.001596,-1583.0622522439808,-1174.072402939666,332.09002641541883,206.30784115567803,right_blink
1761185216.0172832,-1547.44344506599,-1121.403391863685,351.3991298866458,269.4710115073249,right_blink
1761185216.0172832,-1494.740774890408,-1081.5061391363852,379.7625311505981,287.59456669259816,right_blink
1761185216.0180395,-1553.075734399259,-1133.7712410171516,369.10007637692615,245.5281719909981,right_blink
1761185216.0180395,-1574.340805547312,-1154.5875241705216,307.3169291089289,229.9664482753724,right_blink
1761185216.0315373,-1504.7524870717898,-1079.2360198632814,360.77131917560473,296.93309688195586,right_blink
1761185216.0315373,-1516.5032527325675,-1100.50483091129,390.92987241828814,287.5833469927311,right_blink
1761185216.0472677,-1574.905530440621,-1165.0218450468965,333.354112600442,199.37406663782895,right_blink
1761185216.0472677,-1538.1198744764552,-1106.0959813450463,342.22889519529417,270.9520118897781,right_blink
1761185216.0480015,-1520.3291703872383,-1095.6840998684056,375.68978009885177,269.32889530900866,right_blink
1761185216.0480015,-1585.134156819433,-1164.7002136507072,318.89191947178915,201.1355595169589,right_blink
1761185216.0616095,-1528.0670233955607,-1104.4167662649415,325.8817924889736,275.5109499357641,right_blink
1761185216.0616095,-1498.5442531453446,-1082.2615989274345,394.1312267803587,294.0758133158088,right_blink
1761185216.0773258,-1572.8373657651246,-1173.8143498427235,342.7412614892237,185.09886850696057,right_blink
1761185216.0773258,-1586.2710864059627,-1144.067185595166,314.1946051274426,210.541407905519,right_blink
1761185216.0780747,-1491.928370123729,-1053.6812834660523,384.14943379862234,315.14266976621,right_blink
1761185216.0780747,-1529.0319175841287,-1114.6079936441965,396.5023233522661,256.06721006613225,right_blink
1761185216.0914896,-1591.1479159481823,-1169.5209446935914,317.0107497940771,203.34210049081594,right_blink
1761185216.0914896,-1528.9159806855023,-1102.2962429900654,351.71702138287947,264.95321236085147,right_blink
1761185216.1071959,-1507.0712250443175,-1090.8970279251225,391.55443571088836,276.0644551292062,right_blink
1761185216.1071959,-1581.0950648672879,-1154.17239527544,327.86393946548924,203.4655171893537,right_blink
1761185216.107947,-1551.6321330163628,-1125.3901252164505,313.48028423590586,232.2552670482546,right_blink
1761185216.107947,-1503.5818983856589,-1075.683114905376,378.88739456096664,297.0752130802721,right_blink
1761185216.1217847,-1558.225576638244,-1142.1822760174982,344.4316962691955,215.78474764339626,right_blink
1761185216.1217847,-1582.819158746861,-1150.1669624228962,306.2286182218231,195.80246218014508,right_blink
1761185216.1372652,-1452.6818599887192,-1021.192772550974,420.6171982665546,343.2330583333969,right_blink
1761185216.1372652,-1527.73791219946,-1115.771102530416,389.0561825404875,251.69152711797506,right_blink
1761185216.1379383,-1581.9066231576726,-1158.3386438260786,340.53472051536664,194.17560569941998,right_blink
1761185216.1379383,-1506.7495936481282,-1063.573318848852,371.3066173507832,295.5418540984392,right_blink
1761185216.1515625,-1512.2210672833025,-1092.9577128007077,353.4037162628956,255.87273526843637,right_blink
1761185216.1515625,-1575.896603928879,-1154.8193979677744,329.3935585473664,185.83562879823148,right_blink
1761185216.167242,-1547.6678390633315,-1119.5633610854857,339.15843733167276,238.04463217966259,right_blink
1761185216.167242,-1473.0568349473178,-1048.0676936325617,423.46326213283464,294.9098110059276,right_blink
1761185216.1679256,-1565.6754573499784,-1159.6775280102156,365.66310831764713,174.06616363767534,right_blink
1761185216.1679256,-1581.5475927619264,-1149.9238689257763,312.00302375340834,204.3967522783205,right_blink
1761185216.181581,-1495.0474466867745,-1039.3537267358042,387.9716115533374,313.13060359004885,right_blink
1761185216.181581,-1563.5736335748807,-1137.6943960706703,345.50504755647853,196.62524017039686,right_blink
1761185216.1972651,-1585.7437605122104,-1161.5886168875732,316.6479794983752,170.76383197680116,right_blink
1761185216.1972651,-1485.2638684026897,-1056.1832765364088,404.04196166293696,296.64512458536774,right_blink
1761185216.197959,-1526.9450534088537,-1109.4918105048127,401.59980699187145,194.65431289374828,right_blink
1761185216.197959,-1568.6486778147519,-1172.9130339534022,315.73918380914256,181.47490544989705,right_blink
1761185216.212247,-1515.1606286484748,-1087.2431456684135,344.3681179699488,252.43950710911304,right_blink
1761185216.212247,-1491.9582893233746,-1065.6190441246144,406.3233006359078,274.00003035366535,right_blink
1761185216.2130709,-1571.4255535318516,-1148.5569354919717,352.9455785183236,161.89465923188254,right_blink
1761185216.2265637,-1561.9075081446208,-1129.5507639171556,349.78536305576563,194.23357414873317,right_blink
1761185216.2265637,-1490.797050387133,-1054.5844693053514,400.8162979511544,287.7796917404048,right_blink
1761185216.2422533,-1546.8469310230576,-1123.7239997861907,362.9797300994396,201.04767186800018,right_blink
1761185216.2422533,-1569.5369040542282,-1148.2128646960482,329.5263249957934,190.86392428865656,right_blink
1761185216.2429087,-1502.84326814441,-1072.1694788970053,367.4713499462232,258.9562827819027,right_blink
1761185216.2429087,-1523.6221522982232,-1110.2678397456184,384.8805842399597,208.16096158372238,right_blink
1761185216.2565744,-1551.2712326706387,-1130.089309510775,372.9989220807329,187.34093853039667,right_blink
1761185216.2565744,-1535.7880468540825,-1100.8694711569697,358.55542845185846,224.4931046902202,right_blink
1761185216.2722425,-1518.7266232562251,-1100.7647539582103,395.02693281974643,220.5288107371889,right_blink
1761185216.2722425,-1559.203560476657,-1152.364153646864,359.9915500348434,167.71394356293604,right_blink
1761185216.2733696,-1533.031740586739,-1114.5687246946618,347.8593145785853,230.81353561533615,right_blink
1761185216.2733696,-1507.0506555945612,-1085.644338437356,385.7482410296798,248.15545170987025,right_blink
1761185216.2864811,-1536.8090395419858,-1129.2403522208333,382.35615176986903,161.8385607325472,right_blink
1761185216.2864811,-1558.2162268883549,-1147.2704099072143,340.88440116122365,191.71662147855386,right_blink
1761185216.3022609,-1517.885145766195,-1089.1972433952615,384.2672406472266,233.8690338791348,right_blink
1761185216.3022609,-1519.2988279494457,-1121.7007139101624,377.23996863048524,205.0792840202339,right_blink
1761185216.3029375,-1538.701428919565,-1135.2279320498928,355.11472049262375,209.90749486302957,right_blink
1761185216.3029375,-1531.0757729099132,-1104.0109871197492,358.3534738542512,209.9710731622763,right_blink
1761185216.316503,-1503.6323870350607,-1082.3420067764819,394.7165211234242,222.2678642165847,right_blink
1761185216.316503,-1546.285946029704,-1130.956966300495,382.8049397645518,188.16371652064845,right_blink
1761185216.3322368,-1557.9993126909249,-1120.9415142191574,364.6215461799875,215.14709470095113,right_blink
1761185216.3322368,-1507.9669310837053,-1078.2206370253116,363.3275407953188,228.88000733824447,right_blink
1761185216.3329978,-1546.2111480305903,-1128.2006600331515,373.0737200798467,186.2563675432466,right_blink
1761185216.3329978,-1544.06818535598,-1122.1719413045794,351.614174134098,205.50189271522686,right_blink
1761185216.346491,-1498.1272543002851,-1098.1356042893603,386.8926504161209,248.05447441106662,right_blink
1761185216.346491,-1515.6187663930468,-1108.4352887673303,413.92464729584754,202.304278253112,right_blink
1761185216.3623087,-1561.9000283447094,-1138.8257158072665,382.86477816384286,183.43274307670072,right_blink
1761185216.3623087,-1530.885038012173,-1095.9776820149273,371.64133839681745,224.02935709571466,right_blink
1761185216.3629384,-1508.2137644807808,-1088.8980513988063,373.97129606921226,225.8319888743572,right_blink
1761185216.3629384,-1545.1677159429528,-1126.2746115559712,368.81771393027157,190.75546718994156,right_blink
1761185216.3765,-1538.9033835171722,-1109.452541555278,368.4811229342595,219.9042474445887,right_blink
1761185216.3765,-1490.4380199913867,-1080.7226300956681,381.7315884772688,237.78096923278645,right_blink
1761185216.3923602,-1534.8717713649385,-1119.9953195303679,393.8638239335269,200.01919938018546,right_blink
1761185216.3923602,-1540.1375505025499,-1135.2578512495384,377.737375324592,204.450980827678,right_blink
1761185216.3929622,-1512.5333489296027,-1075.3633534591645,391.42914906237274,243.82464756118134,right_blink
1761185216.3929622,-1518.2628756617196,-1113.7983053037897,400.94345454964787,187.27736023114994,right_blink
1761185216.4066088,-1554.465107232798,-1153.8862929288298,353.1250937161967,173.60428599314764,right_blink
1761185216.4066088,-1515.4093319955282,-1098.1543037891388,358.4731506528333,225.55149637768045,right_blink
1761185216.4222438,-1503.1125409412198,-1089.2645615944639,390.9616615679115,219.64993424760178,right_blink
1761185216.4222438,-1517.99360286491,-1118.6115565467626,405.9624002901837,216.9011077801697,right_blink
1761185216.4229996,-1550.1118636843748,-1145.6061544269323,364.385932482779,182.6959827854298,right_blink
1761185216.4229996,-1502.929285843391,-1087.7499021124095,414.40335449017584,229.26895693363622,right_blink
1761185216.4365363,-1519.8111942433752,-1119.8681629318744,428.102608027868,192.71143486676738,right_blink
1761185216.4365363,-1570.2661845455877,-1162.2374895298854,343.6818463280797,167.97199665987864,right_blink
1761185216.452264,-1501.0368964658119,-1106.8420913862064,366.57003405690193,223.8274024981074,right_blink
1761185216.452264,-1491.5001515788026,-1086.1828840309754,415.0017384830862,238.21853752760217,right_blink
1761185216.4529521,-1557.0007594027556,-1150.423145569861,368.79153463058174,178.44745643576607,right_blink
1761185216.4529521,-1525.6454381742515,-1106.6102175889537,377.206309530884,220.25579804042354,right_blink
1761185216.4665122,-1505.509816812817,-1103.809032522142,409.38440874964,209.62326246639714,right_blink
1761185216.4665122,-1544.2888394533657,-1154.8661467172205,382.41973006911576,174.28120788512751,right_blink
1761185216.4822867,-1515.1138798990287,-1112.3434842210263,375.90482434630394,217.0133047788404,right_blink
1761185216.4822867,-1494.5631296425126,-1080.2401830013841,406.5570443831384,237.96796423057094,right_blink
1761185216.4829967,-1539.2586740129627,-1146.092341421172,393.65438953600824,164.4265715018846,right_blink
1761185216.4829967,-1547.9576813098975,-1142.0308100692928,368.1781910378486,204.61927632568404,right_blink
1761185216.496639,-1482.449593686033,-1060.1943192388862,418.7603379385546,271.6719426312484,right_blink
1761185216.496639,-1514.0816675112583,-1114.6472625937313,425.40240025985986,200.21367417788133,right_blink
1761185216.5123296,-1560.796757857781,-1177.2756272517145,348.6072945697233,156.7934356923215,right_blink
1761185216.5123296,-1511.478697142098,-1112.1078705238178,374.26300826575607,221.80785652203485,right_blink
1761185216.5130312,-1484.0053920676,-1065.8827070714906,431.40119978878647,256.53282761061564,right_blink
1761185216.5130312,-1554.465107232798,-1150.2922490714118,380.0299339974299,157.0926276887767,right_blink
1761185216.5264685,-1545.8259383351542,-1141.7203983729705,372.66981088463217,178.0697265402414,right_blink
1761185216.5264685,-1476.9781200508587,-1068.3847001418471,427.59772153384984,240.15580570464954,right_blink
1761185216.5422645,-1509.2871157680638,-1109.0635919598863,424.77409706730396,192.812412165571,right_blink
1761185216.5422645,-1560.2619521641172,-1158.273195576854,369.52829492185265,172.9946823003702,right_blink
1761185216.5430133,-1509.9677775599994,-1097.8102329932153,391.57500516064465,225.76841057511047,right_blink
1761185216.5430133,-1489.7573581994511,-1092.544453855604,427.45186543557793,225.36824127985165,right_blink
1761185216.556544,-1561.1296089538373,-1146.178359120153,389.2525272881612,165.06983429426327,right_blink
1761185216.556544,-1496.4592589200474,-1093.1054388489574,384.31585934665054,221.59468222456053,right_blink
1761185216.5722935,-1490.2510249936022,-1088.2809679061174,397.20355459395796,226.8342820624821,right_blink
1761185216.5722935,-1520.6190126338042,-1127.2507254444063,392.3005457520485,186.35360494209453,right_blink
1761185216.5729945,-1540.7209748956375,-1136.0619297400117,381.4436161806807,189.58487850381061,right_blink
1761185216.5729945,-1475.4335413691588,-1071.316781707108,422.3057630965486,238.64488612255082,right_blink
1761185216.5865915,-1526.4495166647248,-1130.5567970052361,414.51555148884654,163.30834141513333,right_blink
1761185216.5865915,-1552.5614981553517,-1147.7528570014983,390.0416461788118,170.82928022602573,right_blink
1761185216.6022277,-1500.5357498717494,-1085.9921491332352,400.54702515434474,244.85685994895175,right_blink
1761185216.6022277,-1496.4106402206235,-1091.9311102628708,418.8987142369151,203.87503623450175,right_blink
1761185216.602893,-1548.1708556073718,-1146.1858389200643,383.54170005582273,171.7343360153027,right_blink
1761185216.602893,-1518.4648302593268,-1102.7207216350362,380.97612868621945,215.73799889395013,right_blink
1761185216.6165886,-1488.9570196089335,-1095.6934496182948,431.5283563872799,209.33155026985332,right_blink
1761185216.6165886,-1526.4644762645476,-1140.8639612831175,407.3499031737447,178.55965343443677,right_blink
1761185216.6322649,-1534.1611903733574,-1126.4129878543317,381.1893029836938,188.36193121830001,right_blink
1761185216.6322649,-1488.770024611149,-1072.498590093106,416.4902186654508,228.58081534178928,right_blink
1761185216.6329808,-1528.6859768382274,-1148.2577434955165,397.43168849125504,161.47579043684527,right_blink
1761185216.6329808,-1552.2398667591624,-1134.913780453615,379.86911829933524,185.49342795228586,right_blink
1761185216.6465325,-1489.1253151069395,-1067.7189979497343,413.6366749992594,247.34015351952985,right_blink
1761185216.6465325,-1497.6784663056023,-1100.2673472641036,435.84794083610177,207.71591348899528,right_blink
1761185216.6622982,-1563.291271128226,-1174.3884244859219,384.0391067499295,134.76168505335227,right_blink
1761185216.6622982,-1510.2557498565875,-1100.5104407612234,416.1947665689513,217.81364336935803,right_blink
1761185216.6629715,-1494.521990743,-1092.5220144558698,430.99355069361627,214.18594041233882,right_blink
1761185216.6629715,-1561.1670079533942,-1163.8194672111422,377.0641933325678,131.1152825965546,right_blink
1761185216.6765728,-1547.56499181455,-1133.4365199711174,353.1624927157536,168.12907245801762,right_blink
1761185216.6765728,-1502.9816444427706,-1084.3017143532634,424.51978387031704,219.04033055482432,right_blink
1761185216.692191,-1528.027754446026,-1131.5927492929623,416.06387007050216,161.37855303799734,right_blink
1761185216.692191,-1548.6233835020103,-1151.5937342559919,368.0622541392222,164.62104629958048,right_blink
1761185216.692916,-1512.1294397343881,-1115.2007677871734,388.16421640105546,203.7815387356095,right_blink
1761185216.692916,-1525.6080391746946,-1123.2078935923055,428.4354591239244,162.96801051916555,right_blink
1761185216.7066152,-1546.6674158251844,-1148.2614833954722,394.0059401318431,160.88488624384627,right_blink
1761185216.7066152,-1513.9133720132522,-1096.7593211056665,392.56981854885817,211.12670224858448,right_blink
1761185216.7219565,-1502.387000349816,-1089.758228388615,428.3157823253423,191.26409358391538,right_blink
1761185216.7219565,-1557.8010979932733,-1170.128678436391,400.1992144584656,122.50977279851213,right_blink
1761185216.73725,-1508.7597898743115,-1100.876950956881,409.4218077491969,205.47197351558134,right_blink
1761185216.73725,-1497.5700092068873,-1088.4717028038576,417.5598300527781,205.61408971389756,right_blink
1761185216.7380147,-1526.228862567339,-1119.3221375383437,436.66323902644217,165.4288646900095,right_blink
1761185216.7380147,-1558.6687547829933,-1151.171125560999,371.46182319894433,141.9722121679224,right_blink
1761185216.7521865,-1481.0134721030481,-1063.380714001134,413.25894510373473,232.87796039087698,right_blink
1761185216.7521865,-1492.461305867415,-1098.3899174863473,424.3066095728427,185.1755364560522,right_blink
1761185216.752948,-1554.9625139269046,-1161.1716180425137,387.2180217122659,131.94928028667346,right_blink
1761185216.752948,-1505.3751804144122,-1101.879244145006,409.20863345172256,192.52817976893857,right_blink
1761185216.7665524,-1491.6198283773847,-1076.5115027455613,450.3998915636912,207.49525939160958,right_blink
1761185216.7665524,-1552.3819829574786,-1143.246277554892,398.1534891827032,138.95037300372496,right_blink
1761185216.782386,-1544.1355035551824,-1130.1341883102432,379.4689490040764,162.7623160216026,right_blink
1761185216.782386,-1475.8262308645062,-1073.6953580789268,429.96881810575724,220.20717934099957,right_blink
1761185216.782945,-1509.2833758681081,-1120.488986324519,406.1269558882341,176.4727892591618,right_blink
1761185216.782945,-1551.1852149716578,-1154.6828916193917,380.8115730881691,147.33522870438173,right_blink
1761185216.796539,-1500.5544493715279,-1092.723969053477,433.77977616060525,208.21706008305773,right_blink
1761185216.796539,-1510.719497451093,-1102.6197443362325,439.0605148980394,176.48400895902887,right_blink
1761185216.8122027,-1548.9824138977565,-1139.7943498957902,372.64363158494234,144.69859923562035,right_blink
1761185216.8122027,-1523.3753189011477,-1110.4211756438017,383.30608635861427,185.60562495095655,right_blink
1761185216.8130047,-1480.0822370140813,-1075.0492018628865,437.5495953159407,197.31151181226596,right_blink
1761185216.8130047,-1537.0035143396817,-1153.7179974308237,403.46788701973855,135.89113483997062,right_blink
1761185216.8265975,-1536.9174966407008,-1129.5919028166682,376.38353154063225,174.37470538401976,right_blink
1761185216.8265975,-1485.8080238462426,-1078.1009602267295,436.12095353286713,212.68998043006286,right_blink
1761185216.8422203,-1530.2268156199716,-1128.0473241349682,422.84804859012365,144.96039223251864,right_blink
1761185216.8422203,-1559.0913634779863,-1135.2204522499815,378.7995069120079,148.89850688586012,right_blink
1761185216.843095,-1501.0855151652358,-1087.996735509485,425.0957284634933,211.0070254500024,right_blink
1761185216.843095,-1494.017104248982,-1087.6938036130741,439.4681639932096,192.01207357505336,right_blink
1761185216.8565066,-1550.1530025838874,-1154.1705253254622,389.327325287275,145.55503632547334,right_blink
1761185216.8565066,-1506.426092301961,-1090.5810063788667,410.5998762352392,206.53036520304158,right_blink
1761185216.8721964,-1485.2507787528448,-1080.8236073944718,442.1347126616165,202.9699804452248,right_blink
1761185216.8721964,-1551.1440760721453,-1139.3081629015505,412.5221848124638,147.10709480708465,right_blink
1761185216.8728898,-1549.5695781907998,-1132.9877319764346,389.12163078971207,170.53756802948192,right_blink
1761185216.8728898,-1487.864968821872,-1074.4994365694001,436.55852182768285,223.976998496335,right_blink
1761185216.886659,-1520.633972233627,-1124.382222178392,417.9487796481699,179.92471691826358,right_blink
1761185216.886659,-1556.985799802933,-1153.8900328287855,382.64786396641284,137.64514791918918,right_blink
1761185216.9021747,-1486.7691781348549,-1065.8752272715792,431.34136138949543,226.25833746930584,right_blink
1761185216.9021747,-1513.733856815379,-1128.208139833063,437.56081501580775,210.7863713526167,right_blink
1761185216.9029498,-1565.729685899336,-1160.7564891474321,382.42720986902714,150.6450401651673,right_blink
1761185216.9029498,-1525.0507940812968,-1106.9767277846113,385.2919732350856,196.3316580238752,right_blink
1761185216.9165635,-1489.035557508003,-1082.2784284772351,431.7938892841339,238.22975722746924,right_blink
1761185216.9165635,-1546.3495243289508,-1159.129632666707,371.31222720071673,157.50775658385828,right_blink
1761185216.932171,-1551.1777351717465,-1150.9953502630815,373.1859170785174,175.9118042658083,right_blink
1761185216.932171,-1485.4228141508065,-1075.1838382612914,454.94387000985444,240.7280103978701,right_blink
1761185216.9328947,-1514.5865540052764,-1122.5459313001484,421.3072098083794,194.34951104735956,right_blink
1761185216.9328947,-1559.3381968750618,-1171.8752117156982,344.8262557145208,144.51908403774723,right_blink
1761185216.9464867,-1513.4645840185694,-1106.8420913862064,380.9985680859536,211.71760644158348,right_blink
1761185216.9464867,-1531.909770600032,-1116.0946038765833,431.9509650822729,170.42537103081122,right_blink
1761185216.9622457,-1537.108231538441,-1128.3240767316893,411.6096492232755,172.7702883030288,right_blink
1761185216.9622457,-1542.08977827942,-1139.2707639019936,376.1030390439555,195.2994456361048,right_blink
1761185216.9629915,-1499.9934643781744,-1122.28413830325,419.4260401306674,183.64965727413073,right_blink
1761185216.9629915,-1552.3034450584091,-1161.3997519398108,428.43919902388006,153.54346263082698,right_blink
1761185216.9764936,-1526.1952034677379,-1117.3025915622711,384.79082664102316,175.93798356549814,right_blink
1761185216.9764936,-1478.5713174319826,-1093.9730956386775,464.83964529260993,157.65735258208588,right_blink
1761185216.9922245,-1522.7170965089463,-1155.8422606056556,451.0020154565573,154.99454381363466,right_blink
1761185216.9922245,-1544.1616828548722,-1151.6947115547955,400.4946665549651,185.1456172564067,right_blink
1761185216.9929256,-1466.9252689699642,-1080.8236073944718,416.5276176650077,244.59506695205346,right_blink
1761185216.9929256,-1480.8526564049534,-1133.4253002712503,486.3365902379155,59.40270094620064,right_blink
1761185217.0066729,-1540.2123485016637,-1189.1759889107198,421.80461650248617,130.8946284991689,right_blink
1761185217.0066729,-1501.0780353653245,-1135.8599751424044,454.1360516194254,221.2356518288143,right_blink
1761185217.0221713,-1501.0929949651472,-1137.5092710228637,472.02025320753455,272.5134201212786,right_blink
1761185217.0221713,-1524.1868771915324,-1220.8379819355905,447.9240777930245,130.46080010430887,right_blink
1761185217.0228665,-1515.4542107949965,-1151.1374664613977,401.28378544561565,57.532750968355685,right_blink
1761185217.0228665,-1445.581659922842,-1122.201860504225,547.0052473191172,342.16157699609175,right_blink
1761185217.0367036,-1535.5860922564752,-1189.1909485105425,450.0745202675462,322.6467790273018,right_blink
1761185217.0367036,-1539.569085709285,-1219.4242997523397,503.1736198384315,145.05762963136658,right_blink
1761185217.0522375,-1485.7481854469515,-1155.9357581045479,554.5785447293893,195.20220823725685,right_blink
1761185217.0522375,-1458.835865365807,-1155.3336342116818,653.3044237596914,166.04220828274265,right_blink
1761185217.0528843,-1522.189770615194,-1242.8884320743382,653.7457319544628,222.20802581729367,right_blink
1761185217.0528843,-1522.6310788099654,-1223.594288202934,622.9962745187804,306.99529771273956,right_blink
1761185217.0665183,-1473.380336293485,-1196.0200058296323,748.4998372318223,161.36733333813027,right_blink
1761185217.0665183,-1546.854410822969,-1263.6149576287717,757.8047083215788,226.46777186682448,right_blink
1761185217.0822995,-1569.8510556505062,-1276.480213476345,700.8909107958898,220.27823744015768,right_blink
1761185217.0822995,-1504.4663847251795,-1222.6443536141887,818.1180749069899,257.45284299971536,right_blink
1761185217.0831819,-1532.392217694316,-1258.9999210834503,825.1864858232439,186.40970344142988,right_blink
1761185217.0831819,-1593.5807208693586,-1315.001183019951,801.1538887079805,135.19925334816799,right_blink
1761185217.096528,-1536.3527717473917,-1245.4652231438085,855.8798447595909,268.34343167068437,right_blink
1761185217.096528,-1534.408023770433,-1256.7410215102136,853.9575361823663,116.46983437007293,right_blink
1761185217.1122167,-1592.4699705825187,-1300.1089013963938,813.7685712585226,271.7467406303622,right_blink
1761185217.1122167,-1599.3925254005007,-1285.381175370887,744.5692023783922,289.3803689214401,right_blink
1761185217.1129198,-1539.1539568142034,-1236.5792208490893,803.7905181767419,249.22880299715325,right_blink
1761185217.1129198,-1583.0155034945346,-1292.9993515806273,806.7786982413381,208.58357027871534,right_blink
1761185217.12658,-1581.901013307739,-1281.5365582164377,792.0921111153439,169.12014594627544,right_blink
1761185217.12658,-1546.5851380261593,-1230.9731108155102,830.6093407589942,302.2830237685703,right_blink
1761185217.14231,-1579.8178890324198,-1269.303345461376,724.3176441183314,214.7095264061354,right_blink
1761185217.14231,-1611.0946723618545,-1301.5936416788027,711.2392139732838,256.4056710121222,right_blink
1761185217.143152,-1548.9450148981996,-1233.8378741815686,704.3278788551688,253.53342784615234,right_blink
1761185217.143152,-1531.5320407045074,-1236.8036148464307,722.7506260368973,285.31883756956086,right_blink
1761185217.156584,-1603.4615365522914,-1305.1315870368853,696.5414071474224,146.2394380173646,right_blink
1761185217.156584,-1559.2559190760367,-1240.334080404602,737.8860011575744,243.38707926636562,right_blink
1761185217.1722777,-1478.5825371318497,-1165.0012755971402,804.4225612692535,284.8176909754984,right_blink
1761185217.1722777,-1601.9244376705028,-1307.5176432086155,586.5098105510697,200.1874948781915,right_blink
1761185217.173043,-1603.3979582530446,-1292.2027528900653,610.0711802719161,244.10514005785808,right_blink
1761185217.173043,-1507.9482315839268,-1157.0988669907674,724.684154313989,344.9253630633466,right_blink
1761185217.1865203,-1578.7557574450038,-1269.4192823600024,697.5773594351485,174.04933408787474,right_blink
1761185217.1865203,-1581.661659710575,-1288.5675701331347,635.9251086656004,175.67245066864416,right_blink
1761185217.2022607,-1542.344091476407,-1237.0990669429302,644.8821690594777,246.04988803481683,right_blink
1761185217.2022607,-1523.5922330985777,-1222.2628838187084,684.5924267889932,223.6104883006774,right_blink
1761185217.2030332,-1574.0846224003471,-1297.0833223322406,641.5536580989137,133.71825296571478,right_blink
1761185217.2030332,-1563.351109527517,-1231.6836918070912,606.8099875105545,304.6129814409651,right_blink
1761185217.2173152,-1530.5559268160723,-1211.9258003411815,599.38628609851,243.31228126725182,right_blink
1761185217.2173152,-1573.254364610184,-1249.5080549959093,610.4489101674408,188.61998431524262,right_blink
1761185217.2179773,-1573.5329871568829,-1249.945623290725,590.8892333991826,256.35518236272037,right_blink
1761185217.2314775,-1531.0140645606443,-1198.2041074037552,617.0124345896766,259.63133472390473,right_blink
1761185217.2314775,-1552.2342569092289,-1228.3177818469703,623.8040929092094,207.8748592371121,right_blink
1761185217.2472653,-1553.3375273961574,-1249.523014595732,593.7988755647093,113.03473626077175,right_blink
1761185217.2472653,-1512.9241684749722,-1199.0194055940956,584.2284715780988,329.50762549601495,right_blink
1761185217.247998,-1539.1333873644471,-1206.3159504076466,597.4377982215956,251.03330472577363,right_blink
1761185217.247998,-1593.1562422243878,-1252.2793208630756,537.3338660337031,206.40507855452597,right_blink
1761185217.2616084,-1534.2902169218287,-1186.0756118474528,548.5722654005513,281.6219464633614,right_blink
1761185217.2616084,-1503.073271991685,-1165.9399904860184,627.6636696634814,169.69796048942953,right_blink
1761185217.2772539,-1571.5882391799241,-1261.6477702520788,540.2322884993628,235.5949977086857,right_blink
1761185217.2772539,-1546.1830987809226,-1205.9083013124764,501.06431626342237,254.9041011799127,right_blink
1761185217.277938,-1518.3732027104124,-1147.0721952095628,594.2289640596136,280.8403073726222,right_blink
1761185217.277938,-1556.1985508622602,-1213.5900558214635,566.3517497899011,211.83541329018772,right_blink
1761185217.2916615,-1575.425376534462,-1220.422853040509,483.39702887274325,180.30057686381042,right_blink
1761185217.2916615,-1518.5302785085514,-1147.696758502163,539.5965055068955,339.70259277522564,right_blink
1761185217.3072708,-1530.5540568660945,-1187.8445845264941,535.6621307535097,242.15852213092148,right_blink
1761185217.3072708,-1561.9841760937124,-1233.5985205844045,452.7747280355543,229.8467714767903,right_blink
1761185217.3079696,-1513.3692165696993,-1151.4927569571882,487.42864102497697,293.96735621709377,right_blink
1761185217.3079696,-1511.7797590885311,-1162.3197673289105,529.1921038301662,271.0230699889362,right_blink
1761185217.3216853,-1551.086107622832,-1218.6052616620436,522.6846779072657,199.69569803401828,right_blink
1761185217.3216853,-1562.025314993225,-1206.7834379021078,463.94580920320004,226.15175032056868,right_blink
1761185217.337237,-1474.814587926492,-1119.2847385387868,499.766570978798,303.85939159989357,right_blink
1761185217.337237,-1522.816203857772,-1186.27756644506,477.4431081432849,249.28303154651076,right_blink
1761185217.3380044,-1575.414156834595,-1229.551948832348,447.3219539001584,225.56458602752537,right_blink
1761185217.3380044,-1502.6618829965591,-1139.446539199911,485.5325117474422,284.82330082543194,right_blink
1761185217.3515964,-1506.4840607512742,-1152.7194441426545,532.9170441860333,233.23138093668967,right_blink
1761185217.3515964,-1553.763875991106,-1212.0978357391432,481.7888718917966,232.38242364674807,right_blink
1761185217.3672688,-1526.5336644137278,-1168.2699481584132,427.11153453961015,253.55773719586432,right_blink
1761185217.3672688,-1501.132263914682,-1137.6289478214458,465.8194990810007,274.4675178481266,right_blink
1761185217.3679655,-1542.125307328999,-1191.5807445822284,440.3844394823536,200.0547284297645,right_blink
1761185217.3679655,-1538.0637759771198,-1160.8986053457484,461.67568993009627,260.4952516136691,right_blink
1761185217.3816113,-1503.0059537924826,-1136.069409539923,470.42331592645496,276.11681372858584,right_blink
1761185217.3816113,-1526.5897629130632,-1165.0910331960768,426.40843334794044,242.90276222210377,right_blink
1761185217.3972895,-1538.243291174993,-1189.7668931037188,388.91219639219344,180.5324506610632,right_blink
1761185217.3972895,-1503.8137721829116,-1132.0490170875564,428.6486334213987,280.5822542756796,right_blink
1761185217.397967,-1498.9070234410465,-1145.381760429591,443.2043240489438,273.51010345947,right_blink
1761185217.397967,-1546.2167578805238,-1173.3524721981958,412.87747530825436,234.75352021865547,right_blink
1761185217.411538,-1527.4536798028275,-1150.1239535734057,397.5139662902802,254.54881068412215,right_blink
1761185217.411538,-1490.783960737288,-1118.895788943395,437.7665095133707,272.9004997666925,right_blink
1761185217.427261,-1527.2330257054418,-1147.468624604866,430.3241086015478,270.29004959762096,right_blink
1761185217.427261,-1541.2314712395892,-1175.2373817758635,377.2624080302194,217.0675333281979,right_blink
1761185217.4279788,-1488.1361115686595,-1104.6056312127039,422.2795837968588,285.71339701488614,right_blink
1761185217.4279788,-1500.2533874250948,-1130.2650848086923,418.54716364108026,258.51684453710914,right_blink
1761185217.4415405,-1552.2903554085642,-1164.3430532049388,370.440830511041,227.61779110319912,right_blink
1761185217.4415405,-1531.0701630599797,-1125.7622452620417,367.59850654471666,256.4187606619671,right_blink
1761185217.4572935,-1477.6531719928607,-1101.6473703477532,405.0162056013942,295.8859248943627,right_blink
1761185217.4572935,-1547.0395358707756,-1163.7708485117182,351.92084593046457,231.46988805755973,right_blink
1761185217.4580061,-1531.7882238514721,-1144.476704640314,344.4597455188632,252.36470910999924,right_blink
1761185217.4580061,-1489.8863847479224,-1094.0852926373482,414.2313190922141,307.79002645332366,right_blink
1761185217.471569,-1526.4401669148356,-1141.3950270768255,406.32517058588564,258.03065754286945,right_blink
1761185217.471569,-1550.4503246303648,-1167.211556470953,344.36624801997095,235.01157331559807,right_blink
1761185217.487229,-1503.3687240881845,-1096.3591518104076,395.225147517398,293.20067672617733,right_blink
1761185217.487229,-1518.9416675036773,-1112.7586131161079,365.0179755752906,267.3392685325816,right_blink
1761185217.4879534,-1546.0896012820303,-1144.731017837301,325.21048044692725,250.3451631339267,right_blink
1761185217.4879534,-1508.7766194241121,-1097.2081091003492,340.1551206698641,290.7959210546687,right_blink
1761185217.5015125,-1504.0830449797213,-1098.3674780866131,381.4810151802376,311.7879795059562,right_blink
1761185217.5015125,-1540.9846378425136,-1137.8122029192746,344.66917991638184,254.76198498159647,right_blink
1761185217.5171955,-1526.3765886155888,-1128.9449001243338,329.8180371923372,265.6899726521224,right_blink
1761185217.5171955,-1446.6942801596597,-1042.7738652452826,383.6538970544934,352.6800456214696,right_blink
1761185217.517896,-1554.4707170827314,-1153.4524645339698,339.70633267518133,229.1848091846332,right_blink
1761185217.517896,-1546.6431064754725,-1131.49925179407,332.73889905773103,266.6025082413107,right_blink
1761185217.5317118,-1485.9557498944923,-1084.4326108517125,385.2657939353958,318.5235393261537,right_blink
1761185217.5317118,-1542.1290472289547,-1132.0041382880881,339.7848705742508,273.89157325495034,right_blink
1761185217.5471635,-1560.0095089171082,-1165.8764121867716,276.11681372858584,242.21088073030114,right_blink
1761185217.5471635,-1515.2466463474557,-1099.407170274295,346.8757208902389,267.04007653612643,right_blink
1761185217.5480323,-1473.4345648428425,-1080.228963301517,373.8478793706745,313.0034469915554,right_blink
1761185217.5480323,-1555.162598574534,-1124.804830873385,326.7513192286715,269.2727968096733,right_blink
1761185217.561582,-1557.9413442416117,-1137.976758517325,316.57505144923925,252.50682530831546,right_blink
1761185217.561582,-1491.6216983273625,-1073.2914488837123,345.2413846096024,335.1212153295055,right_blink
1761185217.5772512,-1543.4006132138893,-1149.4545114813372,318.32158472854644,250.69671372976154,right_blink
1761185217.5772512,-1555.476750170812,-1146.5972279151902,295.6951899966225,232.05331245064735,right_blink
1761185217.5779707,-1480.2224832624197,-1074.9744038637727,364.41585168242455,306.024793674238,right_blink
1761185217.5779707,-1518.3283239109442,-1130.5006985059008,370.67644420824945,289.56549396924675,right_blink
1761185217.591629,-1557.55239464622,-1131.428193694912,295.7288490962237,246.07045748457313,right_blink
1761185217.591629,-1525.7258460232988,-1086.186623930931,300.78893373627216,304.4876947924495,right_blink
1761185217.6071815,-1496.1656767735258,-1092.1854234598577,341.0526966592297,291.2895878488198,right_blink
1761185217.6071815,-1572.3474388709292,-1176.6996826585382,299.52858745120466,211.08369339909405,right_blink
1761185217.6079197,-1527.52099800203,-1115.7093941811472,338.52078438922763,256.80023045744747,right_blink
1761185217.6079197,-1496.5209672693163,-1077.2220837371424,378.49283511564136,312.3414846993983,right_blink
1761185217.6215796,-1529.0543569838628,-1132.0228377878666,335.6036624237895,254.12994188908488,right_blink
1761185217.6215796,-1541.5979814352468,-1147.6556196026504,299.5173677513376,224.0686260452494,right_blink
1761185217.6372063,-1499.1089780386537,-1066.85508105997,350.55204254668206,305.09355858527124,right_blink
1761185217.6372063,-1536.8819675911218,-1134.648247556761,325.2217001467943,231.94111545197666,right_blink
1761185217.6379163,-1546.0522022824734,-1159.5073625622317,308.9568752394989,232.71901464276016,right_blink
1761185217.6379163,-1491.7039761263877,-1068.5716951396316,358.585347651504,322.73092677630484,right_blink
1761185217.6515765,-1510.0668849088252,-1093.303653546609,372.71468968410045,263.2739972807467,right_blink
1761185217.6515765,-1548.602814052254,-1137.1838997267187,323.09369707200676,235.90540940500796,right_blink
1761185217.6673703,-1519.813064193353,-1107.7808062750846,321.9979063849896,259.88564792089164,right_blink
1761185217.6673703,-1494.6622369913384,-1086.6241922257468,370.81482050661,279.69963788613677,right_blink
1761185217.6679168,-1528.6691472884268,-1123.1218758933246,359.2099109441042,254.91532087977976,right_blink
1761185217.6679168,-1546.3925331784412,-1129.7788978144526,297.2883873777464,250.8949284274131,right_blink
1761185217.6815972,-1502.493587498553,-1078.7554427189752,332.6715808585286,291.7383758435026,right_blink
1761185217.6815972,-1518.1226294133812,-1108.6110640652478,344.7963365148753,236.90770259313285,right_blink
1761185217.6972706,-1560.9108248064294,-1154.5071163214743,289.01198877580464,206.85760644916445,right_blink
1761185217.6972706,-1500.492741022259,-1092.4023376572877,325.92106143850833,277.63521311059594,right_blink
1761185217.697911,-1496.2217752728611,-1098.3712179865688,357.33996096625924,265.92184644937515,right_blink
1761185217.697911,-1557.2083238502964,-1150.5877011679113,313.9646012801677,197.37322016153485,right_blink
1761185217.7115352,-1548.5691549526528,-1118.9705869425088,321.13772939518094,240.68126164842397,right_blink
1761185217.7115352,-1478.21789688617,-1069.2747963313013,366.41295825876296,287.5384681932628,right_blink
1761185217.7272053,-1527.6257152007893,-1149.577928179875,326.44090753234923,201.9433779073879,right_blink
1761185217.7272053,-1537.3045762861148,-1152.678305243142,312.1170907020569,214.45708315912634,right_blink
1761185217.728115,-1483.0498476289213,-1076.0739344507456,336.490018713288,265.1289876587689,right_blink
1761185217.728115,-1524.6936336355284,-1129.4684861181304,341.5762826530263,198.3867330495268,right_blink
1761185217.741569,-1547.1330333696678,-1138.7696173079312,307.9171830518171,214.42716395948082,right_blink
1761185217.741569,-1504.9619214693084,-1094.9492095271125,333.06053045392036,256.3888414623216,right_blink
1761185217.7572732,-1512.0041530858725,-1119.0753041412681,339.95316607225686,214.66651755664498,right_blink
1761185217.7572732,-1553.558181493543,-1169.575173242949,306.8550514644012,183.32615592796355,right_blink
1761185217.7579343,-1535.397227308713,-1127.1385284457356,296.3272330891341,224.37155794166028,right_blink
1761185217.7579343,-1500.492741022259,-1091.9423299627379,345.5630160057917,239.98564025666565,right_blink
1761185217.771576,-1541.5082238363102,-1134.1321413628757,327.2936047222465,197.41809896100312,right_blink
1761185217.771576,-1539.881367355585,-1145.2695634309202,291.94033044110984,207.14183884579688,right_blink
1761185217.8029451,-1471.6094936644658,-1082.3868855759501,344.3138894205913,265.6039549531415,right_blink
1761185217.8029451,-1550.9813904240727,-1141.8026761719957,335.8691953206435,190.73863764014095,right_blink
1761185217.8037963,-1556.6136797573417,-1164.2046769065782,273.8429545555264,195.91465917881578,right_blink
1761185217.8037963,-1511.0130795976147,-1092.349979057908,307.61051125545055,239.25261986535043,right_blink
1761185217.8043852,-1519.210940300487,-1109.1832687584683,316.1113038547337,210.41051140706986,right_blink
1761185217.8043852,-1556.019035664387,-1156.874472993426,297.34448587708175,185.1961059058085,right_blink
1761185217.8172593,-1524.7759114345536,-1113.1326031116769,299.30419345386326,229.05765258613974,right_blink
1761185217.8172593,-1491.7825140254572,-1084.7692018477246,351.77124993223697,249.43636744469404,right_blink
1761185217.8180332,-1552.7466232031584,-1150.928032063879,319.32013801671565,191.7970293276012,right_blink
1761185217.8180332,-1553.124353098683,-1149.0319027863443,281.15445896890014,177.98557879123837,right_blink
1761185217.8314786,-1484.007262017578,-1072.7678628899157,338.10191559419036,253.236105799675,right_blink
1761185217.8314786,-1549.3545339433476,-1119.7223068336025,323.0114192729816,194.3850400969386,right_blink
1761185217.8473003,-1562.6199590861797,-1165.9474702859297,264.95321236085147,181.11213515419513,right_blink
1761185217.8473003,-1491.2888472313061,-1072.5883476920426,311.53740620892495,278.03912230581045,right_blink
1761185217.847963,-1503.4435220872983,-1097.1781899007037,355.9898570822552,242.24453982990235,right_blink
1761185217.847963,-1554.8559267781675,-1138.4741652114317,333.5654169479385,199.44886463694274,right_blink
1761185217.8616154,-1523.8745955452323,-1094.3246462345123,327.83589021582156,245.4907729914412,right_blink
1761185217.8616154,-1495.7804670780897,-1080.445877498947,333.92070744372904,245.12800269573927,right_blink
1761185217.8772404,-1533.310363133438,-1138.2722106138244,320.90959549788386,182.29394354019314,right_blink
1761185217.8772404,-1528.0221445960924,-1109.5310794543475,280.11102688126266,235.4042628109455,right_blink
1761185217.878095,-1481.654864945449,-1063.1824993034825,336.3479025149718,267.2457710336894,right_blink
1761185217.878095,-1530.812109963037,-1124.468239877373,335.0576370302588,190.77603663969785,right_blink
1761185217.8916,-1562.4404438883066,-1150.651279467158,300.7403150368482,178.0117580909282,right_blink
1761185217.8916,-1484.766461708583,-1047.1495481934398,362.93485129997134,302.8870176114142,right_blink
1761185217.9072924,-1516.0731642376631,-1107.848124474287,342.21580554544926,213.10697927512228,right_blink
1761185217.9072924,-1564.97983595822,-1167.4546499680728,286.22950320877135,186.14230059459805,right_blink
1761185217.9079432,-1480.8395667551085,-1064.887893683277,345.6490337047726,299.1732969554141,right_blink
1761185217.9079432,-1484.5308480113745,-1075.8196212537587,360.2795223314315,249.61588264256716,right_blink
1761185217.9216905,-1540.9621984427795,-1154.1406061258167,330.25186558719724,176.02587121445686,right_blink
1761185217.9216905,-1528.3961345916614,-1128.8514026254416,310.1835624249652,218.38771801255643,right_blink
1761185217.937276,-1468.0790281062946,-1055.9420529892668,380.0785526968539,261.497544801794,right_blink
1761185217.937276,-1538.2806901745498,-1150.1875318726525,329.46648659650236,185.0502498075366,right_blink
1761185217.938002,-1565.2004900556058,-1167.22277617082,293.0249014282599,193.43510550819337,right_blink
1761185217.938002,-1493.1139184096828,-1069.9217990236357,360.1748051326722,266.9428391372785,right_blink
1761185217.9516091,-1486.3409595899284,-1071.040029110387,370.66896440833807,252.43202730920166,right_blink
1761185217.9516091,-1576.8390587177128,-1147.7902560010552,291.48032274656,171.50807206798345,right_blink
1761185217.967266,-1504.8759037703276,-1045.930340807885,325.36007644515485,293.5821465216577,right_blink
1761185217.967266,-1519.8429833929986,-1063.646246897988,319.10322381928563,242.60731012560427,right_blink
1761185217.9679618,-1561.8644992951304,-1091.8263930641115,308.20515534840524,221.82094617187977,right_blink
1761185217.9679618,-1572.5007747691125,-1070.5987209156156,288.89605187717825,240.88321624603122,right_blink
1761185217.981596,-1521.6530949715525,-1002.4839230226353,356.71165777370334,308.38467054627836,right_blink
1761185217.981596,-1588.473887479864,-1110.5558120422065,291.1773908501491,198.16233905218542,right_blink
1761185217.997217,-1573.072979462333,-1032.6723954649642,270.8024158915505,282.44846435356885,right_blink
1761185217.997217,-1562.7583353845403,-1025.0579591551796,287.5048090936616,289.86094606574625,right_blink
1761185217.9979882,-1561.2025370029733,-1031.180175382644,308.17149624880403,271.89446667861193,right_blink
1761185217.9979882,-1628.7413903027773,-1083.9651233572513,263.4235932789743,223.94894924666733,right_blink
1761185218.011688,-1572.627931367606,-1001.8630996299908,269.07832201197743,320.6403227010742,right_blink
1761185218.011688,-1567.7286624256521,-1018.371018034406,311.5523658087477,303.38816420547664,right_blink
1761185218.0272324,-1645.6569578023627,-1091.0223145736381,259.25734472833574,207.12313934601843,right_blink
1761185218.0272324,-1581.1399436667562,-992.1094405455515,279.5388221880421,325.43861434422433,right_blink
1761185218.0279,-1586.0466924086213,-985.6730727218091,288.0919733867049,308.8783373404294,right_blink
1761185218.0279,-1618.1013749288395,-1018.6066317316145,283.15904534514993,284.509149229154,right_blink
1761185218.0416126,-1660.6128177251667,-1067.9807909466326,232.5581989446655,232.60681764408946,right_blink
1761185218.0416126,-1581.8019059589133,-950.5778515376151,296.38333158846945,359.501623140648,right_blink
1761185218.0572543,-1628.4384584063664,-1013.9392365869135,271.2773831859231,253.453019997105,right_blink
1761185218.0572543,-1639.5459612747654,-1042.1680014524609,239.84726395830512,239.2974986648187,right_blink
1761185218.0579724,-1620.1770194042474,-1002.5063624223694,243.49740631505847,291.4017848474905,right_blink
1761185218.0579724,-1593.2310402235016,-971.7943039862439,283.67141163907945,299.45378945209086,right_blink
1761185218.0716004,-1635.9107785178348,-1015.2407217714936,276.14299302827567,267.8329353267327,right_blink
1761185218.0716004,-1670.3365576099604,-1040.140975676477,217.8042936194688,227.37843750603497,right_blink
1761185218.0873227,-1577.9909479040653,-956.9917799616233,294.5395609103143,305.60592487920076,right_blink
1761185218.0873227,-1618.1836527278647,-993.0743347341195,304.8803842877969,267.7992762271315,right_blink
1761185218.0880027,-1654.337265599519,-1048.1181822819635,214.5468407580629,219.38253140076995,right_blink
1761185218.0880027,-1605.2174195814878,-991.1782054565847,261.00013810768723,273.8279949557036,right_blink
1761185218.1015725,-1603.4110479028895,-1010.1170588321984,287.37765249516815,247.8543897634372,right_blink
1761185218.1015725,-1648.0093548744917,-1049.4308871664107,254.8218233808875,215.97548254113644,right_blink
1761185218.1171849,-1616.2314249509946,-1009.1259853439406,274.4600380482152,259.0778295304626,right_blink
1761185218.1171849,-1586.207508106716,-994.9517645118758,302.12033812049776,255.31923007499427,right_blink
1761185218.11798,-1643.966523022391,-1050.6388748520985,279.7183373859152,193.89137330278754,right_blink
1761185218.11798,-1639.5908400742337,-1051.6785670397803,264.6166213648394,211.62971879262477,right_blink
1761185218.1315355,-1578.488354598172,-1007.0839999681339,280.324201178737,256.31778336316347,right_blink
1761185218.1315355,-1587.4042760925367,-1017.3612450463697,291.64113844465464,237.66316238418221,right_blink
1761185218.1472483,-1674.514025860466,-1091.7628147648647,254.4889722848311,184.47804511431605,right_blink
1761185218.1472483,-1627.6194203160703,-1045.1599214170128,263.24781798105687,218.09226591605693,right_blink
1761185218.1479545,-1566.2663615429774,-998.8001215662807,304.4465558929369,262.8326890859753,right_blink
1761185218.1479545,-1657.1683698659763,-1100.5179205611348,267.6048014294356,182.00223134364933,right_blink
1761185218.1615531,-1688.1497010989115,-1143.2761967545375,241.12256984319538,130.75812215078622,right_blink
1761185218.1615531,-1572.7513480661437,-1011.6429380141199,279.9165520835668,256.70299305859953,right_blink
1761185218.1772683,-1561.011802105233,-1004.7016836963594,306.3950437698513,268.6557133169845,right_blink
1761185218.1772683,-1696.02967030555,-1158.175958178006,270.8360749911517,123.3568601384759,right_blink
1761185218.178005,-1632.8178812544793,-1115.4289016844705,252.8247168045491,170.21406668331474,right_blink
1761185218.178005,-1546.8001822736114,-992.1057006455958,297.16497067920864,290.59396645706147,right_blink
1761185218.1915784,-1667.4418750442564,-1126.1736342571676,275.9036394311115,166.94539412204176,right_blink
1761185218.1915784,-1679.7536256983876,-1154.630533020012,241.77331243548542,133.30125412065536,right_blink
1761185218.2071867,-1542.0579891297966,-1004.8849387941882,290.3920118594542,284.29597493167967,right_blink
1761185218.2071867,-1602.236719316803,-1064.1511333920062,307.79750625323504,225.46734862867743,right_blink
1761185218.2079563,-1706.2769961841404,-1188.087678023614,267.5000842306763,102.6041552843526,right_blink
1761185218.2079563,-1557.503775946796,-1056.0505100879818,269.2353978101164,237.1919349897653,right_blink
1761185218.222244,-1554.5305554820225,-1029.7515335995704,298.2981603657827,264.41092686727643,right_blink
1761185218.222244,-1691.2500781621784,-1182.6910023875535,268.03488992433995,109.07044230774045,right_blink
1761185218.2229636,-1624.7696165498346,-1116.7266469690949,269.63182720541954,176.70092315645888,right_blink
1761185218.2366505,-1528.642967988737,-997.3714797832072,313.65418958384544,293.07165017770603,right_blink
1761185218.2366505,-1650.2458150479943,-1145.1087477328256,289.8422465659678,160.58195434743538,right_blink
1761185218.2522,-1654.2699474003166,-1150.6737188668922,259.9754055198282,145.09502863092348,right_blink
1761185218.2522,-1515.0933104492724,-994.0766279222444,302.16147702001035,291.76268519321457,right_blink
1761185218.2529461,-1594.1173965130001,-1063.2385978028178,289.85346626583487,225.7160519757308,right_blink
1761185218.2529461,-1701.7629369376227,-1197.3701097136363,246.51924547925591,106.52918028784916,right_blink
1761185218.2665448,-1558.42005143594,-1050.825869849883,270.26387029793113,254.65165793290362,right_blink
1761185218.2665448,-1546.0484623825178,-1023.5358198732138,306.09585177339613,283.17587489495054,right_blink
1761185218.282189,-1680.942913884297,-1172.5109947081655,278.7235239977017,136.40724103385583,right_blink
1761185218.282189,-1606.7358189634979,-1110.7577666398138,260.74208501074463,194.76463994244114,right_blink
1761185218.2828825,-1515.7178737418726,-997.6669318797067,324.1932276589796,313.73833733284846,right_blink
1761185218.2828825,-1649.0714864619076,-1137.1390209272504,289.3186605721712,177.33670614892617,right_blink
1761185218.29657,-1654.0754726026207,-1165.5286014908925,260.5737895127386,147.5297035020776,right_blink
1761185218.29657,-1513.5599514674395,-1018.5056544328108,300.3177063418552,299.3733816030435,right_blink
1761185218.3122673,-1576.569785920903,-1078.504869421944,322.65238887723535,241.07582109374925,right_blink
1761185218.3122673,-1691.8484621550888,-1204.1131493337452,280.6159133752808,112.49058081721887,right_blink
1761185218.3129783,-1554.4594973828644,-1055.1828532982618,300.11949164420366,262.0267406455241,right_blink
1761185218.3129783,-1541.6466001346707,-1039.9203215790913,318.83395102247596,277.13219656655565,right_blink
1761185218.3265464,-1672.5281389839947,-1189.4078627079725,288.19669058546424,133.377922069747,right_blink
1761185218.3265464,-1599.4430140499026,-1115.9113487787545,271.6513731814921,201.34312396449968,right_blink
1761185218.3422976,-1505.6837221607566,-1007.6711642611772,318.9199687214568,310.6753592691384,right_blink
1761185218.3422976,-1630.783375678584,-1148.7289708899334,313.95338158030063,171.74929561512545,right_blink
1761185218.3429697,-1646.5171347921714,-1179.4933879254386,279.37052669003606,146.77050381107256,right_blink
1761185218.3429697,-1493.3383124070242,-1020.1960892127827,313.68410878349096,304.40354704344645,right_blink
1761185218.356574,-1573.880797852762,-1095.7458082176745,332.2788913631812,230.85093461489305,right_blink
1761185218.356574,-1674.4803667608649,-1208.9002212770283,295.78494759555906,119.27475933684036,right_blink
1761185218.3722472,-1539.7542107570916,-1063.960398494266,315.83455125801265,268.1526967729442,right_blink
1761185218.3722472,-1525.1536413300782,-1040.8702561678365,342.81792943831533,281.8108114111237,right_blink
1761185218.3729863,-1670.8676234036684,-1198.2265468034893,319.4024158157408,129.20419371919706,right_blink
1761185218.3729863,-1577.355164911598,-1124.430840877816,299.78290064819157,205.23261991841719,right_blink
1761185218.3865612,-1489.216942655854,-1014.9602292748168,346.15392019879073,318.8358209724538,right_blink
1761185218.3865612,-1603.7513787988573,-1151.7208908544853,323.8902957625687,182.67354338569567,right_blink
1761185218.402254,-1619.952625406906,-1187.2611601334065,288.4360441826284,150.60016136569902,right_blink
1761185218.402254,-1493.4168503060937,-1024.063145766966,340.73480516299605,309.4935508831404,right_blink
1761185218.4030304,-1556.3556266603991,-1096.3142730109394,349.73300445638597,230.93321241391823,right_blink
1761185218.4030304,-1670.8451840039343,-1220.759444036521,301.86976482346654,105.19777590362355,right_blink
1761185218.4165928,-1517.752379317768,-1064.9776512822136,326.46334693208337,268.5079872687347,right_blink
1761185218.4165928,-1504.9694012692198,-1046.9475935958326,369.0196685278788,285.3337971693836,right_blink
1761185218.432225,-1660.8072925228626,-1211.245138549246,327.4992992198095,117.77505945460871,right_blink
1761185218.432225,-1581.6261306609958,-1135.2765507493168,319.24907991755754,199.3310577883385,right_blink
1761185218.4329827,-1468.314641803503,-1012.7275090012699,364.41585168242455,324.4718502056785,right_blink
1761185218.4329827,-1609.5669232299551,-1168.6850770534948,344.5682026175782,170.12991893431172,right_blink
1761185218.4465399,-1629.3210747959092,-1190.305438697338,302.93937621079385,140.83528258139268,right_blink
1761185218.4465399,-1482.3430065372959,-1033.4016759563237,349.6469867574051,302.3914808672853,right_blink
1761185218.4622192,-1553.4721637945622,-1106.9393287850544,365.4667635699734,229.22407813416794,right_blink
1761185218.4622192,-1654.0380736030638,-1221.301729530096,323.7107805646956,111.71642152639106,right_blink
1761185218.4629986,-1531.777004151605,-1074.0469086747617,342.00263124797493,259.9286567703821,right_blink
1761185218.4629986,-1506.4092627521604,-1057.3332957727835,370.4445704109967,281.8968291101046,right_blink
1761185218.4764888,-1626.12720023375,-1181.9692016961053,353.3083488140255,158.78306246874854,right_blink
1761185218.4764888,-1549.7995820380747,-1121.4314411133528,355.9412383828312,226.20971876988187,right_blink
1761185218.4922655,-1473.5430219415575,-1032.2497867699713,389.46570158563554,310.5407228707336,right_blink
1761185218.4922655,-1584.917242622003,-1143.029363357462,364.2475561844185,198.09689080296084,right_blink
1761185218.4930153,-1576.4351495224983,-1140.1758196912706,349.6395069574937,203.91617513401434,right_blink
1761185218.4930153,-1481.5800669463351,-1046.9214142961428,376.4770290395245,291.0932431011461,right_blink
1761185218.506622,-1533.3664616327733,-1096.7331418059766,378.05526682082564,262.38951094122604,right_blink
1761185218.506622,-1608.2803976451978,-1189.6995749045163,341.36684825550765,162.03677543019876,right_blink
1761185218.52218,-1503.338804888539,-1075.224977160804,365.15261197369546,270.8155055413954,right_blink
1761185218.52218,-1500.1935490258038,-1068.4968971405178,377.19134993106127,281.91178870992735,right_blink
1761185218.522962,-1620.6482467986643,-1188.47288771905,353.2485104147345,148.1654864945449,right_blink
1761185218.522962,-1542.910686319694,-1115.4289016844705,355.95993788260967,225.31962258042768,right_blink
1761185218.5366728,-1483.3864386249334,-1042.4858929486945,379.27073430642486,290.09468981297687,right_blink
1761185218.5366728,-1588.5299859791994,-1153.2018912369385,356.8687335718423,184.39389736531302,right_blink
1761185218.552238,-1578.791286494583,-1158.1572586782277,347.006617388688,176.75328175583854,right_blink
1761185218.552238,-1476.0076160123572,-1057.097682075575,389.3647242868319,289.92265441501513,right_blink
1761185218.5529416,-1545.4388586897403,-1114.6884014932439,376.93703673407435,224.00691769598052,right_blink
1761185218.5529416,-1602.7004669113085,-1179.2802136279643,340.723585463129,161.15789894061163,right_blink
1761185218.5665867,-1496.0086009753868,-1078.938697816804,373.56364697404206,265.97607499873266,right_blink
1761185218.5665867,-1511.5591049911454,-1089.3281398937106,383.93812945112586,250.64622508035973,right_blink
1761185218.5823655,-1605.5951494770125,-1173.5581666957587,381.1369443843141,168.0243552592583,right_blink
1761185218.5823655,-1526.6421215124428,-1117.3325107619166,370.30245421268046,230.77987651573494,right_blink
1761185218.583132,-1470.1135336821899,-1063.2872165022418,391.0289797671139,280.7038010242395,right_blink
1761185218.583132,-1585.2089548185468,-1166.9385437741876,371.0205150041729,184.97732175840065,right_blink
1761185218.596635,-1565.619358850643,-1153.4823837336153,372.804447283037,194.01292005134746,right_blink
1761185218.596635,-1461.2649303870276,-1051.9328802367672,401.06687124818563,302.88888756139204,right_blink
1761185218.6124084,-1532.0462769484147,-1109.5647385539487,382.0382602736354,236.18777185166255,right_blink
1761185218.6124084,-1591.8921560393646,-1176.968955455348,366.93280435260385,172.00360881211236,right_blink
1761185218.6129258,-1493.3831912064925,-1077.9700637282804,393.17568234167993,264.4427160168998,right_blink
1761185218.6129258,-1510.4446148043498,-1089.7320490889251,414.4893721891567,253.8400996425189,right_blink
1761185218.6265292,-1574.9728486398235,-1177.1185514535755,378.82194631174207,174.94691007724032,right_blink
1761185218.6265292,-1516.4583739330992,-1100.7722337581217,374.0722733680159,245.74695613840595,right_blink
1761185218.6422708,-1480.1925640627742,-1056.1290479870513,401.2239470463246,274.83589799376205,right_blink
1761185218.6422708,-1567.9904554225504,-1148.7888092892244,366.00904906354845,191.10327788582072,right_blink
1761185218.6431186,-1553.015895999968,-1143.6277473503724,366.23718296084553,200.43432827526703,right_blink
1761185218.6431186,-1477.9374043894932,-1059.2481245500967,412.6493414109573,269.90296995220706,right_blink
1761185218.6566448,-1532.77929733973,-1108.7344807637855,401.87842953857034,232.6797456932254,right_blink
1761185218.6566448,-1579.0717789912596,-1160.3787592519075,363.8810459887609,174.9581297771074,right_blink
1761185218.6722631,-1480.7909480556846,-1060.897420430556,409.3881486495957,272.6667560194619,right_blink
1761185218.6722631,-1510.9943800978363,-1097.8925107922405,397.50648649036884,240.6195532991551,right_blink
1761185218.6730015,-1595.5011594966054,-1169.5452540433034,364.8758593769744,175.31716017285362,right_blink
1761185218.6730015,-1515.953487439081,-1110.211741246283,387.30777931120247,235.06206196499988,right_blink
1761185218.6866052,-1483.1807441273704,-1068.1902253441513,402.9742202255875,265.35525160608813,right_blink
1761185218.6866052,-1559.975849817507,-1155.0007831156254,374.78659425955266,187.91314322361723,right_blink
1761185218.7022812,-1548.3896397547796,-1141.1257542800158,380.3627850934863,195.71457453118637,right_blink
1761185218.7022812,-1472.7987818503752,-1071.4663777053356,403.0864172242582,269.67483605491,right_blink
1761185218.7031796,-1539.0922484649345,-1125.4256542660296,379.4091106047854,211.59418974304572,right_blink
1761185218.7031796,-1566.8909248355776,-1155.2027377132326,358.37591325398535,186.98938793456182,right_blink
1761185218.7165124,-1481.520228547044,-1073.283969083801,390.90930296853185,253.4698495469056,right_blink
1761185218.7165124,-1510.695188101381,-1098.659190283157,397.5999839892611,237.07038824120536,right_blink
1761185218.732227,-1565.8923715474084,-1157.79074848257,376.1479178434238,183.05127328122035,right_blink
1761185218.732227,-1498.3796975472942,-1097.4661621972919,396.4780140025541,243.05048827035353,right_blink
1761185218.7329946,-1486.7523485850543,-1073.9795904755592,417.7468250505626,266.89983028778806,right_blink
1761185218.7329946,-1577.6655766079202,-1161.9345576334745,378.5077947154641,182.56882618693635,right_blink
1761185218.7465045,-1538.5275235716254,-1132.138774686493,377.09037263225764,208.3404767815955,right_blink
1761185218.7465045,-1474.515395930037,-1058.9751118533313,432.0257630813867,282.3755363044329,right_blink
1761185218.7622561,-1542.3160422267392,-1135.5570432459936,388.87479739263654,209.30911087011918,right_blink
1761185218.7622561,-1576.0013211276382,-1175.0316872783005,361.0873407218605,168.56290085287765,right_blink
1761185218.7630107,-1485.8846917953342,-1075.6887247553095,408.5242317598313,265.1832162081264,right_blink
1761185218.7630107,-1506.4055228522047,-1111.225254134275,384.76090744137764,235.28645596234128,right_blink
1761185218.7766414,-1579.4943876862526,-1173.2926337989047,361.648325715214,166.7303498745896,right_blink
1761185218.7766414,-1512.1948879836127,-1105.0731187071651,381.006047885865,231.8307884032838,right_blink
1761185218.792251,-1492.7586279138923,-1085.3264469411224,408.16894126404077,251.83177336631343,right_blink
1761185218.792251,-1573.2001360608265,-1168.1652309596539,386.4102033218369,170.78066152660176,right_blink
1761185218.7930067,-1548.4681776538491,-1152.1135803498328,385.7781602293253,192.38606357062235,right_blink
1761185218.7930067,-1465.2928026393056,-1052.4863854302093,413.25146530382335,282.4839934031479,right_blink
1761185218.806628,-1537.9927178779617,-1121.6520952107385,392.7007150473073,216.6393147832714,right_blink
1761185218.806628,-1578.0881853029132,-1182.8630377855152,372.9989220807329,165.3578065908514,right_blink
1761185218.8221881,-1480.4206979600713,-1089.3430994935334,395.2999455165118,262.112758344505,right_blink
1761185218.8221881,-1504.363537476398,-1102.1148578422144,402.7909651277587,247.11575952218845,right_blink
1761185218.8230157,-1582.0524792559445,-1186.1017911471426,389.6003379840404,171.48750261822715,right_blink
1761185218.8230157,-1521.3015443757176,-1123.5407446883619,384.71602864190936,226.48273146664724,right_blink
1761185218.8366015,-1469.1075005941093,-1061.873534318991,418.8201763378456,289.5935432189144,right_blink
1761185218.8366015,-1581.64857006073,-1180.562999312766,375.23912215419114,170.27577503258362,right_blink
1761185218.8522713,-1537.6224677823484,-1137.3222760250792,390.68116907123476,220.21091924095526,right_blink
1761185218.8522713,-1462.2447841754183,-1062.849648207426,395.6776754120365,258.7431084844284,right_blink
1761185218.8529654,-1548.0979275582358,-1149.8247615769506,375.78514754772186,158.92891856702045,right_blink
1761185218.8529654,-1599.0540644545108,-1209.2854309724644,387.9697416033596,149.15655998280272,right_blink
1761185218.866574,-1471.474857266061,-1093.2587747471407,436.62584002688527,269.2110884604044,right_blink
1761185218.866574,-1474.5677545294166,-1116.629409570247,434.3968596532941,249.59157329285517,right_blink
1761185218.882224,-1545.865207284689,-1223.5307099036872,409.7471790453419,152.62344724172726,right_blink
1761185218.882224,-1474.1227064346895,-1141.6456003738567,454.5212613148615,250.00670218793675,right_blink
1761185218.8830037,-1430.7361270487309,-1111.8011987274513,493.6406148513779,293.58775637159124,right_blink
1761185218.8830037,-1511.480567092076,-1215.815296295099,447.08260030299425,172.2467023092322,right_blink
1761185218.8965626,-1473.6028603408486,-1206.757258602418,467.86522435676306,212.97795272665098,right_blink
1761185218.8965626,-1390.7977354219183,-1111.8423376269639,506.6031080977991,299.8558286973275,right_blink
1761185218.912226,-1474.115226634778,-1215.2543113017455,482.6303493818268,215.50612509669736,right_blink
1761185218.912226,-1518.8556498046964,-1265.2081550098956,451.72007624804974,159.4225853611715,right_blink
1761185218.9129725,-1413.7719408497214,-1141.2603906784207,482.28253868594766,280.35973022831604,right_blink
1761185218.9129725,-1438.7731720535085,-1160.8238073466346,491.9277406716719,261.1852631554939,right_blink
1761185218.9265764,-1548.034349258989,-1270.4589745476842,465.68486268259585,156.41196589684114,right_blink
1761185218.9265764,-1451.8329026987776,-1179.28395352792,459.592565654777,239.08245441736653,right_blink
1761185218.9422667,-1415.6531105274335,-1137.722445320338,480.16949521098286,293.54287757212296,right_blink
1761185218.9422667,-1513.6945878658444,-1238.6025067251176,447.98017629235983,185.6579835503362,right_blink
1761185218.9429355,-1501.300559412688,-1224.0692554973066,441.4615306695923,189.99252759898081,right_blink
1761185218.9429355,-1418.6712097916752,-1122.6618681987748,469.9558284319937,289.69826041767374,right_blink
1761185218.9565525,-1490.675503638573,-1186.580498341471,475.49836016632617,233.7194378809072,right_blink
1761185218.9565525,-1520.5872234841809,-1230.8571739168838,433.70871806144714,189.39788350602612,right_blink
1761185218.9722583,-1415.9410828240216,-1131.293557296507,462.7827003169805,285.24777947040275,right_blink
1761185218.9722583,-1467.170232417062,-1155.247616512701,457.7338353767991,254.26270833751187,right_blink
1761185218.9729679,-1525.97641932033,-1224.4656848926097,420.3049166202545,197.6705422080122,right_blink
1761185218.9729679,-1448.609108936973,-1154.619313320145,442.4002455584705,257.08633280405775,right_blink
1761185218.9865952,-1432.5836376268417,-1116.640629270114,481.1231696996838,295.39786795014516,right_blink
1761185218.9865952,-1534.9297398142517,-1224.3983666934073,450.31013396475464,186.98564803460613,right_blink
